0.262295081967213
0.163934426229508
0.360655737704918
0.377049180327869
0.344262295081967
0.377049180327869
0.344262295081967
0.245901639344262
0.262295081967213
0.344262295081967
0.311475409836066
0.344262295081967
0.295081967213115
0.524590163934426
0.491803278688525
0.19672131147541
0.475409836065574
0.278688524590164
0.459016393442623
0.131147540983607
0.475409836065574
0.442622950819672
0.491803278688525
0.327868852459016
0.327868852459016
0.163934426229508
0.229508196721311
0.327868852459016
0.327868852459016
0.262295081967213
0.180327868852459
0.278688524590164
0.377049180327869
0.245901639344262
0.426229508196721
0.377049180327869
0.426229508196721
0.311475409836066
0.377049180327869
0.262295081967213
0.278688524590164
0.60655737704918
0.540983606557377
0.524590163934426
0.540983606557377
0.557377049180328
0.524590163934426
0.475409836065574
0.508196721311475
0.540983606557377
0.639344262295082
0.426229508196721
0.360655737704918
0.508196721311475
0.0327868852459016
0.229508196721311
0.0491803278688525
0.0491803278688525
0.0327868852459016
0.0163934426229508
0.0163934426229508
0.0327868852459016
