0.68710040149422,0.68710040149422,0.68710040149422,0.68710040149422,0.68710040149422,0.68710040149422,0.68710040149422,0.68710040149422,0.750821539323468,0.750821539323468,0.750821539323468,0.750821539323468,0.724142377837713,0.724142377837713,0.724142377837713,0.724142377837713,0.69052159118952,0.69052159118952,0.69052159118952,0.69052159118952
0.823399422919174,0.919797404138979,0.903731073935678,0.863565248427426,0.823399422919174,0.919797404138979,0.903731073935678,0.863565248427426,0.823399422919174,0.919797404138979,0.903731073935678,0.863565248427426,0.678802451089465,0.887664743732377,0.895697908834028,0.831432588020824,0.678802451089465,0.871598413529077,0.895697908834028,0.847498918224125
0.74702884099972,0.74702884099972,0.74702884099972,0.74702884099972,0.74702884099972,0.74702884099972,0.74702884099972,0.74702884099972,0.755922129430351,0.755922129430351,0.755922129430351,0.755922129430351,0.748399277548143,0.748399277548143,0.748399277548143,0.748399277548143,0.704772122944807,0.704772122944807,0.704772122944807,0.704772122944807
0.712229059499933,0.712229059499933,0.712229059499933,0.712229059499933,0.712229059499933,0.712229059499933,0.712229059499933,0.712229059499933,0.720510792749932,0.720510792749932,0.720510792749932,0.720510792749932,0.588199202255373,0.588199202255373,0.588199202255373,0.588199202255373,0.579549213986912,0.579549213986912,0.579549213986912,0.579549213986912
0.68187057809401,0.532317723190475,0.774596669241483,0.752730530449031,0.68187057809401,0.532317723190475,0.774596669241483,0.752730530449031,0.709316045004397,0.707842905210689,0.731020030532431,0.731020030532431,0.725811766981244,0.698400773926592,0.698400773926592,0.698400773926592,0.722806322324201,0.70549137101144,0.70549137101144,0.70549137101144
0.82502864732539,0.680503783567025,0.912205757735611,0.821583836257749,0.82502864732539,0.680503783567025,0.912205757735611,0.821583836257749,0.775940289798985,0.82502864732539,0.84886310298388,0.84886310298388,0.818416196238423,0.805118145188845,0.805118145188845,0.805118145188845,0.806668496607196,0.78171998640285,0.78171998640285,0.78171998640285
0.760263112349928,0.543665353375498,0.847392877475779,0.757764784665841,0.760263112349928,0.543665353375498,0.847392877475779,0.757764784665841,0.778100686265024,0.765912793103108,0.818202949729226,0.818202949729226,0.806652835289443,0.773336395320865,0.773336395320865,0.773336395320865,0.816240728608066,0.769866816569098,0.769866816569098,0.769866816569098
0.42174116783665,0.477973323548203,0.606503965174611,0.614537130276261,0.42174116783665,0.477973323548203,0.606503965174611,0.614537130276261,0.502072818853155,0.574371304768009,0.646669790682863,0.646669790682863,0.614537130276261,0.614537130276261,0.614537130276261,0.614537130276261,0.606503965174611,0.606503965174611,0.606503965174611,0.606503965174611
0.67628470029317,0.6764340508949,0.841574675168103,0.842749038221103,0.67628470029317,0.6764340508949,0.841574675168103,0.842749038221103,0.668136691855903,0.684260999001184,0.792787737477198,0.792787737477198,0.857836987731738,0.857836987731738,0.857836987731738,0.857836987731738,0.84970583144992,0.841574675168103,0.841574675168103,0.841574675168103
0.48280729143048,0.517398535766461,0.631470653888201,0.655914679200002,0.48280729143048,0.517398535766461,0.631470653888201,0.655914679200002,0.515264924467823,0.639618662325468,0.672210696074536,0.672210696074536,0.63698104835786,0.645095456617196,0.645095456617196,0.645095456617196,0.604523415320517,0.612637823579852,0.612637823579852,0.612637823579852
0.269111030905291,0.453873828243252,0.510105983954805,0.542238644361407,0.269111030905291,0.453873828243252,0.510105983954805,0.542238644361407,0.397641672531699,0.518139149056456,0.574371304768009,0.574371304768009,0.646669790682863,0.630603460479562,0.630603460479562,0.630603460479562,0.638636625581213,0.542238644361407,0.542238644361407,0.542238644361407
0.325343186616844,0.453873828243252,0.582404469869659,0.566338139666358,0.325343186616844,0.453873828243252,0.582404469869659,0.566338139666358,0.469940158446553,0.550271809463058,0.662736120886164,0.662736120886164,0.662736120886164,0.654702955784514,0.654702955784514,0.654702955784514,0.630603460479562,0.638636625581213,0.638636625581213,0.638636625581213
0.582404469869659,0.582404469869659,0.582404469869659,0.582404469869659,0.582404469869659,0.582404469869659,0.582404469869659,0.582404469869659,0.625127062996096,0.625127062996096,0.625127062996096,0.625127062996096,0.727001441699368,0.727001441699368,0.727001441699368,0.727001441699368,0.662736120886164,0.662736120886164,0.662736120886164,0.662736120886164
0.638636625581213,0.638636625581213,0.638636625581213,0.638636625581213,0.638636625581213,0.638636625581213,0.638636625581213,0.638636625581213,0.689656308208596,0.689656308208596,0.689656308208596,0.689656308208596,0.694868781292766,0.694868781292766,0.694868781292766,0.694868781292766,0.678802451089465,0.678802451089465,0.678802451089465,0.678802451089465
0.646669790682863,0.646669790682863,0.646669790682863,0.646669790682863,0.646669790682863,0.646669790682863,0.646669790682863,0.646669790682863,0.694868781292766,0.694868781292766,0.694868781292766,0.694868781292766,0.686835616191116,0.686835616191116,0.686835616191116,0.686835616191116,0.670769285987815,0.670769285987815,0.670769285987815,0.670769285987815
0.718968276597718,0.823399422919174,0.783233597410921,0.799299927614222,0.718968276597718,0.823399422919174,0.783233597410921,0.799299927614222,0.702901946394417,0.815366257817523,0.783233597410921,0.815366257817523,0.735034606801019,0.831432588020824,0.807333092715873,0.743067771902669,0.59043763497131,0.751100937004319,0.823399422919174,0.751100937004319
0.751100937004319,0.887664743732377,0.855532083325776,0.831432588020824,0.751100937004319,0.887664743732377,0.855532083325776,0.831432588020824,0.727001441699368,0.895697908834028,0.863565248427426,0.831432588020824,0.702901946394417,0.903731073935678,0.863565248427426,0.815366257817523,0.606503965174611,0.871598413529077,0.879631578630727,0.783233597410921
0.76716726720762,0.895697908834028,0.855532083325776,0.831432588020824,0.76716726720762,0.895697908834028,0.855532083325776,0.831432588020824,0.735034606801019,0.895697908834028,0.863565248427426,0.831432588020824,0.702901946394417,0.911764239037329,0.879631578630727,0.839465753122475,0.622570295377912,0.879631578630727,0.879631578630727,0.839465753122475
0.813791860387802,0.813791860387802,0.813791860387802,0.813791860387802,0.813791860387802,0.813791860387802,0.813791860387802,0.813791860387802,0.797596997494513,0.797596997494513,0.797596997494513,0.797596997494513,0.7383746895522,0.7383746895522,0.7383746895522,0.7383746895522,0.722146674397207,0.722146674397207,0.722146674397207,0.722146674397207
0.846181586174381,0.846181586174381,0.846181586174381,0.846181586174381,0.846181586174381,0.846181586174381,0.846181586174381,0.846181586174381,0.846181586174381,0.846181586174381,0.846181586174381,0.846181586174381,0.814746754451311,0.814746754451311,0.814746754451311,0.814746754451311,0.803286750172174,0.803286750172174,0.803286750172174,0.803286750172174
0.807404172861292,0.807404172861292,0.807404172861292,0.807404172861292,0.807404172861292,0.807404172861292,0.807404172861292,0.807404172861292,0.767090210177432,0.767090210177432,0.767090210177432,0.767090210177432,0.864783149612856,0.864783149612856,0.864783149612856,0.864783149612856,0.848389156255266,0.848389156255266,0.848389156255266,0.848389156255266
0.881816307401944,0.873651341592667,0.840991478355558,0.800166649309171,0.881816307401944,0.873651341592667,0.840991478355558,0.800166649309171,0.881816307401944,0.873651341592667,0.873651341592667,0.800166649309171,0.83282651254628,0.889981273211221,0.857321409974112,0.809323309567495,0.83282651254628,0.889981273211221,0.873651341592667,0.82575627016785
0.813433278773048,0.854124530403937,0.871037887441639,0.828754494847384,0.813433278773048,0.854124530403937,0.871037887441639,0.828754494847384,0.78647110225313,0.854124530403937,0.871037887441639,0.828754494847384,0.774271721209637,0.866093069948841,0.883414931347818,0.816306405321437,0.687274898601812,0.866093069948841,0.883414931347818,0.816306405321437
0.790304586670809,0.836619176985603,0.842802795587551,0.819189610798403,0.790304586670809,0.836619176985603,0.842802795587551,0.819189610798403,0.736724614693127,0.836619176985603,0.842802795587551,0.819189610798403,0.73805994198376,0.800244525649959,0.805532420311582,0.828947368421053,0.713591430945088,0.809236037174115,0.805532420311582,0.828947368421053
0.807383621803912,0.823612438322583,0.823612438322583,0.831726846581919,0.807383621803912,0.823612438322583,0.823612438322583,0.831726846581919,0.807383621803912,0.823612438322583,0.823612438322583,0.831726846581919,0.734353947469889,0.718125130951218,0.750582763988561,0.750582763988561,0.718125130951218,0.718125130951218,0.750582763988561,0.750582763988561
