0.7974522228289,0.7974522228289,0.7974522228289,0.7974522228289,0.7974522228289,0.7974522228289,0.7974522228289,0.7974522228289,0.836217261438638,0.836217261438638,0.836217261438638,0.836217261438638,0.821670888295588,0.821670888295588,0.821670888295588,0.821670888295588,0.804426690196195,0.804426690196195,0.804426690196195,0.804426690196195
0.906011410947691,0.918757175228315,0.90176282285415,0.886892764526755,0.906011410947691,0.918757175228315,0.90176282285415,0.886892764526755,0.889017058573526,0.910259999041232,0.884768470479984,0.878395588339672,0.859276941918736,0.90176282285415,0.910259999041232,0.895389940713838,0.816791060983323,0.87202270619936,0.87202270619936,0.848655471684883
0.831772176382942,0.831772176382942,0.831772176382942,0.831772176382942,0.831772176382942,0.831772176382942,0.831772176382942,0.831772176382942,0.842688591774159,0.842688591774159,0.842688591774159,0.842688591774159,0.833278078866094,0.833278078866094,0.833278078866094,0.833278078866094,0.791485187809529,0.791485187809529,0.791485187809529,0.791485187809529
0.723201673985864,0.723201673985864,0.723201673985864,0.723201673985864,0.723201673985864,0.723201673985864,0.723201673985864,0.723201673985864,0.731954493035617,0.731954493035617,0.731954493035617,0.731954493035617,0.752631205049055,0.752631205049055,0.752631205049055,0.752631205049055,0.651027247484625,0.651027247484625,0.651027247484625,0.651027247484625
0.798699040709679,0.802634102259873,0.798054921191099,0.898476434415339,0.798699040709679,0.802634102259873,0.798054921191099,0.898476434415339,0.800020297263333,0.800020297263333,0.795427672410497,0.896074677179763,0.7395966119977,0.7395966119977,0.7395966119977,0.7395966119977,0.791252951539899,0.739730199299839,0.739730199299839,0.740840713630155
0.828717259701337,0.828081837411478,0.843023206930768,0.864895340093018,0.828717259701337,0.828081837411478,0.843023206930768,0.864895340093018,0.825535664993852,0.825535664993852,0.840510904028303,0.862431478928032,0.844052211878594,0.844052211878594,0.844052211878594,0.844052211878594,0.836558826512455,0.747301000273148,0.747301000273148,0.747714216229675
0.820437696302377,0.809421841541756,0.819936162281429,0.877212931153316,0.820437696302377,0.809421841541756,0.819936162281429,0.877212931153316,0.809421841541756,0.809421841541756,0.819936162281429,0.877212931153316,0.805178508094331,0.805178508094331,0.805178508094331,0.805178508094331,0.842398253102223,0.746646727526109,0.746646727526109,0.747455224490132
0.782802356234992,0.784926650281763,0.750937945533432,0.748813651486661,0.782802356234992,0.784926650281763,0.750937945533432,0.748813651486661,0.77642947409468,0.77642947409468,0.74244076934635,0.74456506339312,0.780678062188222,0.780678062188222,0.780678062188222,0.780678062188222,0.784926650281763,0.774305180047909,0.774305180047909,0.772180886001139
0.889974076243855,0.889491312944843,0.886612528316338,0.891658161453844,0.889974076243855,0.889491312944843,0.886612528316338,0.891658161453844,0.880823918908839,0.880823918908839,0.87788817379416,0.88299076741784,0.883704004803224,0.883704004803224,0.883704004803224,0.883704004803224,0.888051871985528,0.872834336847465,0.872834336847465,0.877182204029769
0.774882998881685,0.77914059777664,0.753595004406914,0.774882998881685,0.774882998881685,0.77914059777664,0.753595004406914,0.774882998881685,0.763742131693369,0.763742131693369,0.738141836776273,0.768008847512885,0.71814702498382,0.71814702498382,0.71814702498382,0.71814702498382,0.706049226682014,0.676004578738099,0.676004578738099,0.676004578738099
0.770056591954368,0.746689357439891,0.738192181252808,0.736067887206037,0.770056591954368,0.746689357439891,0.738192181252808,0.736067887206037,0.704203476504477,0.704203476504477,0.695706300317395,0.689333418177083,0.774305180047909,0.774305180047909,0.774305180047909,0.774305180047909,0.729695005065725,0.721197828878643,0.721197828878643,0.710576358644789
0.77896559243269,0.787467263291437,0.723704731850834,0.783216427862063,0.77896559243269,0.787467263291437,0.723704731850834,0.783216427862063,0.774714757003316,0.774714757003316,0.717328478706774,0.774714757003316,0.742833491283015,0.742833491283015,0.742833491283015,0.742833491283015,0.768338503859256,0.755585997571135,0.755585997571135,0.751335162141762
0.748813651486661,0.748813651486661,0.748813651486661,0.748813651486661,0.748813651486661,0.748813651486661,0.748813651486661,0.748813651486661,0.755186533626974,0.755186533626974,0.755186533626974,0.755186533626974,0.784926650281763,0.784926650281763,0.784926650281763,0.784926650281763,0.772180886001139,0.772180886001139,0.772180886001139,0.772180886001139
0.750937945533432,0.750937945533432,0.750937945533432,0.750937945533432,0.750937945533432,0.750937945533432,0.750937945533432,0.750937945533432,0.755186533626974,0.755186533626974,0.755186533626974,0.755186533626974,0.757310827673744,0.757310827673744,0.757310827673744,0.757310827673744,0.740316475299579,0.740316475299579,0.740316475299579,0.740316475299579
0.74456506339312,0.74456506339312,0.74456506339312,0.74456506339312,0.74456506339312,0.74456506339312,0.74456506339312,0.74456506339312,0.763683709814056,0.763683709814056,0.763683709814056,0.763683709814056,0.795548120515616,0.795548120515616,0.795548120515616,0.795548120515616,0.765808003860827,0.765808003860827,0.765808003860827,0.765808003860827
0.884768470479984,0.886892764526755,0.880519882386443,0.865649824059048,0.884768470479984,0.886892764526755,0.880519882386443,0.865649824059048,0.87202270619936,0.891141352620296,0.882644176433214,0.861401235965507,0.825288237170406,0.867774118105819,0.882644176433214,0.876271294292902,0.787050944328534,0.852904059778424,0.87202270619936,0.874147000246131
0.891141352620296,0.882644176433214,0.880519882386443,0.842282589544571,0.891141352620296,0.882644176433214,0.880519882386443,0.842282589544571,0.884768470479984,0.889017058573526,0.876271294292902,0.850779765731654,0.867774118105819,0.882644176433214,0.884768470479984,0.867774118105819,0.829536825263947,0.859276941918736,0.86989841215259,0.857152647871966
0.895389940713838,0.90176282285415,0.893265646667067,0.861401235965507,0.895389940713838,0.90176282285415,0.893265646667067,0.861401235965507,0.87202270619936,0.882644176433214,0.878395588339672,0.852904059778424,0.86989841215259,0.884768470479984,0.895389940713838,0.889017058573526,0.818915355030094,0.855028353825195,0.861401235965507,0.855028353825195
0.921759388292433,0.921759388292433,0.921759388292433,0.921759388292433,0.921759388292433,0.921759388292433,0.921759388292433,0.921759388292433,0.921759388292433,0.921759388292433,0.921759388292433,0.921759388292433,0.905281614095797,0.905281614095797,0.905281614095797,0.905281614095797,0.905281614095797,0.905281614095797,0.905281614095797,0.905281614095797
0.909197690127714,0.909197690127714,0.909197690127714,0.909197690127714,0.909197690127714,0.909197690127714,0.909197690127714,0.909197690127714,0.909197690127714,0.909197690127714,0.909197690127714,0.909197690127714,0.896988975850154,0.896988975850154,0.896988975850154,0.896988975850154,0.896988975850154,0.896988975850154,0.896988975850154,0.896988975850154
0.879701541964623,0.879701541964623,0.879701541964623,0.879701541964623,0.879701541964623,0.879701541964623,0.879701541964623,0.879701541964623,0.879701541964623,0.879701541964623,0.879701541964623,0.879701541964623,0.846941467880077,0.846941467880077,0.846941467880077,0.846941467880077,0.842536050621923,0.842536050621923,0.842536050621923,0.842536050621923
0.898325059155061,0.898921539941287,0.902080816061419,0.881888429227036,0.898325059155061,0.898921539941287,0.902080816061419,0.881888429227036,0.891799695529238,0.885877938394376,0.889022951413967,0.873178420049485,0.825813857726734,0.832367935962661,0.82926944740578,0.836106020619193,0.817075086745499,0.823629164981426,0.82926944740578,0.836106020619193
0.904328604776398,0.914059385928191,0.92136053261519,0.864119609655286,0.904328604776398,0.914059385928191,0.92136053261519,0.864119609655286,0.87115165336374,0.882186829507282,0.89520152162941,0.85183666172552,0.822187464915608,0.871858683052786,0.869665468056211,0.865112245710367,0.808465281912844,0.850931419822323,0.852760693572729,0.840069522808225
0.851465419773058,0.857651339334016,0.873985621260443,0.878722670698169,0.851465419773058,0.857651339334016,0.873985621260443,0.878722670698169,0.829856389618078,0.838801859348653,0.855037423509539,0.888196769573621,0.853542031609046,0.87312102376059,0.867723178117622,0.869925441055861,0.8343343346952,0.860763402998084,0.849727353106922,0.852978907197136
0.570372951557925,0.668090477709376,0.697830594364165,0.710576358644789,0.570372951557925,0.668090477709376,0.697830594364165,0.710576358644789,0.678711947943229,0.74244076934635,0.755186533626974,0.74456506339312,0.673778765665223,0.709969094310748,0.722742151479757,0.731257522925763,0.381088193114999,0.389724752732336,0.387565612828001,0.378929053210664
