0.79804398230257,0.79804398230257,0.79804398230257,0.79804398230257,0.79804398230257,0.79804398230257,0.79804398230257,0.79804398230257,0.799454468755103,0.799454468755103,0.799454468755103,0.799454468755103,0.682602151470988,0.682602151470988,0.682602151470988,0.682602151470988,0.553145685379296,0.553145685379296,0.553145685379296,0.553145685379296
0.648103992230157,0.55714202840838,0.579882519363824,0.579882519363824,0.648103992230157,0.55714202840838,0.579882519363824,0.579882519363824,0.648103992230157,0.693584974141045,0.625363501274713,0.625363501274713,0.55714202840838,0.602623010319269,0.648103992230157,0.625363501274713,0.284256136943051,0.329737118853939,0.375218100764828,0.352477609809383
0.7340317845665,0.7340317845665,0.7340317845665,0.7340317845665,0.7340317845665,0.7340317845665,0.7340317845665,0.7340317845665,0.840127112397264,0.840127112397264,0.840127112397264,0.840127112397264,0.380020943953605,0.380020943953605,0.380020943953605,0.380020943953605,0.280533753747869,0.280533753747869,0.280533753747869,0.280533753747869
0.568398560058805,0.568398560058805,0.568398560058805,0.568398560058805,0.568398560058805,0.568398560058805,0.568398560058805,0.568398560058805,0.568398560058805,0.568398560058805,0.568398560058805,0.568398560058805,0.534522483824849,0.534522483824849,0.534522483824849,0.534522483824849,0.534522483824849,0.534522483824849,0.534522483824849,0.534522483824849
0.975900072948533,0.975900072948533,0.975900072948533,0.975900072948533,0.975900072948533,0.975900072948533,0.975900072948533,0.975900072948533,0.870388279778489,0.870388279778489,0.870388279778489,0.870388279778489,0.514265363862728,0.514265363862728,0.514265363862728,0.514265363862728,0.514265363862728,0.514265363862728,0.514265363862728,0.514265363862728
0.922304518097629,0.922304518097629,0.922304518097629,0.922304518097629,0.922304518097629,0.922304518097629,0.922304518097629,0.922304518097629,0.922304518097629,0.922304518097629,0.922304518097629,0.922304518097629,0.295976029358378,0.295976029358378,0.295976029358378,0.295976029358378,0.282419400619824,0.282419400619824,0.282419400619824,0.282419400619824
0.937525598779048,0.937525598779048,0.937525598779048,0.937525598779048,0.937525598779048,0.937525598779048,0.937525598779048,0.937525598779048,0.884678374641466,0.884678374641466,0.884678374641466,0.884678374641466,0.350324524872685,0.350324524872685,0.350324524872685,0.350324524872685,0.447377020901174,0.447377020901174,0.447377020901174,0.447377020901174
0.784546937962821,0.784546937962821,0.784546937962821,0.784546937962821,0.784546937962821,0.784546937962821,0.784546937962821,0.784546937962821,0.732014417394684,0.732014417394684,0.732014417394684,0.732014417394684,0.697429801853629,0.697429801853629,0.697429801853629,0.697429801853629,0.601971210257678,0.601971210257678,0.601971210257678,0.601971210257678
0.886370575834085,0.886370575834085,0.886370575834085,0.886370575834085,0.886370575834085,0.886370575834085,0.886370575834085,0.886370575834085,0.866433708691102,0.866433708691102,0.866433708691102,0.866433708691102,0.605405514596681,0.605405514596681,0.605405514596681,0.605405514596681,0.605405514596681,0.605405514596681,0.605405514596681,0.605405514596681
0.83581485659272,0.83581485659272,0.83581485659272,0.83581485659272,0.83581485659272,0.83581485659272,0.83581485659272,0.83581485659272,0.83581485659272,0.83581485659272,0.83581485659272,0.83581485659272,0.317331531208767,0.317331531208767,0.317331531208767,0.317331531208767,0.36083279807469,0.36083279807469,0.36083279807469,0.36083279807469
0.724904518975527,0.724904518975527,0.724904518975527,0.724904518975527,0.724904518975527,0.724904518975527,0.724904518975527,0.724904518975527,0.671429426825872,0.671429426825872,0.671429426825872,0.671429426825872,0.797500989208571,0.797500989208571,0.797500989208571,0.797500989208571,0.695853426046825,0.695853426046825,0.695853426046825,0.695853426046825
0.739065956051933,0.739065956051933,0.739065956051933,0.739065956051933,0.739065956051933,0.739065956051933,0.739065956051933,0.739065956051933,0.717734904538001,0.717734904538001,0.717734904538001,0.717734904538001,0.623461561715618,0.623461561715618,0.623461561715618,0.623461561715618,0.623461561715618,0.623461561715618,0.623461561715618,0.623461561715618
0.759647261351837,0.759647261351837,0.759647261351837,0.759647261351837,0.759647261351837,0.759647261351837,0.759647261351837,0.759647261351837,0.752617809006382,0.752617809006382,0.752617809006382,0.752617809006382,0.769577712390211,0.769577712390211,0.769577712390211,0.769577712390211,0.671429426825872,0.671429426825872,0.671429426825872,0.671429426825872
0.695853426046825,0.695853426046825,0.695853426046825,0.695853426046825,0.695853426046825,0.695853426046825,0.695853426046825,0.695853426046825,0.704832551291691,0.704832551291691,0.704832551291691,0.704832551291691,0.769577712390211,0.769577712390211,0.769577712390211,0.769577712390211,0.671429426825872,0.671429426825872,0.671429426825872,0.671429426825872
0.712169307517347,0.712169307517347,0.712169307517347,0.712169307517347,0.712169307517347,0.712169307517347,0.712169307517347,0.712169307517347,0.7091389668511,0.7091389668511,0.7091389668511,0.7091389668511,0.769577712390211,0.769577712390211,0.769577712390211,0.769577712390211,0.671429426825872,0.671429426825872,0.671429426825872,0.671429426825872
0.466180064586604,0.488920555542048,0.534401537452936,0.534401537452936,0.466180064586604,0.488920555542048,0.534401537452936,0.534401537452936,0.397958591720272,0.420699082675716,0.44343957363116,0.420699082675716,0.534401537452936,0.534401537452936,0.602623010319269,0.579882519363824,0.420699082675716,0.488920555542048,0.488920555542048,0.488920555542048
0.488920555542048,0.534401537452936,0.579882519363824,0.579882519363824,0.488920555542048,0.534401537452936,0.579882519363824,0.579882519363824,0.216034664076719,0.306996627898495,0.44343957363116,0.420699082675716,0.44343957363116,0.488920555542048,0.55714202840838,0.466180064586604,0.284256136943051,0.352477609809383,0.352477609809383,0.352477609809383
0.511661046497492,0.55714202840838,0.602623010319269,0.55714202840838,0.511661046497492,0.55714202840838,0.602623010319269,0.55714202840838,0.216034664076719,0.306996627898495,0.329737118853939,0.329737118853939,0.352477609809383,0.375218100764828,0.466180064586604,0.44343957363116,0.261515645987607,0.329737118853939,0.329737118853939,0.329737118853939
0.912785289986648,0.912785289986648,0.912785289986648,0.912785289986648,0.912785289986648,0.912785289986648,0.912785289986648,0.912785289986648,0.841601261243607,0.841601261243607,0.841601261243607,0.841601261243607,0.613035894650616,0.613035894650616,0.613035894650616,0.613035894650616,0.613035894650616,0.613035894650616,0.613035894650616,0.613035894650616
0.910326537343114,0.910326537343114,0.910326537343114,0.910326537343114,0.910326537343114,0.910326537343114,0.910326537343114,0.910326537343114,0.915246875377925,0.915246875377925,0.915246875377925,0.915246875377925,0.672134440333445,0.672134440333445,0.672134440333445,0.672134440333445,0.672134440333445,0.672134440333445,0.672134440333445,0.672134440333445
0.982194421870202,0.982194421870202,0.982194421870202,0.982194421870202,0.982194421870202,0.982194421870202,0.982194421870202,0.982194421870202,0.915246875377925,0.915246875377925,0.915246875377925,0.915246875377925,0.632312426356534,0.632312426356534,0.632312426356534,0.632312426356534,0.632312426356534,0.632312426356534,0.632312426356534,0.632312426356534
0.923481182099656,0.876123172761212,0.828765163422768,0.828765163422768,0.923481182099656,0.876123172761212,0.828765163422768,0.828765163422768,0.735794713240051,0.735794713240051,0.735794713240051,0.735794713240051,0.525954705740353,0.525954705740353,0.525954705740353,0.525954705740353,0.525954705740353,0.525954705740353,0.525954705740353,0.525954705740353
0.863033942673691,0.801192744802153,0.805086158753546,0.805086158753546,0.863033942673691,0.801192744802153,0.805086158753546,0.805086158753546,0.784043546895137,0.784043546895137,0.784043546895137,0.784043546895137,0.58131835897618,0.58131835897618,0.58131835897618,0.521669031664738,0.58131835897618,0.58131835897618,0.58131835897618,0.521669031664738
0.72373250482628,0.72220964241127,0.72220964241127,0.667660620668461,0.72373250482628,0.72220964241127,0.72220964241127,0.667660620668461,0.699608087998737,0.699608087998737,0.699608087998737,0.627234837516109,0.558512613575151,0.585287206257998,0.585287206257998,0.508945396746085,0.558512613575151,0.585287206257998,0.585287206257998,0.508945396746085
0.667063374030942,0.667063374030942,0.667063374030942,0.713067744653766,0.667063374030942,0.667063374030942,0.667063374030942,0.713067744653766,0.667063374030942,0.667063374030942,0.667063374030942,0.667063374030942,0.0710669054518702,0.0710669054518702,0.0710669054518702,0.0710669054518702,0.130311672828921,0.130311672828921,0.130311672828921,0.130311672828921
