0.632409552443496,0.632409552443496,0.632409552443496,0.632409552443496,0.68269929194425,0.68269929194425,0.68269929194425,0.68269929194425,0.822932804773648,0.822932804773648,0.822932804773648,0.822932804773648,0.748332274768261,0.748332274768261,0.748332274768261,0.748332274768261,0.654738839988336,0.654738839988336,0.654738839988336,0.654738839988336
0.734969422575083,0.773908199930054,0.783642894268797,0.764173505591311,0.773908199930054,0.832316365962511,0.803112282946283,0.764173505591311,0.773908199930054,0.851785754639997,0.803112282946283,0.764173505591311,0.783642894268797,0.773908199930054,0.7319250547114,0.696030645220111,0.764173505591311,0.696030645220111,0.653853048875517,0.540275535800226
0.634988664331231,0.634988664331231,0.634988664331231,0.634988664331231,0.767689441791276,0.767689441791276,0.767689441791276,0.767689441791276,0.836986132098041,0.836986132098041,0.836986132098041,0.836986132098041,0.658373485800642,0.658373485800642,0.658373485800642,0.658373485800642,0.558018411136873,0.558018411136873,0.558018411136873,0.558018411136873
0.855027115873227,0.855027115873227,0.855027115873227,0.855027115873227,0.897250677150917,0.897250677150917,0.897250677150917,0.897250677150917,0.918362457789763,0.918362457789763,0.918362457789763,0.918362457789763,0.833915335234382,0.833915335234382,0.833915335234382,0.833915335234382,0.720312004341422,0.720312004341422,0.720312004341422,0.720312004341422
0.859564628955468,0.859564628955468,0.859564628955468,0.859564628955468,0.829422037992471,0.829422037992471,0.829422037992471,0.829422037992471,0.939395736298667,0.939395736298667,0.939395736298667,0.939395736298667,0.981615769390742,0.981615769390742,0.981615769390742,0.981615769390742,0.934412169383923,0.934412169383923,0.934412169383923,0.934412169383923
0.797115161490227,0.797115161490227,0.797115161490227,0.797115161490227,0.815506154088565,0.815506154088565,0.815506154088565,0.815506154088565,0.871760564690331,0.871760564690331,0.871760564690331,0.871760564690331,0.863344683187417,0.863344683187417,0.863344683187417,0.863344683187417,0.700431898797434,0.700431898797434,0.700431898797434,0.700431898797434
0.805957626369443,0.805957626369443,0.805957626369443,0.805957626369443,0.79424275035939,0.79424275035939,0.79424275035939,0.79424275035939,0.89889970850704,0.89889970850704,0.89889970850704,0.89889970850704,0.916021196159389,0.916021196159389,0.916021196159389,0.916021196159389,0.848199487106545,0.848199487106545,0.848199487106545,0.848199487106545
0.512292652739612,0.512292652739612,0.512292652739612,0.512292652739612,0.551324473900726,0.551324473900726,0.551324473900726,0.551324473900726,0.717209713835457,0.717209713835457,0.717209713835457,0.717209713835457,0.697693803254901,0.697693803254901,0.697693803254901,0.697693803254901,0.678177892674344,0.678177892674344,0.678177892674344,0.678177892674344
0.963554735802821,0.963554735802821,0.963554735802821,0.963554735802821,0.963554735802821,0.963554735802821,0.963554735802821,0.963554735802821,0.963277978424046,0.963277978424046,0.963277978424046,0.963277978424046,0.94222272206505,0.94222272206505,0.94222272206505,0.94222272206505,0.963554735802821,0.963554735802821,0.963554735802821,0.963554735802821
0.675007900882631,0.675007900882631,0.675007900882631,0.675007900882631,0.691528793626824,0.691528793626824,0.691528793626824,0.691528793626824,0.721165741925117,0.721165741925117,0.721165741925117,0.721165741925117,0.642057883124103,0.642057883124103,0.642057883124103,0.642057883124103,0.526250664048808,0.526250664048808,0.526250664048808,0.526250664048808
0.514860551800432,0.514860551800432,0.514860551800432,0.514860551800432,0.511243266593918,0.511243266593918,0.511243266593918,0.511243266593918,0.694884871280411,0.694884871280411,0.694884871280411,0.694884871280411,0.678177892674344,0.678177892674344,0.678177892674344,0.678177892674344,0.648904026803509,0.648904026803509,0.648904026803509,0.648904026803509
0.588348405414552,0.588348405414552,0.588348405414552,0.588348405414552,0.588348405414552,0.588348405414552,0.588348405414552,0.588348405414552,0.696212279740553,0.696212279740553,0.696212279740553,0.696212279740553,0.704238182012342,0.704238182012342,0.704238182012342,0.704238182012342,0.594321638812745,0.594321638812745,0.594321638812745,0.594321638812745
0.586939185653422,0.586939185653422,0.586939185653422,0.586939185653422,0.583508625373823,0.583508625373823,0.583508625373823,0.583508625373823,0.743456301827668,0.743456301827668,0.743456301827668,0.743456301827668,0.756241534996571,0.756241534996571,0.756241534996571,0.756241534996571,0.717209713835457,0.717209713835457,0.717209713835457,0.717209713835457
0.658661982093787,0.658661982093787,0.658661982093787,0.658661982093787,0.697693803254901,0.697693803254901,0.697693803254901,0.697693803254901,0.775757445577127,0.775757445577127,0.775757445577127,0.775757445577127,0.765999490286849,0.765999490286849,0.765999490286849,0.765999490286849,0.687935847964622,0.687935847964622,0.687935847964622,0.687935847964622
0.639146071513231,0.639146071513231,0.639146071513231,0.639146071513231,0.678177892674344,0.678177892674344,0.678177892674344,0.678177892674344,0.795273356157684,0.795273356157684,0.795273356157684,0.795273356157684,0.746483579706292,0.746483579706292,0.746483579706292,0.746483579706292,0.668419937384066,0.668419937384066,0.668419937384066,0.668419937384066
0.783642894268797,0.734969422575083,0.72523472823634,0.686295950881369,0.79337758860754,0.744704116913826,0.734969422575083,0.686295950881369,0.832316365962511,0.832316365962511,0.734969422575083,0.72523472823634,0.764173505591311,0.842051060301254,0.72523472823634,0.676561256542626,0.705765339558854,0.696030645220111,0.637622479187655,0.588949007493941
0.812846977285025,0.734969422575083,0.72523472823634,0.666826562203883,0.832316365962511,0.734969422575083,0.72523472823634,0.666826562203883,0.832316365962511,0.803112282946283,0.715500033897597,0.705765339558854,0.764173505591311,0.803112282946283,0.705765339558854,0.647357173526397,0.647357173526397,0.520806147122741,0.472132675429027,0.41372450939657
0.812846977285025,0.744704116913826,0.72523472823634,0.666826562203883,0.812846977285025,0.744704116913826,0.72523472823634,0.666826562203883,0.822581671623768,0.812846977285025,0.754438811252568,0.72523472823634,0.764173505591311,0.79337758860754,0.72523472823634,0.65709186786514,0.637622479187655,0.501336758445255,0.403989815057827,0.374785732041599
0.923964081594479,0.923964081594479,0.923964081594479,0.923964081594479,0.923964081594479,0.923964081594479,0.923964081594479,0.923964081594479,0.919088247656983,0.919088247656983,0.919088247656983,0.919088247656983,0.937224157772535,0.937224157772535,0.937224157772535,0.937224157772535,0.926133364036776,0.926133364036776,0.926133364036776,0.926133364036776
0.928840728025648,0.928840728025648,0.928840728025648,0.928840728025648,0.960838784232021,0.960838784232021,0.960838784232021,0.960838784232021,0.97128268406063,0.97128268406063,0.97128268406063,0.97128268406063,0.895300228973499,0.895300228973499,0.895300228973499,0.895300228973499,0.895300228973499,0.895300228973499,0.895300228973499,0.895300228973499
0.876065686660554,0.876065686660554,0.876065686660554,0.876065686660554,0.86684368577454,0.86684368577454,0.86684368577454,0.86684368577454,0.919063184917585,0.919063184917585,0.919063184917585,0.919063184917585,0.937185619802669,0.937185619802669,0.937185619802669,0.937185619802669,0.937185619802669,0.937185619802669,0.937185619802669,0.937185619802669
0.845513390534777,0.875225835022599,0.852927087633488,0.85097774360842,0.860479659392425,0.875225835022599,0.860818922485906,0.819478966549822,0.845513390534777,0.852927087633488,0.852927087633488,0.841777713938933,0.753669311987194,0.819684142234247,0.797679198818563,0.797679198818563,0.753669311987194,0.841689085649932,0.841689085649932,0.797679198818563
0.917469804271967,0.950991834666766,0.883832235376067,0.842510243156432,0.94193566571922,0.954168596442846,0.883832235376067,0.842510243156432,0.893003942824715,0.947804480540862,0.872353894656897,0.842510243156432,0.820879832959423,0.865592715571677,0.810568831880044,0.764902982196662,0.820879832959423,0.86897929819921,0.810568831880044,0.764902982196662
0.896653356001831,0.963262697049563,0.926450109901172,0.938720972283969,0.954168596442846,0.963262697049563,0.926450109901172,0.938720972283969,0.914179247518375,0.923186182344995,0.932258631442267,0.938720972283969,0.905952841971578,0.963262697049563,0.893598633905916,0.792755580035158,0.909282276508899,0.963262697049563,0.888675187986921,0.792755580035158
0.975699332419217,0.975699332419217,0.975699332419217,0.975699332419217,0.975699332419217,0.975699332419217,0.975699332419217,0.975699332419217,0.980959205207313,0.980959205207313,0.980959205207313,0.980959205207313,0.98058067569092,0.98058067569092,0.98058067569092,0.98058067569092,0.98058067569092,0.98058067569092,0.98058067569092,0.98058067569092
