0.269426324557341,0.269426324557341,0.269426324557341,0.269426324557341,0.678240309602127,0.678240309602127,0.678240309602127,0.678240309602127,0.624061722974149,0.624061722974149,0.624061722974149,0.624061722974149,0.638939821613307,0.638939821613307,0.638939821613307,0.638939821613307,0.618448759207787,0.618448759207787,0.618448759207787,0.618448759207787
0.875782324620664,0.847607021951903,0.795952300392507,0.748993462611238,0.86639055706441,0.85230290573003,0.795952300392507,0.772472881501873,0.86639055706441,0.85230290573003,0.828823486839395,0.772472881501873,0.847607021951903,0.856998789508157,0.828823486839395,0.814735835505015,0.838215254395649,0.86639055706441,0.828823486839395,0.824127603061269
0.227211364730872,0.227211364730872,0.227211364730872,0.227211364730872,0.688244161631627,0.688244161631627,0.688244161631627,0.688244161631627,0.615212918450392,0.615212918450392,0.615212918450392,0.615212918450392,0.717092828294647,0.717092828294647,0.717092828294647,0.717092828294647,0.702074802295302,0.702074802295302,0.702074802295302,0.702074802295302
0.586095162204665,0.586095162204665,0.586095162204665,0.586095162204665,0.690500778143958,0.690500778143958,0.690500778143958,0.690500778143958,0.60325363392339,0.60325363392339,0.60325363392339,0.60325363392339,0.63238220094717,0.63238220094717,0.63238220094717,0.63238220094717,0.602739285277772,0.602739285277772,0.602739285277772,0.602739285277772
0.936502384669398,0.936502384669398,0.944139541071224,0.944139541071224,0.754705344336521,0.92094371799735,0.92094371799735,0.92094371799735,0.832862532099526,0.832862532099526,0.832862532099526,0.832862532099526,0.920416046728939,0.920416046728939,0.920416046728939,0.920416046728939,0.912998087805246,0.912998087805246,0.912998087805246,0.912998087805246
0.80039279890454,0.80039279890454,0.809250630178893,0.809250630178893,0.731669477118326,0.827345062350327,0.827345062350327,0.827345062350327,0.831755546165524,0.831755546165524,0.831755546165524,0.831755546165524,0.410350390042988,0.410350390042988,0.410350390042988,0.410350390042988,0.418319408359673,0.418319408359673,0.418319408359673,0.418319408359673
0.823298701462288,0.823298701462288,0.834089489352313,0.834089489352313,0.759887902008579,0.86890742436127,0.86890742436127,0.86890742436127,0.865761098672377,0.865761098672377,0.865761098672377,0.865761098672377,0.612464315430423,0.612464315430423,0.612464315430423,0.612464315430423,0.620204488785586,0.620204488785586,0.620204488785586,0.620204488785586
0.373322760361087,0.373322760361087,0.378018644139214,0.378018644139214,0.476632203479879,0.49071985481426,0.49071985481426,0.49071985481426,0.575245762820544,0.575245762820544,0.575245762820544,0.575245762820544,0.528286925039275,0.528286925039275,0.528286925039275,0.528286925039275,0.486023971036133,0.486023971036133,0.486023971036133,0.486023971036133
0.881796583915473,0.881796583915473,0.900914125030172,0.900914125030172,0.837406847941708,0.890043849812329,0.890043849812329,0.890043849812329,0.902715989044887,0.902715989044887,0.902715989044887,0.902715989044887,0.852530454647005,0.852530454647005,0.852530454647005,0.852530454647005,0.86740017187922,0.86740017187922,0.86740017187922,0.86740017187922
0.720370169843335,0.720370169843335,0.720370169843335,0.720370169843335,0.710922692206046,0.781778774485718,0.781778774485718,0.781778774485718,0.786502513304363,0.786502513304363,0.786502513304363,0.786502513304363,0.388775492365418,0.388775492365418,0.388775492365418,0.388775492365418,0.37537472036267,0.37537472036267,0.37537472036267,0.37537472036267
0.20427094434852,0.20427094434852,0.20427094434852,0.20427094434852,0.486023971036133,0.476632203479879,0.476632203479879,0.476632203479879,0.518895157483021,0.518895157483021,0.518895157483021,0.518895157483021,0.589333414154924,0.589333414154924,0.589333414154924,0.589333414154924,0.56585399526429,0.56585399526429,0.56585399526429,0.56585399526429
0.434369249476737,0.434369249476737,0.439065133254864,0.439065133254864,0.49071985481426,0.551766343929909,0.551766343929909,0.551766343929909,0.617508716823685,0.617508716823685,0.617508716823685,0.617508716823685,0.518895157483021,0.518895157483021,0.518895157483021,0.518895157483021,0.500111622370513,0.500111622370513,0.500111622370513,0.500111622370513
0.115049152564109,0.115049152564109,0.115049152564109,0.115049152564109,0.467240435923625,0.467240435923625,0.467240435923625,0.467240435923625,0.509503389926767,0.509503389926767,0.509503389926767,0.509503389926767,0.64098813571432,0.64098813571432,0.64098813571432,0.64098813571432,0.626900484379939,0.626900484379939,0.626900484379939,0.626900484379939
0.199575060570393,0.199575060570393,0.199575060570393,0.199575060570393,0.523591041261148,0.523591041261148,0.523591041261148,0.523591041261148,0.56585399526429,0.56585399526429,0.56585399526429,0.56585399526429,0.669163438383081,0.669163438383081,0.669163438383081,0.669163438383081,0.64098813571432,0.64098813571432,0.64098813571432,0.64098813571432
0.223054479461027,0.223054479461027,0.223054479461027,0.223054479461027,0.537678692595528,0.537678692595528,0.537678692595528,0.537678692595528,0.57994164659867,0.57994164659867,0.57994164659867,0.57994164659867,0.664467554604954,0.664467554604954,0.664467554604954,0.664467554604954,0.631596368158066,0.631596368158066,0.631596368158066,0.631596368158066
0.758385230167492,0.734905811276858,0.673859322161208,0.612812833045559,0.763081113945619,0.77716876528,0.720818159942477,0.612812833045559,0.730209927498731,0.763081113945619,0.71612227616435,0.626900484379939,0.697338741051843,0.753689346389365,0.626900484379939,0.598725181711178,0.673859322161208,0.744297578833111,0.631596368158066,0.594029297933051
0.79125641661438,0.786560532836253,0.711426392386223,0.673859322161208,0.781864649058127,0.795952300392507,0.71612227616435,0.683251089717462,0.758385230167492,0.819431719283142,0.71612227616435,0.673859322161208,0.734905811276858,0.772472881501873,0.645684019492447,0.608116949267432,0.71612227616435,0.77716876528,0.678555205939335,0.636292251936193
0.814735835505015,0.805344067948761,0.758385230167492,0.720818159942477,0.810039951726888,0.810039951726888,0.767776997723746,0.720818159942477,0.767776997723746,0.833519370617522,0.767776997723746,0.720818159942477,0.763081113945619,0.824127603061269,0.753689346389365,0.673859322161208,0.753689346389365,0.824127603061269,0.763081113945619,0.669163438383081
0.826447472542936,0.826447472542936,0.826447472542936,0.826447472542936,0.8616365299815,0.8616365299815,0.8616365299815,0.8616365299815,0.753321055033817,0.753321055033817,0.753321055033817,0.753321055033817,0.701563294867214,0.701563294867214,0.701563294867214,0.701563294867214,0.696534167305442,0.696534167305442,0.696534167305442,0.696534167305442
0.734813022208781,0.734813022208781,0.734813022208781,0.734813022208781,0.832994872475189,0.832994872475189,0.832994872475189,0.832994872475189,0.715178216804257,0.715178216804257,0.715178216804257,0.715178216804257,0.640355952686201,0.640355952686201,0.640355952686201,0.640355952686201,0.638699200345063,0.638699200345063,0.638699200345063,0.638699200345063
0.771517938016906,0.771517938016906,0.771517938016906,0.771517938016906,0.844163538025171,0.844163538025171,0.844163538025171,0.844163538025171,0.782316799471927,0.782316799471927,0.782316799471927,0.782316799471927,0.706581996459349,0.706581996459349,0.706581996459349,0.706581996459349,0.703116604640773,0.703116604640773,0.703116604640773,0.703116604640773
0.776951022677862,0.838351407448757,0.822807706795069,0.791120342240377,0.843753523837237,0.827536486719178,0.814735874844567,0.7816741291987,0.767504809636186,0.824182087886243,0.797410880968585,0.780248687478082,0.810167941246292,0.737145929848725,0.709945510076964,0.705164732231328,0.805345513024588,0.722785944202322,0.692526032350971,0.695603176540056
0.775570545084341,0.765629118118133,0.695269627455507,0.684384677547394,0.811023695068316,0.749456704748451,0.690621172768487,0.677926477477249,0.769241344531313,0.728604472607483,0.69050750671951,0.685745385983513,0.765294570571267,0.748652460247893,0.63164402244746,0.591688480342334,0.75548310171779,0.767910401347517,0.642776421348585,0.593133387207742
0.710319715824374,0.704602549711795,0.623633883342175,0.630823815886767,0.738432494657463,0.706310679611651,0.630048371443819,0.629275779649294,0.712704961619669,0.688566515020436,0.654503153853347,0.643783225941446,0.800107177541451,0.704337425624514,0.599553844006537,0.586538831791843,0.769819208675529,0.723970524596626,0.602761201692986,0.581344274116933
0.952364952626369,0.952364952626369,0.952364952626369,0.952364952626369,0.938284631921879,0.938284631921879,0.938284631921879,0.938284631921879,0.928228387315928,0.928228387315928,0.928228387315928,0.928228387315928,0.86637910010459,0.86637910010459,0.86637910010459,0.86637910010459,0.86637910010459,0.86637910010459,0.86637910010459,0.86637910010459
