0.65281319612119,0.65281319612119,0.65281319612119,0.65281319612119,0.692481106143073,0.692481106143073,0.692481106143073,0.692481106143073,0.734695907091368,0.734695907091368,0.734695907091368,0.734695907091368,0.702326070692827,0.702326070692827,0.702326070692827,0.702326070692827,0.664017375927764,0.664017375927764,0.664017375927764,0.664017375927764
0.789086581378853,0.818105324116972,0.802479847257985,0.800247636278129,0.793551003338564,0.818105324116972,0.802479847257985,0.800247636278129,0.793551003338564,0.818105324116972,0.806944269217695,0.813640902157261,0.677476032386087,0.764532260600444,0.775693315499721,0.773461104519866,0.677476032386087,0.760067838640734,0.77122889354001,0.786854370398998
0.646995769385787,0.646995769385787,0.646995769385787,0.646995769385787,0.685867486663194,0.685867486663194,0.685867486663194,0.685867486663194,0.732798075720103,0.732798075720103,0.732798075720103,0.732798075720103,0.733700645075386,0.733700645075386,0.733700645075386,0.733700645075386,0.693260452039735,0.693260452039735,0.693260452039735,0.693260452039735
0.579431394334774,0.579431394334774,0.579431394334774,0.579431394334774,0.630886691901183,0.630886691901183,0.630886691901183,0.630886691901183,0.646546999856177,0.646546999856177,0.646546999856177,0.646546999856177,0.359183711363331,0.359183711363331,0.359183711363331,0.359183711363331,0.361493574458915,0.361493574458915,0.361493574458915,0.361493574458915
0.83937994248326,0.83937994248326,0.83937994248326,0.83937994248326,0.836761047311169,0.836761047311169,0.836761047311169,0.836761047311169,0.83653907812035,0.83653907812035,0.83653907812035,0.83653907812035,0.759380685778945,0.759380685778945,0.759380685778945,0.759380685778945,0.759380685778945,0.759380685778945,0.759380685778945,0.759380685778945
0.716730970628597,0.716730970628597,0.716730970628597,0.716730970628597,0.691751479736549,0.691751479736549,0.691751479736549,0.691751479736549,0.688128147632354,0.688128147632354,0.688128147632354,0.688128147632354,0.588915150058583,0.588915150058583,0.588915150058583,0.588915150058583,0.585248890018087,0.585248890018087,0.585248890018087,0.585248890018087
0.813725280909618,0.813725280909618,0.813725280909618,0.813725280909618,0.809441964992099,0.809441964992099,0.809441964992099,0.809441964992099,0.811225996125718,0.811225996125718,0.811225996125718,0.811225996125718,0.682963456575013,0.682963456575013,0.682963456575013,0.682963456575013,0.679844885685732,0.679844885685732,0.679844885685732,0.679844885685732
0.668547188466666,0.668547188466666,0.668547188466666,0.668547188466666,0.686404876305509,0.686404876305509,0.686404876305509,0.686404876305509,0.675243821406232,0.675243821406232,0.675243821406232,0.675243821406232,0.585955382212019,0.585955382212019,0.585955382212019,0.585955382212019,0.565865483393322,0.565865483393322,0.565865483393322,0.565865483393322
0.899849169134681,0.899849169134681,0.899849169134681,0.899849169134681,0.904326030672665,0.904326030672665,0.904326030672665,0.904326030672665,0.878198345613819,0.878198345613819,0.878198345613819,0.878198345613819,0.858647658352511,0.858647658352511,0.858647658352511,0.858647658352511,0.858647658352511,0.858647658352511,0.858647658352511,0.858647658352511
0.71913017627887,0.71913017627887,0.71913017627887,0.71913017627887,0.712388330876256,0.712388330876256,0.712388330876256,0.712388330876256,0.730366585283228,0.730366585283228,0.730366585283228,0.730366585283228,0.584956861022191,0.584956861022191,0.584956861022191,0.584956861022191,0.565996174334815,0.565996174334815,0.565996174334815,0.565996174334815
0.639528445728547,0.639528445728547,0.639528445728547,0.639528445728547,0.659618344547245,0.659618344547245,0.659618344547245,0.659618344547245,0.652921711607679,0.652921711607679,0.652921711607679,0.652921711607679,0.572562116332888,0.572562116332888,0.572562116332888,0.572562116332888,0.543543373594769,0.543543373594769,0.543543373594769,0.543543373594769
0.670779399446521,0.670779399446521,0.670779399446521,0.670779399446521,0.675243821406232,0.675243821406232,0.675243821406232,0.675243821406232,0.681940454345798,0.681940454345798,0.681940454345798,0.681940454345798,0.608277492010573,0.608277492010573,0.608277492010573,0.608277492010573,0.588187593191875,0.588187593191875,0.588187593191875,0.588187593191875
0.597116437111296,0.597116437111296,0.597116437111296,0.597116437111296,0.621670757889704,0.621670757889704,0.621670757889704,0.621670757889704,0.681940454345798,0.681940454345798,0.681940454345798,0.681940454345798,0.594884226131441,0.594884226131441,0.594884226131441,0.594884226131441,0.568097694373177,0.568097694373177,0.568097694373177,0.568097694373177
0.62836739082927,0.62836739082927,0.62836739082927,0.62836739082927,0.648457289647968,0.648457289647968,0.648457289647968,0.648457289647968,0.706494775124206,0.706494775124206,0.706494775124206,0.706494775124206,0.686404876305509,0.686404876305509,0.686404876305509,0.686404876305509,0.639528445728547,0.639528445728547,0.639528445728547,0.639528445728547
0.62390296886956,0.62390296886956,0.62390296886956,0.62390296886956,0.639528445728547,0.639528445728547,0.639528445728547,0.639528445728547,0.708726986104062,0.708726986104062,0.708726986104062,0.708726986104062,0.690869298265219,0.690869298265219,0.690869298265219,0.690869298265219,0.655153922587534,0.655153922587534,0.655153922587534,0.655153922587534
0.833730800975959,0.798015425298274,0.739977939822036,0.737745728842181,0.833730800975959,0.798015425298274,0.746674572761602,0.737745728842181,0.813640902157261,0.795783214318419,0.77122889354001,0.753371205701168,0.635064023768836,0.630599601809126,0.630599601809126,0.619438546909849,0.632831812788981,0.632831812788981,0.62836739082927,0.632831812788981
0.813640902157261,0.780157737459432,0.753371205701168,0.73328130688247,0.818105324116972,0.780157737459432,0.753371205701168,0.73328130688247,0.80471205823784,0.780157737459432,0.737745728842181,0.748906783741457,0.650689500627823,0.648457289647968,0.648457289647968,0.643992867688258,0.643992867688258,0.655153922587534,0.648457289647968,0.648457289647968
0.811408691177406,0.782389948439287,0.748906783741457,0.753371205701168,0.811408691177406,0.782389948439287,0.748906783741457,0.753371205701168,0.798015425298274,0.773461104519866,0.735513517862325,0.753371205701168,0.65738613356739,0.668547188466666,0.668547188466666,0.659618344547245,0.652921711607679,0.668547188466666,0.668547188466666,0.659618344547245
0.886906993790876,0.886906993790876,0.886906993790876,0.886906993790876,0.886906993790876,0.886906993790876,0.886906993790876,0.886906993790876,0.871937082172577,0.871937082172577,0.871937082172577,0.871937082172577,0.792348183737011,0.792348183737011,0.792348183737011,0.792348183737011,0.794724040359911,0.794724040359911,0.794724040359911,0.794724040359911
0.854264921126274,0.854264921126274,0.854264921126274,0.854264921126274,0.83632759994777,0.83632759994777,0.83632759994777,0.83632759994777,0.859412149740247,0.859412149740247,0.859412149740247,0.859412149740247,0.822173524902253,0.822173524902253,0.822173524902253,0.822173524902253,0.817455168948725,0.817455168948725,0.817455168948725,0.817455168948725
0.872151233153052,0.872151233153052,0.872151233153052,0.872151233153052,0.882168814086219,0.882168814086219,0.882168814086219,0.882168814086219,0.806939730391693,0.806939730391693,0.806939730391693,0.806939730391693,0.786123576591829,0.786123576591829,0.786123576591829,0.786123576591829,0.787846498347947,0.787846498347947,0.787846498347947,0.787846498347947
0.84663935425118,0.862232088507403,0.835977664654597,0.795933083202421,0.84825332416054,0.862232088507403,0.835977664654597,0.795933083202421,0.837584387895552,0.852139957681964,0.821738196773204,0.791410736138771,0.809706924981804,0.793535887963622,0.780169054692392,0.742235586440488,0.805086628690895,0.791225739818168,0.775586563915932,0.749839499254892
0.871224192390566,0.855294436902809,0.837385389859891,0.741462888731864,0.871224192390566,0.855294436902809,0.837385389859891,0.741462888731864,0.847839798251072,0.86586276182883,0.824793128358239,0.748143037759671,0.785808721887547,0.796369464380158,0.808871339802138,0.73730758770886,0.78082736707368,0.78784449918986,0.800955665049924,0.73730758770886
0.800794351415111,0.783761664412088,0.777205439671227,0.804315595241158,0.800794351415111,0.783761664412088,0.777205439671227,0.804315595241158,0.826356146135755,0.822465826001665,0.77884138090375,0.804315595241158,0.825136169592579,0.835978835978836,0.833333333333333,0.815060156339608,0.824691718640328,0.826719576719577,0.830687830687831,0.818543764347286
0.655153922587534,0.668547188466666,0.6618505555271,0.673011610426377,0.655153922587534,0.668547188466666,0.648457289647968,0.673011610426377,0.65738613356739,0.673011610426377,0.666314977486811,0.668547188466666,0.546005643836378,0.572913519507986,0.57515584248062,0.56394422761745,0.546005643836378,0.568428873562718,0.570671196535352,0.554974935726914
