0.566666666666667,0.566666666666667,0.566666666666667,0.566666666666667,0.666708752880317,0.666708752880317,0.666708752880317,0.666708752880317,0.77746025264604,0.77746025264604,0.77746025264604,0.77746025264604,0.753689215392068,0.753689215392068,0.753689215392068,0.753689215392068,0.575449745864615,0.575449745864615,0.575449745864615,0.575449745864615
0.780429912196692,0.800877857494422,0.787245893962602,0.780429912196692,0.814509821026241,0.800877857494422,0.787245893962602,0.780429912196692,0.766797948664872,0.766797948664872,0.773613930430782,0.780429912196692,0.637294295112582,0.671374203942132,0.671374203942132,0.698638131005772,0.475369969799455,0.616846349814852,0.616846349814852,0.637294295112582
0.625476841075094,0.625476841075094,0.625476841075094,0.625476841075094,0.656094374264741,0.656094374264741,0.656094374264741,0.656094374264741,0.708709195398768,0.708709195398768,0.708709195398768,0.708709195398768,0.57976323878674,0.57976323878674,0.57976323878674,0.57976323878674,0.50368708429258,0.50368708429258,0.50368708429258,0.50368708429258
0.790159120360861,0.790159120360861,0.790159120360861,0.790159120360861,0.698763246303706,0.698763246303706,0.698763246303706,0.698763246303706,0.768639570934077,0.768639570934077,0.768639570934077,0.768639570934077,0.733701408618892,0.733701408618892,0.733701408618892,0.733701408618892,0.616193052176848,0.616193052176848,0.616193052176848,0.616193052176848
0.781915999992388,0.781915999992388,0.781915999992388,0.781915999992388,0.781915999992388,0.781915999992388,0.781915999992388,0.781915999992388,0.845641630376065,0.845641630376065,0.845641630376065,0.845641630376065,0.621135002842596,0.621135002842596,0.621135002842596,0.621135002842596,0.605305509316942,0.605305509316942,0.605305509316942,0.605305509316942
0.776687053394866,0.776687053394866,0.776687053394866,0.776687053394866,0.752645967966209,0.752645967966209,0.752645967966209,0.752645967966209,0.765543852323027,0.765543852323027,0.765543852323027,0.765543852323027,0.776930067343784,0.776930067343784,0.776930067343784,0.776930067343784,0.641473307446851,0.641473307446851,0.641473307446851,0.641473307446851
0.670329608845804,0.670329608845804,0.670329608845804,0.670329608845804,0.665728872822052,0.665728872822052,0.665728872822052,0.665728872822052,0.753737579512129,0.753737579512129,0.753737579512129,0.753737579512129,0.637770048385744,0.637770048385744,0.637770048385744,0.637770048385744,0.600455320737424,0.600455320737424,0.600455320737424,0.600455320737424
0.399401157551953,0.399401157551953,0.399401157551953,0.399401157551953,0.508639080984966,0.508639080984966,0.508639080984966,0.508639080984966,0.549603302272346,0.549603302272346,0.549603302272346,0.549603302272346,0.554960394908709,0.554960394908709,0.554960394908709,0.554960394908709,0.461471250749588,0.461471250749588,0.461471250749588,0.461471250749588
0.731960579880314,0.731960579880314,0.731960579880314,0.731960579880314,0.78244061987206,0.78244061987206,0.78244061987206,0.78244061987206,0.825811049677084,0.825811049677084,0.825811049677084,0.825811049677084,0.756422640821938,0.756422640821938,0.756422640821938,0.756422640821938,0.784055608739299,0.784055608739299,0.784055608739299,0.784055608739299
0.817251547876746,0.817251547876746,0.817251547876746,0.817251547876746,0.791639094840377,0.791639094840377,0.791639094840377,0.791639094840377,0.718339178651453,0.718339178651453,0.718339178651453,0.718339178651453,0.677919219439238,0.677919219439238,0.677919219439238,0.677919219439238,0.557031137319327,0.557031137319327,0.557031137319327,0.557031137319327
0.239375351640055,0.239375351640055,0.239375351640055,0.239375351640055,0.45402011926846,0.45402011926846,0.45402011926846,0.45402011926846,0.494160158820355,0.494160158820355,0.494160158820355,0.494160158820355,0.714511508444963,0.714511508444963,0.714511508444963,0.714511508444963,0.578560971089035,0.578560971089035,0.578560971089035,0.578560971089035
0.487222238934947,0.487222238934947,0.487222238934947,0.487222238934947,0.544026045532619,0.544026045532619,0.544026045532619,0.544026045532619,0.523366828613659,0.523366828613659,0.523366828613659,0.523366828613659,0.535165107730279,0.535165107730279,0.535165107730279,0.535165107730279,0.467009615693499,0.467009615693499,0.467009615693499,0.467009615693499
0.512947182085831,0.512947182085831,0.512947182085831,0.512947182085831,0.52662577360812,0.52662577360812,0.52662577360812,0.52662577360812,0.601858026980709,0.601858026980709,0.601858026980709,0.601858026980709,0.696524117565113,0.696524117565113,0.696524117565113,0.696524117565113,0.582087189992947,0.582087189992947,0.582087189992947,0.582087189992947
0.553982956652698,0.553982956652698,0.553982956652698,0.553982956652698,0.615536618502997,0.615536618502997,0.615536618502997,0.615536618502997,0.656572393069864,0.656572393069864,0.656572393069864,0.656572393069864,0.606111493521846,0.606111493521846,0.606111493521846,0.606111493521846,0.478653340608761,0.478653340608761,0.478653340608761,0.478653340608761
0.560822252413842,0.560822252413842,0.560822252413842,0.560822252413842,0.608697322741853,0.608697322741853,0.608697322741853,0.608697322741853,0.656572393069864,0.656572393069864,0.656572393069864,0.656572393069864,0.557898079264427,0.557898079264427,0.557898079264427,0.557898079264427,0.385707314059357,0.385707314059357,0.385707314059357,0.385707314059357
0.787245893962602,0.766797948664872,0.753165985133052,0.725902058069412,0.794061875728512,0.780429912196692,0.753165985133052,0.725902058069412,0.841773748089881,0.821325802792151,0.800877857494422,0.759981966898962,0.685006167473952,0.746350003367142,0.650926258644402,0.610030368048942,0.535054568623933,0.630478313346672,0.616846349814852,0.603214386283032
0.828141784558061,0.800877857494422,0.807693839260331,0.732718039835322,0.848589729855791,0.807693839260331,0.739534021601232,0.732718039835322,0.821325802792151,0.739534021601232,0.732718039835322,0.753165985133052,0.603214386283032,0.712270094537592,0.725902058069412,0.691822149239862,0.582766440985303,0.719086076303502,0.719086076303502,0.657742240410312
0.841773748089881,0.834957766323971,0.759981966898962,0.766797948664872,0.848589729855791,0.766797948664872,0.766797948664872,0.766797948664872,0.807693839260331,0.759981966898962,0.766797948664872,0.705454112771682,0.596398404517122,0.678190185708042,0.705454112771682,0.705454112771682,0.562318495687573,0.657742240410312,0.712270094537592,0.657742240410312
0.860851549774757,0.860851549774757,0.860851549774757,0.860851549774757,0.869177517106575,0.869177517106575,0.869177517106575,0.869177517106575,0.88228353856583,0.88228353856583,0.88228353856583,0.88228353856583,0.733648647300819,0.733648647300819,0.733648647300819,0.733648647300819,0.794418717711969,0.794418717711969,0.794418717711969,0.794418717711969
0.863888072606427,0.863888072606427,0.863888072606427,0.863888072606427,0.863888072606427,0.863888072606427,0.863888072606427,0.863888072606427,0.84340891567724,0.84340891567724,0.84340891567724,0.84340891567724,0.626894429581424,0.626894429581424,0.626894429581424,0.626894429581424,0.697765893547274,0.697765893547274,0.697765893547274,0.697765893547274
0.914799309340563,0.914799309340563,0.914799309340563,0.914799309340563,0.914799309340563,0.914799309340563,0.914799309340563,0.914799309340563,0.804683669830212,0.804683669830212,0.804683669830212,0.804683669830212,0.658702969519582,0.658702969519582,0.658702969519582,0.658702969519582,0.671005730269912,0.671005730269912,0.671005730269912,0.671005730269912
0.862936647089387,0.818301992929591,0.821867087761145,0.821867087761145,0.862936647089387,0.818301992929591,0.821867087761145,0.821867087761145,0.855497538062754,0.743910902663264,0.749135487074318,0.749135487074318,0.723488629362682,0.634898184950925,0.654567582464055,0.661857566250125,0.753018777499934,0.738253703431308,0.780394203906335,0.749550766254971
0.805409577040574,0.812972108280391,0.767596920841486,0.820534639520209,0.805409577040574,0.812972108280391,0.767596920841486,0.820534639520209,0.850784764479479,0.812972108280391,0.797847045800756,0.820534639520209,0.752471858361851,0.661721483484039,0.67187313083171,0.684409077203492,0.674330662048797,0.72222173340258,0.732607425144181,0.744909327122033
0.746242164062205,0.809183881932009,0.749174364607508,0.786282451311291,0.769321818620829,0.809183881932009,0.763381020690574,0.786282451311291,0.861640436855329,0.839719122759631,0.773997491284033,0.786282451311291,0.735680783794725,0.618338626759365,0.618338626759365,0.625972436966271,0.687785631442666,0.679409108414611,0.679409108414611,0.687042918621517
0.863953569706914,0.863953569706914,0.863953569706914,0.863953569706914,0.827652999551161,0.827652999551161,0.827652999551161,0.827652999551161,0.863953569706914,0.863953569706914,0.863953569706914,0.863953569706914,0.79697017132765,0.79697017132765,0.79697017132765,0.79697017132765,0.79697017132765,0.79697017132765,0.79697017132765,0.79697017132765
