0.707090899176748,0.707090899176748,0.707090899176748,0.707090899176748,0.784167158328716,0.784167158328716,0.784167158328716,0.784167158328716,0.685806697542744,0.685806697542744,0.685806697542744,0.685806697542744,0.389696209492117,0.389696209492117,0.389696209492117,0.389696209492117,0.242634679818913,0.242634679818913,0.242634679818913,0.242634679818913
0.682295965485889,0.844302313455141,0.81937825992141,0.806916233154544,0.70722001901962,0.850533326838573,0.838071300071708,0.81937825992141,0.66360292533559,0.844302313455141,0.856764340222006,0.806916233154544,0.582599751350964,0.66360292533559,0.694757992252754,0.669833938719023,0.563906711200666,0.607523804884695,0.607523804884695,0.644909885185292
0.658217233446263,0.658217233446263,0.658217233446263,0.658217233446263,0.671017052600171,0.671017052600171,0.671017052600171,0.671017052600171,0.725597387022195,0.725597387022195,0.725597387022195,0.725597387022195,0.423111696999069,0.423111696999069,0.423111696999069,0.423111696999069,0.384646997271881,0.384646997271881,0.384646997271881,0.384646997271881
0.66703734596507,0.66703734596507,0.66703734596507,0.66703734596507,0.688790604620259,0.688790604620259,0.688790604620259,0.688790604620259,0.655834116360917,0.655834116360917,0.655834116360917,0.655834116360917,0.508430026098256,0.508430026098256,0.508430026098256,0.508430026098256,0.508430026098256,0.508430026098256,0.508430026098256,0.508430026098256
0.912892941712606,0.912892941712606,0.912892941712606,0.912892941712606,0.912892941712606,0.912892941712606,0.912892941712606,0.912892941712606,0.885440073423708,0.885440073423708,0.885440073423708,0.885440073423708,0.704152338712648,0.704152338712648,0.704152338712648,0.704152338712648,0.694996297622879,0.694996297622879,0.694996297622879,0.694996297622879
0.893622781267838,0.893622781267838,0.893622781267838,0.893622781267838,0.893622781267838,0.893622781267838,0.893622781267838,0.893622781267838,0.846616147693231,0.846616147693231,0.846616147693231,0.846616147693231,0.686921461409791,0.686921461409791,0.686921461409791,0.686921461409791,0.673562699805245,0.673562699805245,0.673562699805245,0.673562699805245
0.901462541713276,0.901462541713276,0.901462541713276,0.901462541713276,0.901462541713276,0.901462541713276,0.901462541713276,0.901462541713276,0.8344116692873,0.8344116692873,0.8344116692873,0.8344116692873,0.728487156984382,0.728487156984382,0.728487156984382,0.728487156984382,0.728487156984382,0.728487156984382,0.728487156984382,0.728487156984382
0.738375085936783,0.738375085936783,0.738375085936783,0.738375085936783,0.719682045786485,0.719682045786485,0.719682045786485,0.719682045786485,0.750837112703649,0.750837112703649,0.750837112703649,0.750837112703649,0.470441510449174,0.470441510449174,0.470441510449174,0.470441510449174,0.507827590749771,0.507827590749771,0.507827590749771,0.507827590749771
0.805095140776801,0.805095140776801,0.805095140776801,0.805095140776801,0.836544169713395,0.836544169713395,0.836544169713395,0.836544169713395,0.798805334989482,0.798805334989482,0.798805334989482,0.798805334989482,0.751348061838415,0.751348061838415,0.751348061838415,0.751348061838415,0.66279413565042,0.66279413565042,0.66279413565042,0.66279413565042
0.860356479636723,0.860356479636723,0.860356479636723,0.860356479636723,0.860356479636723,0.860356479636723,0.860356479636723,0.860356479636723,0.879404962580709,0.879404962580709,0.879404962580709,0.879404962580709,0.648624965925529,0.648624965925529,0.648624965925529,0.648624965925529,0.616175529270375,0.616175529270375,0.616175529270375,0.616175529270375
0.649024660615333,0.649024660615333,0.649024660615333,0.649024660615333,0.649024660615333,0.649024660615333,0.649024660615333,0.649024660615333,0.723912121455564,0.723912121455564,0.723912121455564,0.723912121455564,0.389383021939353,0.389383021939353,0.389383021939353,0.389383021939353,0.321900149431612,0.321900149431612,0.321900149431612,0.321900149431612
0.757068126087082,0.757068126087082,0.757068126087082,0.757068126087082,0.757068126087082,0.757068126087082,0.757068126087082,0.757068126087082,0.750837112703649,0.750837112703649,0.750837112703649,0.750837112703649,0.563463775030552,0.563463775030552,0.563463775030552,0.563463775030552,0.563463775030552,0.563463775030552,0.563463775030552,0.563463775030552
0.601292791501262,0.601292791501262,0.601292791501262,0.601292791501262,0.607523804884695,0.607523804884695,0.607523804884695,0.607523804884695,0.644909885185292,0.644909885185292,0.644909885185292,0.644909885185292,0.443101400384151,0.443101400384151,0.443101400384151,0.443101400384151,0.285316930445289,0.285316930445289,0.285316930445289,0.285316930445289
0.638678871801859,0.638678871801859,0.638678871801859,0.638678871801859,0.669833938719023,0.669833938719023,0.669833938719023,0.669833938719023,0.651140898568725,0.651140898568725,0.651140898568725,0.651140898568725,0.358283269547384,0.358283269547384,0.358283269547384,0.358283269547384,0.250428344458023,0.250428344458023,0.250428344458023,0.250428344458023
0.657371911952157,0.657371911952157,0.657371911952157,0.657371911952157,0.700989005636187,0.700989005636187,0.700989005636187,0.700989005636187,0.632447858418426,0.632447858418426,0.632447858418426,0.632447858418426,0.364514282930817,0.364514282930817,0.364514282930817,0.364514282930817,0.256689053069474,0.256689053069474,0.256689053069474,0.256689053069474
0.676064952102456,0.732144072553351,0.70722001901962,0.644909885185292,0.676064952102456,0.738375085936783,0.70722001901962,0.644909885185292,0.657371911952157,0.738375085936783,0.700989005636187,0.638678871801859,0.5514446844338,0.582599751350964,0.588830764734397,0.5514446844338,0.526520630900069,0.5514446844338,0.570137724584099,0.5514446844338
0.700989005636187,0.788223193004246,0.794454206387678,0.725913059169918,0.700989005636187,0.788223193004246,0.794454206387678,0.725913059169918,0.688526978869321,0.813147246537977,0.794454206387678,0.725913059169918,0.520289617516636,0.638678871801859,0.66360292533559,0.576368737967531,0.520289617516636,0.582599751350964,0.626216845034994,0.607523804884695
0.682295965485889,0.794454206387678,0.813147246537977,0.781992179620813,0.682295965485889,0.794454206387678,0.825609273304842,0.781992179620813,0.70722001901962,0.831840286688275,0.825609273304842,0.788223193004246,0.5514446844338,0.688526978869321,0.657371911952157,0.651140898568725,0.5514446844338,0.607523804884695,0.632447858418426,0.657371911952157
0.810790102190572,0.810790102190572,0.810790102190572,0.810790102190572,0.823409403391981,0.823409403391981,0.823409403391981,0.823409403391981,0.804480451589867,0.804480451589867,0.804480451589867,0.804480451589867,0.606021418632084,0.606021418632084,0.606021418632084,0.606021418632084,0.562189304399978,0.562189304399978,0.562189304399978,0.562189304399978
0.783594745768188,0.783594745768188,0.783594745768188,0.783594745768188,0.76269259928331,0.76269259928331,0.76269259928331,0.76269259928331,0.817799926950876,0.817799926950876,0.817799926950876,0.817799926950876,0.576353674899679,0.576353674899679,0.576353674899679,0.576353674899679,0.480826227745435,0.480826227745435,0.480826227745435,0.480826227745435
0.744046618598237,0.744046618598237,0.744046618598237,0.744046618598237,0.789173630055419,0.789173630055419,0.789173630055419,0.789173630055419,0.710444560480294,0.710444560480294,0.710444560480294,0.710444560480294,0.599408237415348,0.599408237415348,0.599408237415348,0.599408237415348,0.50991229493238,0.50991229493238,0.50991229493238,0.50991229493238
0.645708525859064,0.744538770883171,0.719300168480352,0.719300168480352,0.664607311981768,0.775341525060913,0.751302757604792,0.706922003991006,0.643584361271894,0.721303670349881,0.68790168101367,0.618345758869074,0.467508444987082,0.50999859139744,0.528793836048371,0.504038558899417,0.375889594299444,0.37442934558293,0.484196765538267,0.434297374649183
0.573305344678464,0.759630991921344,0.736008478866515,0.63360729919813,0.573305344678464,0.764069551677915,0.733989439451425,0.63360729919813,0.63142322957175,0.730784245392685,0.707006369426752,0.576006635634664,0.464373835408614,0.557625092921718,0.546997181768078,0.476680848384341,0.334281810715606,0.476377426100325,0.508157145192829,0.411057053754709
0.705011693129326,0.734583188034045,0.719735649744842,0.620013778237054,0.709605257109907,0.723699872483196,0.711210086596598,0.620013778237054,0.69608896649829,0.716967209864025,0.679934599989367,0.620013778237054,0.546332883358201,0.559502448819122,0.572903705078263,0.510113070226506,0.477399113069973,0.444970496968103,0.548522593861341,0.48317210850319
0.905002508900898,0.937209003879578,0.937209003879578,0.956532900866785,0.827706920952067,0.91788510689237,0.943650302875313,0.956532900866785,0.903393938316654,0.929674489249502,0.929674489249502,0.949384902449138,0.79170159685205,0.778561321385626,0.745710632719565,0.745710632719565,0.79170159685205,0.79170159685205,0.771991183652413,0.771991183652413
