0.471721427081155,0.471721427081155,0.471721427081155,0.471721427081155,0.589419981578643,0.589419981578643,0.589419981578643,0.589419981578643,0.720441612389376,0.720441612389376,0.720441612389376,0.720441612389376,0.578204202480684,0.578204202480684,0.578204202480684,0.578204202480684,0.570205484540392,0.570205484540392,0.570205484540392,0.570205484540392
0.853627925831082,0.830176609187371,0.839557135844856,0.787964239228691,0.844247399173598,0.830176609187371,0.839557135844856,0.811415555872402,0.834866872516113,0.84893766250234,0.830176609187371,0.834866872516113,0.717610289297558,0.787964239228691,0.816105819201145,0.802035029214918,0.717610289297558,0.787964239228691,0.816105819201145,0.820796082529887
0.443197009345974,0.443197009345974,0.443197009345974,0.443197009345974,0.555016652897875,0.555016652897875,0.555016652897875,0.555016652897875,0.709473815527649,0.709473815527649,0.709473815527649,0.709473815527649,0.560658495708543,0.560658495708543,0.560658495708543,0.560658495708543,0.562058394256519,0.562058394256519,0.562058394256519,0.562058394256519
0.540503878109318,0.540503878109318,0.540503878109318,0.540503878109318,0.731269952736136,0.731269952736136,0.731269952736136,0.731269952736136,0.770401455223689,0.770401455223689,0.770401455223689,0.770401455223689,0.647413841120588,0.647413841120588,0.647413841120588,0.647413841120588,0.653092909902348,0.653092909902348,0.653092909902348,0.653092909902348
0.915112759288191,0.915112759288191,0.915112759288191,0.915112759288191,0.870255169323895,0.870255169323895,0.870255169323895,0.870255169323895,0.89910340698104,0.89910340698104,0.89910340698104,0.89910340698104,0.832703281579024,0.832703281579024,0.832703281579024,0.832703281579024,0.832703281579024,0.832703281579024,0.832703281579024,0.832703281579024
0.855446560818807,0.855446560818807,0.855446560818807,0.855446560818807,0.856639208600963,0.856639208600963,0.856639208600963,0.856639208600963,0.823305843727148,0.823305843727148,0.823305843727148,0.823305843727148,0.418939379960434,0.418939379960434,0.418939379960434,0.418939379960434,0.424896072739789,0.424896072739789,0.424896072739789,0.424896072739789
0.894702324886719,0.894702324886719,0.894702324886719,0.894702324886719,0.894900808820239,0.894900808820239,0.894900808820239,0.894900808820239,0.895310536884414,0.895310536884414,0.895310536884414,0.895310536884414,0.597508994360441,0.597508994360441,0.597508994360441,0.597508994360441,0.597508994360441,0.597508994360441,0.597508994360441,0.597508994360441
0.57221212610655,0.57221212610655,0.57221212610655,0.57221212610655,0.605043969407745,0.605043969407745,0.605043969407745,0.605043969407745,0.633185549380198,0.633185549380198,0.633185549380198,0.633185549380198,0.431504226244283,0.431504226244283,0.431504226244283,0.431504226244283,0.426813962915541,0.426813962915541,0.426813962915541,0.426813962915541
0.926214104402687,0.926214104402687,0.926214104402687,0.926214104402687,0.930688594718562,0.930688594718562,0.930688594718562,0.930688594718562,0.935473626053876,0.935473626053876,0.935473626053876,0.935473626053876,0.773084454938841,0.773084454938841,0.773084454938841,0.773084454938841,0.763360122172315,0.763360122172315,0.763360122172315,0.763360122172315
0.79731174487682,0.79731174487682,0.79731174487682,0.79731174487682,0.79731174487682,0.79731174487682,0.79731174487682,0.79731174487682,0.792593923901217,0.792593923901217,0.792593923901217,0.792593923901217,0.339618071396947,0.339618071396947,0.339618071396947,0.339618071396947,0.329983516180012,0.329983516180012,0.329983516180012,0.329983516180012
0.426813962915541,0.426813962915541,0.426813962915541,0.426813962915541,0.492477649517932,0.492477649517932,0.492477649517932,0.492477649517932,0.548760809462839,0.548760809462839,0.548760809462839,0.548760809462839,0.459645806216737,0.459645806216737,0.459645806216737,0.459645806216737,0.450265279559252,0.450265279559252,0.450265279559252,0.450265279559252
0.61442449606523,0.61442449606523,0.61442449606523,0.61442449606523,0.656636866023909,0.656636866023909,0.656636866023909,0.656636866023909,0.666017392681394,0.666017392681394,0.666017392681394,0.666017392681394,0.384601592956861,0.384601592956861,0.384601592956861,0.384601592956861,0.398672382943088,0.398672382943088,0.398672382943088,0.398672382943088
0.474853972620933,0.474853972620933,0.474853972620933,0.474853972620933,0.539380282805354,0.539380282805354,0.539380282805354,0.539380282805354,0.647256339366425,0.647256339366425,0.647256339366425,0.647256339366425,0.586282916092776,0.586282916092776,0.586282916092776,0.586282916092776,0.581592652764034,0.581592652764034,0.581592652764034,0.581592652764034
0.469026332874221,0.469026332874221,0.469026332874221,0.469026332874221,0.544070546134096,0.544070546134096,0.544070546134096,0.544070546134096,0.670707656010136,0.670707656010136,0.670707656010136,0.670707656010136,0.534690019476612,0.534690019476612,0.534690019476612,0.534690019476612,0.534690019476612,0.534690019476612,0.534690019476612,0.534690019476612
0.473716596202963,0.473716596202963,0.473716596202963,0.473716596202963,0.548760809462839,0.548760809462839,0.548760809462839,0.548760809462839,0.666017392681394,0.666017392681394,0.666017392681394,0.666017392681394,0.553451072791581,0.553451072791581,0.553451072791581,0.553451072791581,0.544070546134096,0.544070546134096,0.544070546134096,0.544070546134096
0.666017392681394,0.661327129352652,0.633185549380198,0.52999975614787,0.675397919338878,0.661327129352652,0.628495286051456,0.52999975614787,0.712920025968816,0.666017392681394,0.61442449606523,0.562831599449065,0.576902389435292,0.586282916092776,0.553451072791581,0.52999975614787,0.576902389435292,0.595663442750261,0.553451072791581,0.52999975614787
0.755132395927496,0.736371342612527,0.731681079283785,0.736371342612527,0.76451292258498,0.769203185913722,0.731681079283785,0.736371342612527,0.769203185913722,0.778583712571207,0.7223005526263,0.741061605941269,0.633185549380198,0.628495286051456,0.595663442750261,0.595663442750261,0.633185549380198,0.628495286051456,0.595663442750261,0.595663442750261
0.787964239228691,0.750442132598754,0.745751869270011,0.741061605941269,0.787964239228691,0.792654502557434,0.745751869270011,0.741061605941269,0.797344765886176,0.802035029214918,0.7223005526263,0.750442132598754,0.651946602695167,0.698849235982589,0.562831599449065,0.548760809462839,0.651946602695167,0.698849235982589,0.562831599449065,0.548760809462839
0.781897079076017,0.781897079076017,0.781897079076017,0.781897079076017,0.857534843371807,0.857534843371807,0.857534843371807,0.857534843371807,0.852744145922802,0.852744145922802,0.852744145922802,0.852744145922802,0.71315084184396,0.71315084184396,0.71315084184396,0.71315084184396,0.722886689514185,0.722886689514185,0.722886689514185,0.722886689514185
0.758058753494431,0.758058753494431,0.758058753494431,0.758058753494431,0.785674381636739,0.785674381636739,0.785674381636739,0.785674381636739,0.804837171432757,0.804837171432757,0.804837171432757,0.804837171432757,0.588056806433243,0.588056806433243,0.588056806433243,0.588056806433243,0.610924441306601,0.610924441306601,0.610924441306601,0.610924441306601
0.779412357551649,0.779412357551649,0.779412357551649,0.779412357551649,0.795730555376268,0.795730555376268,0.795730555376268,0.795730555376268,0.801063519244786,0.801063519244786,0.801063519244786,0.801063519244786,0.643387279908304,0.643387279908304,0.643387279908304,0.643387279908304,0.683442519124385,0.683442519124385,0.683442519124385,0.683442519124385
0.760420149854929,0.768426737667808,0.74951161797137,0.755697043334091,0.772590081561678,0.783077392903927,0.770708007921802,0.768839622123856,0.759347774937142,0.743637875975116,0.740364080563713,0.726126309783642,0.737724437782314,0.637451213229378,0.61357663595487,0.659683379476642,0.744325922671927,0.637451213229378,0.61357663595487,0.659683379476642
0.646698112748776,0.690001538429795,0.653165254754426,0.625854072731133,0.673930676351538,0.709043564124835,0.672487056310653,0.630668334829065,0.691437027952865,0.686651996617551,0.657972947181646,0.618017701162863,0.687720007960453,0.646762710519275,0.641917807528764,0.640175599662019,0.687720007960453,0.646762710519275,0.641917807528764,0.640175599662019
0.603388490031847,0.683856395272424,0.621958619420814,0.650346403451207,0.623501439699575,0.674052002508662,0.633378162769396,0.656886697355214,0.658568555509513,0.680495901248655,0.625164275541154,0.645438128708179,0.580261176307235,0.639736627835493,0.639736627835493,0.652800540822721,0.580261176307235,0.639736627835493,0.639736627835493,0.652800540822721
0.925861166347509,0.925861166347509,0.925861166347509,0.925861166347509,0.765023206335311,0.765023206335311,0.765023206335311,0.765023206335311,0.789005125029208,0.789005125029208,0.789005125029208,0.789005125029208,0.824992724456496,0.824992724456496,0.824992724456496,0.824992724456496,0.824992724456496,0.824992724456496,0.824992724456496,0.824992724456496
