0.785979460978573,0.785979460978573,0.785979460978573,0.785979460978573,0.785979460978573,0.785979460978573,0.785979460978573,0.785979460978573,0.785979460978573,0.785979460978573,0.785979460978573,0.785979460978573,0.836120927068996,0.836120927068996,0.836120927068996,0.836120927068996,0.836120927068996,0.836120927068996,0.836120927068996,0.836120927068996
0.920390023026225,0.920390023026225,0.896790278846066,0.849590790485746,0.920390023026225,0.920390023026225,0.896790278846066,0.849590790485746,0.920390023026225,0.920390023026225,0.896790278846066,0.849590790485746,0.884990406755986,0.943989767206385,0.943989767206385,0.896790278846066,0.884990406755986,0.943989767206385,0.943989767206385,0.896790278846066
0.785979460978573,0.785979460978573,0.785979460978573,0.785979460978573,0.785979460978573,0.785979460978573,0.785979460978573,0.785979460978573,0.785979460978573,0.785979460978573,0.785979460978573,0.785979460978573,0.836120927068996,0.836120927068996,0.836120927068996,0.836120927068996,0.836120927068996,0.836120927068996,0.836120927068996,0.836120927068996
0.792697663314835,0.792697663314835,0.792697663314835,0.792697663314835,0.792697663314835,0.792697663314835,0.792697663314835,0.792697663314835,0.792697663314835,0.792697663314835,0.792697663314835,0.792697663314835,0.753223136074714,0.753223136074714,0.753223136074714,0.753223136074714,0.753223136074714,0.753223136074714,0.753223136074714,0.753223136074714
0.975757575757576,0.975757575757576,0.975757575757576,0.975757575757576,0.975757575757576,0.975757575757576,0.975757575757576,0.975757575757576,0.975757575757576,0.975757575757576,0.975757575757576,0.975757575757576,0.894686107546373,0.894686107546373,0.894686107546373,0.894686107546373,0.894686107546373,0.894686107546373,0.894686107546373,0.894686107546373
0.912571297417775,0.912571297417775,0.912571297417775,0.912571297417775,0.912571297417775,0.912571297417775,0.912571297417775,0.912571297417775,0.912571297417775,0.912571297417775,0.912571297417775,0.912571297417775,0.888888888888889,0.888888888888889,0.888888888888889,0.888888888888889,0.888888888888889,0.888888888888889,0.888888888888889,0.888888888888889
0.912490820510978,0.912490820510978,0.912490820510978,0.912490820510978,0.912490820510978,0.912490820510978,0.912490820510978,0.912490820510978,0.912490820510978,0.912490820510978,0.912490820510978,0.912490820510978,0.915729116152572,0.915729116152572,0.915729116152572,0.915729116152572,0.915729116152572,0.915729116152572,0.915729116152572,0.915729116152572
0.566393860323831,0.566393860323831,0.566393860323831,0.566393860323831,0.566393860323831,0.566393860323831,0.566393860323831,0.566393860323831,0.566393860323831,0.566393860323831,0.566393860323831,0.566393860323831,0.62539322077423,0.62539322077423,0.62539322077423,0.62539322077423,0.62539322077423,0.62539322077423,0.62539322077423,0.62539322077423
0.949559076689796,0.949559076689796,0.949559076689796,0.949559076689796,0.949559076689796,0.949559076689796,0.949559076689796,0.949559076689796,0.949559076689796,0.949559076689796,0.949559076689796,0.949559076689796,0.861586494986753,0.861586494986753,0.861586494986753,0.861586494986753,0.861586494986753,0.861586494986753,0.861586494986753,0.861586494986753
0.871676744254805,0.871676744254805,0.871676744254805,0.871676744254805,0.871676744254805,0.871676744254805,0.871676744254805,0.871676744254805,0.871676744254805,0.871676744254805,0.871676744254805,0.871676744254805,0.859735966936246,0.859735966936246,0.859735966936246,0.859735966936246,0.859735966936246,0.859735966936246,0.859735966936246,0.859735966936246
0.597643598768078,0.597643598768078,0.597643598768078,0.597643598768078,0.597643598768078,0.597643598768078,0.597643598768078,0.597643598768078,0.597643598768078,0.597643598768078,0.597643598768078,0.597643598768078,0.694389532485145,0.694389532485145,0.694389532485145,0.694389532485145,0.694389532485145,0.694389532485145,0.694389532485145,0.694389532485145
0.64899296495439,0.64899296495439,0.64899296495439,0.64899296495439,0.64899296495439,0.64899296495439,0.64899296495439,0.64899296495439,0.64899296495439,0.64899296495439,0.64899296495439,0.64899296495439,0.672592709134549,0.672592709134549,0.672592709134549,0.672592709134549,0.672592709134549,0.672592709134549,0.672592709134549,0.672592709134549
0.692356176633847,0.692356176633847,0.692356176633847,0.692356176633847,0.692356176633847,0.692356176633847,0.692356176633847,0.692356176633847,0.692356176633847,0.692356176633847,0.692356176633847,0.692356176633847,0.790591430035347,0.790591430035347,0.790591430035347,0.790591430035347,0.790591430035347,0.790591430035347,0.790591430035347,0.790591430035347
0.672592709134549,0.672592709134549,0.672592709134549,0.672592709134549,0.672592709134549,0.672592709134549,0.672592709134549,0.672592709134549,0.672592709134549,0.672592709134549,0.672592709134549,0.672592709134549,0.825991046305587,0.825991046305587,0.825991046305587,0.825991046305587,0.825991046305587,0.825991046305587,0.825991046305587,0.825991046305587
0.684392581224629,0.684392581224629,0.684392581224629,0.684392581224629,0.684392581224629,0.684392581224629,0.684392581224629,0.684392581224629,0.684392581224629,0.684392581224629,0.684392581224629,0.684392581224629,0.837790918395667,0.837790918395667,0.837790918395667,0.837790918395667,0.837790918395667,0.837790918395667,0.837790918395667,0.837790918395667
0.731592069584948,0.884990406755986,0.790591430035347,0.790591430035347,0.731592069584948,0.884990406755986,0.790591430035347,0.790591430035347,0.731592069584948,0.884990406755986,0.790591430035347,0.790591430035347,0.755191813765108,0.861390662575826,0.837790918395667,0.766991685855188,0.755191813765108,0.861390662575826,0.837790918395667,0.766991685855188
0.837790918395667,0.825991046305587,0.837790918395667,0.814191174215507,0.837790918395667,0.825991046305587,0.837790918395667,0.814191174215507,0.837790918395667,0.825991046305587,0.837790918395667,0.814191174215507,0.743391941675028,0.896790278846066,0.825991046305587,0.837790918395667,0.743391941675028,0.896790278846066,0.825991046305587,0.837790918395667
0.884990406755986,0.849590790485746,0.825991046305587,0.802391302125427,0.884990406755986,0.849590790485746,0.825991046305587,0.802391302125427,0.884990406755986,0.849590790485746,0.825991046305587,0.802391302125427,0.778791557945268,0.908590150936145,0.884990406755986,0.837790918395667,0.778791557945268,0.908590150936145,0.884990406755986,0.837790918395667
0.925820099772552,0.925820099772552,0.925820099772552,0.925820099772552,0.925820099772552,0.925820099772552,0.925820099772552,0.925820099772552,0.925820099772552,0.925820099772552,0.925820099772552,0.925820099772552,0.861586494986753,0.861586494986753,0.861586494986753,0.861586494986753,0.861586494986753,0.861586494986753,0.861586494986753,0.861586494986753
0.878342145938062,0.878342145938062,0.878342145938062,0.878342145938062,0.878342145938062,0.878342145938062,0.878342145938062,0.878342145938062,0.878342145938062,0.878342145938062,0.878342145938062,0.878342145938062,0.837486173448662,0.837486173448662,0.837486173448662,0.837486173448662,0.837486173448662,0.837486173448662,0.837486173448662,0.837486173448662
0.898825447020421,0.898825447020421,0.898825447020421,0.898825447020421,0.898825447020421,0.898825447020421,0.898825447020421,0.898825447020421,0.898825447020421,0.898825447020421,0.898825447020421,0.898825447020421,0.882372564557572,0.882372564557572,0.882372564557572,0.882372564557572,0.882372564557572,0.882372564557572,0.882372564557572,0.882372564557572
0.912286317569255,0.838048950092758,0.808389854494638,0.828075272870555,0.912286317569255,0.838048950092758,0.808389854494638,0.828075272870555,0.912286317569255,0.838048950092758,0.808389854494638,0.828075272870555,0.881331743679577,0.750881815230079,0.764916989346529,0.790374024355121,0.881331743679577,0.750881815230079,0.764916989346529,0.790374024355121
0.842110446987005,0.912286317569255,0.828075272870555,0.814040098754105,0.842110446987005,0.912286317569255,0.828075272870555,0.814040098754105,0.842110446987005,0.912286317569255,0.828075272870555,0.814040098754105,0.823539498192392,0.809091436820595,0.780195314077003,0.780195314077003,0.823539498192392,0.809091436820595,0.780195314077003,0.780195314077003
0.828075272870555,0.908473231613158,0.823964093788678,0.77587174867888,0.828075272870555,0.908473231613158,0.823964093788678,0.77587174867888,0.828075272870555,0.908473231613158,0.823964093788678,0.77587174867888,0.837987559564188,0.881331743679577,0.823539498192392,0.780195314077003,0.837987559564188,0.881331743679577,0.823539498192392,0.780195314077003
0.789348784790806,0.741869158637976,0.729999252099768,0.729999252099768,0.789348784790806,0.741869158637976,0.729999252099768,0.729999252099768,0.789348784790806,0.741869158637976,0.729999252099768,0.729999252099768,0.741869158637976,0.777478878252598,0.753739065176183,0.753739065176183,0.741869158637976,0.777478878252598,0.753739065176183,0.753739065176183
