0.678489569340864,0.678489569340864,0.678489569340864,0.678489569340864,0.678489569340864,0.678489569340864,0.678489569340864,0.678489569340864,0.754750890092086,0.754750890092086,0.754750890092086,0.754750890092086,0.869812998815572,0.869812998815572,0.869812998815572,0.869812998815572,0.832899385842121,0.832899385842121,0.832899385842121,0.832899385842121
0.780051707608282,0.87142435882487,0.861271842023027,0.847735152953903,0.780051707608282,0.87142435882487,0.861271842023027,0.847735152953903,0.780051707608282,0.87142435882487,0.874808531092151,0.847735152953903,0.746209984935472,0.868040186557589,0.851119325221184,0.844350980686622,0.739441640400909,0.861271842023027,0.857887669755746,0.844350980686622
0.685575622284372,0.685575622284372,0.685575622284372,0.685575622284372,0.685575622284372,0.685575622284372,0.685575622284372,0.685575622284372,0.759147401098718,0.759147401098718,0.759147401098718,0.759147401098718,0.860189117012483,0.860189117012483,0.860189117012483,0.860189117012483,0.831284236342361,0.831284236342361,0.831284236342361,0.831284236342361
0.750753902142341,0.750753902142341,0.750753902142341,0.750753902142341,0.750753902142341,0.750753902142341,0.750753902142341,0.750753902142341,0.785511027241523,0.785511027241523,0.785511027241523,0.785511027241523,0.781670435239235,0.781670435239235,0.781670435239235,0.781670435239235,0.754229614652259,0.754229614652259,0.754229614652259,0.754229614652259
0.946754138277203,0.946754138277203,0.946754138277203,0.946754138277203,0.946754138277203,0.946754138277203,0.946754138277203,0.946754138277203,0.955553976364111,0.955553976364111,0.955553976364111,0.955553976364111,0.773056312657221,0.773056312657221,0.773056312657221,0.773056312657221,0.772293892184139,0.772293892184139,0.772293892184139,0.772293892184139
0.917705999977972,0.917705999977972,0.917705999977972,0.917705999977972,0.917705999977972,0.917705999977972,0.917705999977972,0.917705999977972,0.928836129508278,0.928836129508278,0.928836129508278,0.928836129508278,0.848073852420052,0.848073852420052,0.848073852420052,0.848073852420052,0.795210094187414,0.795210094187414,0.795210094187414,0.795210094187414
0.945590538621395,0.945590538621395,0.945590538621395,0.945590538621395,0.945590538621395,0.945590538621395,0.945590538621395,0.945590538621395,0.955729174482197,0.955729174482197,0.955729174482197,0.955729174482197,0.825258733169084,0.825258733169084,0.825258733169084,0.825258733169084,0.793205565384362,0.793205565384362,0.793205565384362,0.793205565384362
0.681910711857132,0.681910711857132,0.681910711857132,0.681910711857132,0.681910711857132,0.681910711857132,0.681910711857132,0.681910711857132,0.681910711857132,0.681910711857132,0.681910711857132,0.681910711857132,0.64468481691704,0.64468481691704,0.64468481691704,0.64468481691704,0.627763955580635,0.627763955580635,0.627763955580635,0.627763955580635
0.907854572069995,0.907854572069995,0.907854572069995,0.907854572069995,0.907854572069995,0.907854572069995,0.907854572069995,0.907854572069995,0.907854572069995,0.907854572069995,0.907854572069995,0.907854572069995,0.86021546474855,0.86021546474855,0.86021546474855,0.86021546474855,0.853264228669774,0.853264228669774,0.853264228669774,0.853264228669774
0.806798202987052,0.806798202987052,0.806798202987052,0.806798202987052,0.806798202987052,0.806798202987052,0.806798202987052,0.806798202987052,0.813578019818876,0.813578019818876,0.813578019818876,0.813578019818876,0.708612085625401,0.708612085625401,0.708612085625401,0.708612085625401,0.703021752580267,0.703021752580267,0.703021752580267,0.703021752580267
0.614227266511511,0.614227266511511,0.614227266511511,0.614227266511511,0.614227266511511,0.614227266511511,0.614227266511511,0.614227266511511,0.648068989184321,0.648068989184321,0.648068989184321,0.648068989184321,0.705599917728099,0.705599917728099,0.705599917728099,0.705599917728099,0.702215745460818,0.702215745460818,0.702215745460818,0.702215745460818
0.725904951331785,0.725904951331785,0.725904951331785,0.725904951331785,0.725904951331785,0.725904951331785,0.725904951331785,0.725904951331785,0.729289123599066,0.729289123599066,0.729289123599066,0.729289123599066,0.600690577442386,0.600690577442386,0.600690577442386,0.600690577442386,0.614227266511511,0.614227266511511,0.614227266511511,0.614227266511511
0.681910711857132,0.681910711857132,0.681910711857132,0.681910711857132,0.681910711857132,0.681910711857132,0.681910711857132,0.681910711857132,0.746209984935472,0.746209984935472,0.746209984935472,0.746209984935472,0.780051707608282,0.780051707608282,0.780051707608282,0.780051707608282,0.736057468133628,0.736057468133628,0.736057468133628,0.736057468133628
0.664989850520726,0.664989850520726,0.664989850520726,0.664989850520726,0.664989850520726,0.664989850520726,0.664989850520726,0.664989850520726,0.736057468133628,0.736057468133628,0.736057468133628,0.736057468133628,0.824045947082936,0.824045947082936,0.824045947082936,0.824045947082936,0.80712508574653,0.80712508574653,0.80712508574653,0.80712508574653
0.661605678253445,0.661605678253445,0.661605678253445,0.661605678253445,0.661605678253445,0.661605678253445,0.661605678253445,0.661605678253445,0.739441640400909,0.739441640400909,0.739441640400909,0.739441640400909,0.820661774815655,0.820661774815655,0.820661774815655,0.820661774815655,0.803740913479249,0.803740913479249,0.803740913479249,0.803740913479249
0.824045947082936,0.854503497488465,0.820661774815655,0.800356741211968,0.824045947082936,0.854503497488465,0.820661774815655,0.800356741211968,0.824045947082936,0.854503497488465,0.827430119350217,0.813893430281093,0.769899190806439,0.87142435882487,0.840966808419341,0.827430119350217,0.746209984935472,0.878192703359432,0.844350980686622,0.830814291617498
0.820661774815655,0.861271842023027,0.83758263615206,0.817277602548374,0.820661774815655,0.861271842023027,0.83758263615206,0.817277602548374,0.790204224410125,0.868040186557589,0.851119325221184,0.817277602548374,0.769899190806439,0.864656014290308,0.840966808419341,0.851119325221184,0.756362501737315,0.857887669755746,0.844350980686622,0.857887669755746
0.820661774815655,0.857887669755746,0.851119325221184,0.817277602548374,0.820661774815655,0.857887669755746,0.851119325221184,0.817277602548374,0.80712508574653,0.857887669755746,0.857887669755746,0.824045947082936,0.769899190806439,0.834198463884779,0.834198463884779,0.851119325221184,0.763130846271877,0.830814291617498,0.847735152953903,0.847735152953903
0.908485064394201,0.908485064394201,0.908485064394201,0.908485064394201,0.908485064394201,0.908485064394201,0.908485064394201,0.908485064394201,0.905063275074449,0.905063275074449,0.905063275074449,0.905063275074449,0.919632537423111,0.919632537423111,0.919632537423111,0.919632537423111,0.912704985352127,0.912704985352127,0.912704985352127,0.912704985352127
0.883573302056233,0.883573302056233,0.883573302056233,0.883573302056233,0.883573302056233,0.883573302056233,0.883573302056233,0.883573302056233,0.86987449117164,0.86987449117164,0.86987449117164,0.86987449117164,0.87708147192687,0.87708147192687,0.87708147192687,0.87708147192687,0.842414220072053,0.842414220072053,0.842414220072053,0.842414220072053
0.852466949124155,0.852466949124155,0.852466949124155,0.852466949124155,0.852466949124155,0.852466949124155,0.852466949124155,0.852466949124155,0.881606455131861,0.881606455131861,0.881606455131861,0.881606455131861,0.877944253890301,0.877944253890301,0.877944253890301,0.877944253890301,0.839061929576859,0.839061929576859,0.839061929576859,0.839061929576859
0.850084858592228,0.856888669854096,0.847627345309675,0.827488956175684,0.850084858592228,0.856888669854096,0.847627345309675,0.827488956175684,0.829427503416496,0.856888669854096,0.85844811993065,0.840413495562359,0.830642765748722,0.879282333419215,0.87827473149785,0.848145153304908,0.823435453247648,0.875648935347235,0.868382139203274,0.84450504535081
0.834995689198725,0.87422568640626,0.847845900373527,0.831723341081002,0.834995689198725,0.87422568640626,0.847845900373527,0.831723341081002,0.800730591426675,0.870605704267932,0.866985722129604,0.835363268175448,0.806679493115866,0.876228507878251,0.85785893748248,0.804375786861152,0.791844008185,0.879902421957405,0.854185023403326,0.785856443950968
0.865711561328512,0.894120942283454,0.847032258426108,0.783995659771336,0.865711561328512,0.894120942283454,0.847032258426108,0.783995659771336,0.824721482559837,0.897740865126707,0.854365871053174,0.787642151212133,0.819447541937086,0.856069742616063,0.849718577324175,0.800179805339201,0.800652873544034,0.852371817161998,0.850762048365165,0.803867269879934
0.901736200475752,0.901736200475752,0.901736200475752,0.901736200475752,0.901736200475752,0.901736200475752,0.901736200475752,0.901736200475752,0.922426132417834,0.922426132417834,0.922426132417834,0.922426132417834,0.699470100785364,0.699470100785364,0.699470100785364,0.699470100785364,0.713636583839245,0.713636583839245,0.713636583839245,0.713636583839245
