0.835925221162074,0.835925221162074,0.835925221162074,0.835925221162074,0.835925221162074,0.835925221162074,0.835925221162074,0.835925221162074,0.892253537806014,0.892253537806014,0.892253537806014,0.892253537806014,0.770611293935747,0.770611293935747,0.770611293935747,0.770611293935747,0.756464575516241,0.756464575516241,0.756464575516241,0.756464575516241
0.593063350689481,0.639578123292578,0.639578123292578,0.648881077813197,0.593063350689481,0.639578123292578,0.639578123292578,0.648881077813197,0.593063350689481,0.662835509594126,0.667486986854436,0.676789941375055,0.47212494192143,0.662835509594126,0.662835509594126,0.672138464114745,0.47212494192143,0.662835509594126,0.662835509594126,0.672138464114745
0.748219113046816,0.748219113046816,0.748219113046816,0.748219113046816,0.748219113046816,0.748219113046816,0.748219113046816,0.748219113046816,0.82711548229756,0.82711548229756,0.82711548229756,0.82711548229756,0.536527330867025,0.536527330867025,0.536527330867025,0.536527330867025,0.524672492414006,0.524672492414006,0.524672492414006,0.524672492414006
0.88907711630171,0.88907711630171,0.88907711630171,0.88907711630171,0.88907711630171,0.88907711630171,0.88907711630171,0.88907711630171,0.867328345930166,0.867328345930166,0.867328345930166,0.867328345930166,0.62363835729492,0.62363835729492,0.62363835729492,0.62363835729492,0.62363835729492,0.62363835729492,0.62363835729492,0.62363835729492
0.788330501656615,0.788330501656615,0.788330501656615,0.788330501656615,0.788330501656615,0.788330501656615,0.788330501656615,0.788330501656615,0.768865550998427,0.768865550998427,0.768865550998427,0.768865550998427,0.484738043014464,0.484738043014464,0.484738043014464,0.484738043014464,0.484738043014464,0.484738043014464,0.484738043014464,0.484738043014464
0.844386590184841,0.844386590184841,0.844386590184841,0.844386590184841,0.844386590184841,0.844386590184841,0.844386590184841,0.844386590184841,0.856126553743922,0.856126553743922,0.856126553743922,0.856126553743922,0.813629069697054,0.813629069697054,0.813629069697054,0.813629069697054,0.8053828291258,0.8053828291258,0.8053828291258,0.8053828291258
0.795760384035011,0.795760384035011,0.795760384035011,0.795760384035011,0.795760384035011,0.795760384035011,0.795760384035011,0.795760384035011,0.768330101150683,0.768330101150683,0.768330101150683,0.768330101150683,0.620337501209503,0.620337501209503,0.620337501209503,0.620337501209503,0.630136209256545,0.630136209256545,0.630136209256545,0.630136209256545
0.705510202793408,0.705510202793408,0.705510202793408,0.705510202793408,0.705510202793408,0.705510202793408,0.705510202793408,0.705510202793408,0.714823868836885,0.714823868836885,0.714823868836885,0.714823868836885,0.540829274974237,0.540829274974237,0.540829274974237,0.540829274974237,0.526842310966283,0.526842310966283,0.526842310966283,0.526842310966283
0.862305750456573,0.862305750456573,0.862305750456573,0.862305750456573,0.862305750456573,0.862305750456573,0.862305750456573,0.862305750456573,0.862305750456573,0.862305750456573,0.862305750456573,0.862305750456573,0.65004062880899,0.65004062880899,0.65004062880899,0.65004062880899,0.66004125386759,0.66004125386759,0.66004125386759,0.66004125386759
0.838633793208538,0.838633793208538,0.838633793208538,0.838633793208538,0.838633793208538,0.838633793208538,0.838633793208538,0.838633793208538,0.86044168725849,0.86044168725849,0.86044168725849,0.86044168725849,0.773556478475836,0.773556478475836,0.773556478475836,0.773556478475836,0.784045379878898,0.784045379878898,0.784045379878898,0.784045379878898
0.787932305781432,0.787932305781432,0.787932305781432,0.787932305781432,0.787932305781432,0.787932305781432,0.787932305781432,0.787932305781432,0.778607663109462,0.778607663109462,0.778607663109462,0.778607663109462,0.641726176414423,0.641726176414423,0.641726176414423,0.641726176414423,0.646427467084125,0.646427467084125,0.646427467084125,0.646427467084125
0.679923244891387,0.679923244891387,0.679923244891387,0.679923244891387,0.679923244891387,0.679923244891387,0.679923244891387,0.679923244891387,0.689269268876148,0.689269268876148,0.689269268876148,0.689269268876148,0.456694511768565,0.456694511768565,0.456694511768565,0.456694511768565,0.442642372944917,0.442642372944917,0.442642372944917,0.442642372944917
0.807960529271658,0.807960529271658,0.807960529271658,0.807960529271658,0.807960529271658,0.807960529271658,0.807960529271658,0.807960529271658,0.812617362293397,0.812617362293397,0.812617362293397,0.812617362293397,0.671374272381812,0.671374272381812,0.671374272381812,0.671374272381812,0.643400344365903,0.643400344365903,0.643400344365903,0.643400344365903
0.793990030206442,0.793990030206442,0.793990030206442,0.793990030206442,0.793990030206442,0.793990030206442,0.793990030206442,0.793990030206442,0.831244694380351,0.831244694380351,0.831244694380351,0.831244694380351,0.704010521733705,0.704010521733705,0.704010521733705,0.704010521733705,0.666711951045827,0.666711951045827,0.666711951045827,0.666711951045827
0.780019531141226,0.780019531141226,0.780019531141226,0.780019531141226,0.780019531141226,0.780019531141226,0.780019531141226,0.780019531141226,0.821931028336874,0.821931028336874,0.821931028336874,0.821931028336874,0.699348200397721,0.699348200397721,0.699348200397721,0.699348200397721,0.680698915053781,0.680698915053781,0.680698915053781,0.680698915053781
0.700047327676603,0.686092895895674,0.653532555073507,0.653532555073507,0.700047327676603,0.686092895895674,0.653532555073507,0.653532555073507,0.727956191238461,0.732607668498771,0.704698804936913,0.686092895895674,0.60701778247041,0.704698804936913,0.676789941375055,0.672138464114745,0.60701778247041,0.714001759457532,0.676789941375055,0.681441418635365
0.639578123292578,0.658184032333816,0.620972214251339,0.616320736991029,0.639578123292578,0.658184032333816,0.620972214251339,0.616320736991029,0.639578123292578,0.676789941375055,0.658184032333816,0.658184032333816,0.490730850962669,0.672138464114745,0.667486986854436,0.634926646032268,0.490730850962669,0.653532555073507,0.634926646032268,0.634926646032268
0.634926646032268,0.672138464114745,0.634926646032268,0.639578123292578,0.634926646032268,0.672138464114745,0.634926646032268,0.639578123292578,0.625623691511649,0.681441418635365,0.648881077813197,0.653532555073507,0.462821987400811,0.686092895895674,0.653532555073507,0.662835509594126,0.462821987400811,0.667486986854436,0.648881077813197,0.648881077813197
0.865685719361179,0.865685719361179,0.865685719361179,0.865685719361179,0.865685719361179,0.865685719361179,0.865685719361179,0.865685719361179,0.846659659595,0.846659659595,0.846659659595,0.846659659595,0.752055500146231,0.752055500146231,0.752055500146231,0.752055500146231,0.711999551192791,0.711999551192791,0.711999551192791,0.711999551192791
0.88073096831904,0.88073096831904,0.88073096831904,0.88073096831904,0.88073096831904,0.88073096831904,0.88073096831904,0.88073096831904,0.87118374915027,0.87118374915027,0.87118374915027,0.87118374915027,0.705526424485586,0.705526424485586,0.705526424485586,0.705526424485586,0.648384493477845,0.648384493477845,0.648384493477845,0.648384493477845
0.854800672111393,0.854800672111393,0.854800672111393,0.854800672111393,0.854800672111393,0.854800672111393,0.854800672111393,0.854800672111393,0.835752189167407,0.835752189167407,0.835752189167407,0.835752189167407,0.704479369416676,0.704479369416676,0.704479369416676,0.704479369416676,0.631977409680016,0.631977409680016,0.631977409680016,0.631977409680016
0.726584673942904,0.764756973630675,0.773545187116882,0.763466422463893,0.726584673942904,0.764756973630675,0.773545187116882,0.763466422463893,0.72398042779974,0.764756973630675,0.769771773457762,0.759742173803589,0.557489427362695,0.645460671247519,0.64035821534833,0.628061309439211,0.557489427362695,0.645460671247519,0.63015330354995,0.617765222399224
0.742174165791847,0.780800330554248,0.801307182618957,0.803458346711361,0.742174165791847,0.780800330554248,0.801307182618957,0.803458346711361,0.725620095179389,0.780800330554248,0.801307182618957,0.803458346711361,0.550517755706672,0.636773184442227,0.610539170364437,0.624289934901162,0.550517755706672,0.625452772274366,0.59552445671728,0.605507792100343
0.705475621502658,0.807689593730621,0.802021596581634,0.807689593730621,0.705475621502658,0.807689593730621,0.802021596581634,0.807689593730621,0.683079570026384,0.807689593730621,0.802021596581634,0.807689593730621,0.468917056379871,0.60493624207457,0.614729812612464,0.566261916686432,0.468917056379871,0.595733405547335,0.602964648734714,0.5459037547342
0.943035440184775,0.943035440184775,0.943035440184775,0.943035440184775,0.943035440184775,0.943035440184775,0.943035440184775,0.943035440184775,0.924032207133192,0.924032207133192,0.924032207133192,0.924032207133192,0,0,0,0,0,0,0,0
