0.675536236148148,0.675536236148148,0.675536236148148,0.675536236148148,0.675536236148148,0.675536236148148,0.675536236148148,0.675536236148148,0.694731365403192,0.694731365403192,0.694731365403192,0.694731365403192,0.795546297119164,0.795546297119164,0.795546297119164,0.795546297119164,0.775183643797672,0.775183643797672,0.775183643797672,0.775183643797672
0.826740157947131,0.89074584759465,0.869410617712144,0.816072543005877,0.826740157947131,0.89074584759465,0.869410617712144,0.816072543005877,0.805404928064624,0.89074584759465,0.869410617712144,0.816072543005877,0.698728778652091,0.89074584759465,0.880078232653397,0.816072543005877,0.698728778652091,0.89074584759465,0.880078232653397,0.816072543005877
0.6736675292871,0.6736675292871,0.6736675292871,0.6736675292871,0.6736675292871,0.6736675292871,0.6736675292871,0.6736675292871,0.711744060907477,0.711744060907477,0.711744060907477,0.711744060907477,0.805567987256221,0.805567987256221,0.805567987256221,0.805567987256221,0.792247360381573,0.792247360381573,0.792247360381573,0.792247360381573
0.614534729557825,0.614534729557825,0.614534729557825,0.614534729557825,0.614534729557825,0.614534729557825,0.614534729557825,0.614534729557825,0.644444444444444,0.644444444444444,0.644444444444444,0.644444444444444,0.640290867305636,0.640290867305636,0.640290867305636,0.640290867305636,0.640290867305636,0.640290867305636,0.640290867305636,0.640290867305636
0.909121956747519,0.909121956747519,0.893154036988977,0.893154036988977,0.909121956747519,0.909121956747519,0.893154036988977,0.893154036988977,0.915071927467235,0.915071927467235,0.909121956747519,0.909121956747519,0.865756673891156,0.865756673891156,0.865756673891156,0.865756673891156,0.831104651640373,0.831104651640373,0.831104651640373,0.831104651640373
0.942152335352484,0.942152335352484,0.931133009792806,0.931133009792806,0.942152335352484,0.942152335352484,0.931133009792806,0.931133009792806,0.942152335352484,0.942152335352484,0.931133009792806,0.931133009792806,0.855608372517396,0.855608372517396,0.855608372517396,0.855608372517396,0.855608372517396,0.855608372517396,0.855608372517396,0.855608372517396
0.945777891168268,0.945777891168268,0.932049664739013,0.932049664739013,0.945777891168268,0.945777891168268,0.932049664739013,0.932049664739013,0.945777891168268,0.945777891168268,0.937755469491803,0.937755469491803,0.891422839951701,0.891422839951701,0.891422839951701,0.891422839951701,0.8973497370903,0.8973497370903,0.8973497370903,0.8973497370903
0.604312638618261,0.604312638618261,0.604312638618261,0.604312638618261,0.604312638618261,0.604312638618261,0.604312638618261,0.604312638618261,0.625704236445456,0.625704236445456,0.625704236445456,0.625704236445456,0.743358024495029,0.743358024495029,0.743358024495029,0.743358024495029,0.721966426667834,0.721966426667834,0.721966426667834,0.721966426667834
0.86723733398325,0.86723733398325,0.86723733398325,0.86723733398325,0.86723733398325,0.86723733398325,0.86723733398325,0.86723733398325,0.86723733398325,0.86723733398325,0.86723733398325,0.86723733398325,0.908121375135262,0.908121375135262,0.908121375135262,0.908121375135262,0.90222721253917,0.90222721253917,0.90222721253917,0.90222721253917
0.783829589627069,0.783829589627069,0.762206704395977,0.762206704395977,0.783829589627069,0.783829589627069,0.762206704395977,0.762206704395977,0.783829589627069,0.783829589627069,0.762206704395977,0.762206704395977,0.762206704395977,0.762206704395977,0.762206704395977,0.762206704395977,0.72977237654934,0.72977237654934,0.72977237654934,0.72977237654934
0.422484057087103,0.422484057087103,0.422484057087103,0.422484057087103,0.422484057087103,0.422484057087103,0.422484057087103,0.422484057087103,0.39039666034631,0.39039666034631,0.379700861432713,0.379700861432713,0.711270627754237,0.711270627754237,0.711270627754237,0.711270627754237,0.668487432099847,0.668487432099847,0.668487432099847,0.668487432099847
0.700574828840639,0.700574828840639,0.711270627754237,0.711270627754237,0.700574828840639,0.700574828840639,0.711270627754237,0.711270627754237,0.700574828840639,0.700574828840639,0.711270627754237,0.711270627754237,0.732662225581432,0.732662225581432,0.732662225581432,0.732662225581432,0.732662225581432,0.732662225581432,0.732662225581432,0.732662225581432
0.603881084877118,0.603881084877118,0.603881084877118,0.603881084877118,0.603881084877118,0.603881084877118,0.603881084877118,0.603881084877118,0.636231857281249,0.636231857281249,0.636231857281249,0.636231857281249,0.796837019063017,0.796837019063017,0.796837019063017,0.796837019063017,0.689879029927042,0.689879029927042,0.689879029927042,0.689879029927042
0.61836000696689,0.61836000696689,0.61836000696689,0.61836000696689,0.61836000696689,0.61836000696689,0.61836000696689,0.61836000696689,0.639868181122261,0.639868181122261,0.639868181122261,0.639868181122261,0.786141220149419,0.786141220149419,0.786141220149419,0.786141220149419,0.700574828840639,0.700574828840639,0.700574828840639,0.700574828840639
0.61836000696689,0.61836000696689,0.61836000696689,0.61836000696689,0.61836000696689,0.61836000696689,0.61836000696689,0.61836000696689,0.639868181122261,0.639868181122261,0.639868181122261,0.639868181122261,0.786141220149419,0.786141220149419,0.786141220149419,0.786141220149419,0.700574828840639,0.700574828840639,0.700574828840639,0.700574828840639
0.826740157947131,0.858743002770891,0.837407772888384,0.794737313123371,0.826740157947131,0.858743002770891,0.837407772888384,0.794737313123371,0.741399238417104,0.858743002770891,0.858743002770891,0.826740157947131,0.730731623475851,0.826740157947131,0.89074584759465,0.869410617712144,0.730731623475851,0.826740157947131,0.89074584759465,0.858743002770891
0.848075387829637,0.858743002770891,0.816072543005877,0.826740157947131,0.848075387829637,0.858743002770891,0.816072543005877,0.826740157947131,0.816072543005877,0.880078232653397,0.837407772888384,0.826740157947131,0.805404928064624,0.89074584759465,0.89074584759465,0.848075387829637,0.805404928064624,0.89074584759465,0.89074584759465,0.837407772888384
0.880078232653397,0.880078232653397,0.816072543005877,0.826740157947131,0.880078232653397,0.880078232653397,0.816072543005877,0.826740157947131,0.858743002770891,0.89074584759465,0.837407772888384,0.826740157947131,0.826740157947131,0.912081077477157,0.869410617712144,0.848075387829637,0.826740157947131,0.912081077477157,0.869410617712144,0.848075387829637
0.80967766323635,0.80967766323635,0.80967766323635,0.80967766323635,0.80967766323635,0.80967766323635,0.80967766323635,0.80967766323635,0.841850285616602,0.841850285616602,0.841850285616602,0.841850285616602,0.82800485771723,0.82800485771723,0.82800485771723,0.82800485771723,0.77848074196266,0.77848074196266,0.77848074196266,0.77848074196266
0.788229248316181,0.788229248316181,0.788229248316181,0.788229248316181,0.788229248316181,0.788229248316181,0.788229248316181,0.788229248316181,0.80967766323635,0.80967766323635,0.80967766323635,0.80967766323635,0.724419579326364,0.724419579326364,0.724419579326364,0.724419579326364,0.713607346799105,0.713607346799105,0.713607346799105,0.713607346799105
0.731731500548367,0.731731500548367,0.731731500548367,0.731731500548367,0.731731500548367,0.731731500548367,0.731731500548367,0.731731500548367,0.840136167296273,0.840136167296273,0.840136167296273,0.840136167296273,0.829295700621483,0.829295700621483,0.829295700621483,0.829295700621483,0.82613576087924,0.82613576087924,0.82613576087924,0.82613576087924
0.827075360089252,0.795710424849332,0.765523680537608,0.765523680537608,0.827075360089252,0.795710424849332,0.765523680537608,0.765523680537608,0.762206704395977,0.835606834389642,0.784957581270286,0.763451894112196,0.839389756548585,0.819433798885327,0.797869751546239,0.776305704207152,0.817587425209661,0.819433798885327,0.797869751546239,0.776305704207152
0.772412965024247,0.783526820636107,0.715857682567808,0.738362057566888,0.772412965024247,0.783526820636107,0.715857682567808,0.738362057566888,0.71934871945762,0.818730754466436,0.759574182266605,0.782443374436553,0.776839436592194,0.770100547582755,0.769277218961752,0.786851541004049,0.776839436592194,0.770100547582755,0.769277218961752,0.782443374436553
0.811640619535005,0.857366851621484,0.845935293599864,0.800209061513385,0.811640619535005,0.857366851621484,0.845935293599864,0.800209061513385,0.711909855570283,0.880229967664723,0.857366851621484,0.811640619535005,0.735936091324983,0.857366851621484,0.857366851621484,0.811640619535005,0.735936091324983,0.857366851621484,0.857366851621484,0.811640619535005
0.881132573166981,0.881132573166981,0.881132573166981,0.870321130551435,0.881132573166981,0.881132573166981,0.881132573166981,0.870321130551435,0.881132573166981,0.881132573166981,0.881132573166981,0.870321130551435,0.827075360089252,0.848698245320344,0.848698245320344,0.848698245320344,0.827075360089252,0.848698245320344,0.848698245320344,0.848698245320344
