0.735692107938177,0.735692107938177,0.735692107938177,0.735692107938177,0.735692107938177,0.735692107938177,0.735692107938177,0.735692107938177,0.786649137059436,0.786649137059436,0.786649137059436,0.786649137059436,0.781199001658363,0.781199001658363,0.781199001658363,0.781199001658363,0.773560140313505,0.773560140313505,0.773560140313505,0.773560140313505
0.881694276837725,0.917866349733631,0.9299237073656,0.917866349733631,0.881694276837725,0.917866349733631,0.9299237073656,0.917866349733631,0.893751634469694,0.917866349733631,0.9299237073656,0.917866349733631,0.749063342886067,0.866622579797764,0.87566559802174,0.872651258613748,0.71289126999016,0.842507864533826,0.857579561573787,0.854565222165795
0.745146938484049,0.745146938484049,0.745146938484049,0.745146938484049,0.745146938484049,0.745146938484049,0.745146938484049,0.745146938484049,0.768530210612209,0.768530210612209,0.768530210612209,0.768530210612209,0.736028394111767,0.736028394111767,0.736028394111767,0.736028394111767,0.731783825231975,0.731783825231975,0.731783825231975,0.731783825231975
0.705257560747932,0.705257560747932,0.705257560747932,0.705257560747932,0.705257560747932,0.705257560747932,0.705257560747932,0.705257560747932,0.715030182836818,0.715030182836818,0.715030182836818,0.715030182836818,0.755613614292973,0.755613614292973,0.755613614292973,0.755613614292973,0.748806284434478,0.748806284434478,0.748806284434478,0.748806284434478
0.963071620492752,0.963071620492752,0.963071620492752,0.963071620492752,0.963071620492752,0.963071620492752,0.963071620492752,0.963071620492752,0.960833931336634,0.960833931336634,0.960833931336634,0.960833931336634,0.799068740431517,0.799068740431517,0.799068740431517,0.799068740431517,0.80039279890454,0.80039279890454,0.80039279890454,0.80039279890454
0.806285433243908,0.806285433243908,0.806285433243908,0.806285433243908,0.806285433243908,0.806285433243908,0.806285433243908,0.806285433243908,0.802825676400178,0.802825676400178,0.802825676400178,0.802825676400178,0.684463822521285,0.684463822521285,0.684463822521285,0.684463822521285,0.684463822521285,0.684463822521285,0.684463822521285,0.684463822521285
0.851535705939673,0.851535705939673,0.851535705939673,0.851535705939673,0.851535705939673,0.851535705939673,0.851535705939673,0.851535705939673,0.85216979145844,0.85216979145844,0.85216979145844,0.85216979145844,0.728784148462062,0.728784148462062,0.728784148462062,0.728784148462062,0.724981057833216,0.724981057833216,0.724981057833216,0.724981057833216
0.755092021702051,0.755092021702051,0.755092021702051,0.755092021702051,0.755092021702051,0.755092021702051,0.755092021702051,0.755092021702051,0.782221076373982,0.782221076373982,0.782221076373982,0.782221076373982,0.703848251766184,0.703848251766184,0.703848251766184,0.703848251766184,0.694805233542207,0.694805233542207,0.694805233542207,0.694805233542207
0.908110544865422,0.908110544865422,0.908110544865422,0.908110544865422,0.908110544865422,0.908110544865422,0.908110544865422,0.908110544865422,0.938998658636355,0.938998658636355,0.938998658636355,0.938998658636355,0.896280851137208,0.896280851137208,0.896280851137208,0.896280851137208,0.896280851137208,0.896280851137208,0.896280851137208,0.896280851137208
0.825934021932729,0.825934021932729,0.825934021932729,0.825934021932729,0.825934021932729,0.825934021932729,0.825934021932729,0.825934021932729,0.825934021932729,0.825934021932729,0.825934021932729,0.825934021932729,0.723408477745973,0.723408477745973,0.723408477745973,0.723408477745973,0.720316988524836,0.720316988524836,0.720316988524836,0.720316988524836
0.703848251766184,0.703848251766184,0.703848251766184,0.703848251766184,0.703848251766184,0.703848251766184,0.703848251766184,0.703848251766184,0.703848251766184,0.703848251766184,0.703848251766184,0.703848251766184,0.68576221531823,0.68576221531823,0.68576221531823,0.68576221531823,0.670690518278269,0.670690518278269,0.670690518278269,0.670690518278269
0.715905609398153,0.715905609398153,0.715905609398153,0.715905609398153,0.715905609398153,0.715905609398153,0.715905609398153,0.715905609398153,0.74002032466209,0.74002032466209,0.74002032466209,0.74002032466209,0.718919948806145,0.718919948806145,0.718919948806145,0.718919948806145,0.715905609398153,0.715905609398153,0.715905609398153,0.715905609398153
0.673704857686262,0.673704857686262,0.673704857686262,0.673704857686262,0.673704857686262,0.673704857686262,0.673704857686262,0.673704857686262,0.679733536502246,0.679733536502246,0.679733536502246,0.679733536502246,0.709876930582168,0.709876930582168,0.709876930582168,0.709876930582168,0.703848251766184,0.703848251766184,0.703848251766184,0.703848251766184
0.691790894134215,0.691790894134215,0.691790894134215,0.691790894134215,0.691790894134215,0.691790894134215,0.691790894134215,0.691790894134215,0.724948627622129,0.724948627622129,0.724948627622129,0.724948627622129,0.737005985254098,0.737005985254098,0.737005985254098,0.737005985254098,0.737005985254098,0.737005985254098,0.737005985254098,0.737005985254098
0.718919948806145,0.718919948806145,0.718919948806145,0.718919948806145,0.718919948806145,0.718919948806145,0.718919948806145,0.718919948806145,0.746049003478075,0.746049003478075,0.746049003478075,0.746049003478075,0.721934288214137,0.721934288214137,0.721934288214137,0.721934288214137,0.718919948806145,0.718919948806145,0.718919948806145,0.718919948806145
0.809350131045911,0.836479185717841,0.82140748867788,0.815378809861896,0.809350131045911,0.836479185717841,0.82140748867788,0.815378809861896,0.827436167493865,0.851550882757803,0.830450506901857,0.809350131045911,0.737005985254098,0.752077682294059,0.779206736965989,0.776192397557997,0.715905609398153,0.752077682294059,0.779206736965989,0.785235415781974
0.788249755189966,0.87566559802174,0.87566559802174,0.866622579797764,0.788249755189966,0.87566559802174,0.87566559802174,0.866622579797764,0.836479185717841,0.851550882757803,0.854565222165795,0.839493525125834,0.764135039926028,0.830450506901857,0.833464846309849,0.827436167493865,0.724948627622129,0.830450506901857,0.839493525125834,0.833464846309849
0.809350131045911,0.890737295061701,0.884708616245717,0.869636919205756,0.809350131045911,0.890737295061701,0.884708616245717,0.869636919205756,0.836479185717841,0.866622579797764,0.84853654334981,0.839493525125834,0.752077682294059,0.818393149269888,0.836479185717841,0.830450506901857,0.706862591174176,0.827436167493865,0.836479185717841,0.833464846309849
0.907823665063621,0.907823665063621,0.907823665063621,0.907823665063621,0.907823665063621,0.907823665063621,0.907823665063621,0.907823665063621,0.907823665063621,0.907823665063621,0.907823665063621,0.907823665063621,0.84846529047066,0.84846529047066,0.84846529047066,0.84846529047066,0.84532282643188,0.84532282643188,0.84532282643188,0.84532282643188
0.920808563530919,0.920808563530919,0.920808563530919,0.920808563530919,0.920808563530919,0.920808563530919,0.920808563530919,0.920808563530919,0.923315536481089,0.923315536481089,0.923315536481089,0.923315536481089,0.850714112492018,0.850714112492018,0.850714112492018,0.850714112492018,0.850714112492018,0.850714112492018,0.850714112492018,0.850714112492018
0.927018633540373,0.927018633540373,0.927018633540373,0.927018633540373,0.927018633540373,0.927018633540373,0.927018633540373,0.927018633540373,0.92558250776163,0.92558250776163,0.92558250776163,0.92558250776163,0.839894380034817,0.839894380034817,0.839894380034817,0.839894380034817,0.838083201630985,0.838083201630985,0.838083201630985,0.838083201630985
0.854443817109826,0.887770580982509,0.864631788752867,0.85415140343465,0.854443817109826,0.887770580982509,0.864631788752867,0.85415140343465,0.871111753700531,0.891791270093704,0.867138167763815,0.858640051047432,0.826491685996558,0.834005573522618,0.84107341736603,0.84005953547674,0.808327033557074,0.829448257133876,0.844607339287736,0.84005953547674
0.866366975764126,0.878604441490716,0.871126956882284,0.867388214578068,0.866366975764126,0.878604441490716,0.871126956882284,0.867388214578068,0.8748656991865,0.889820668403363,0.878604441490716,0.8748656991865,0.841210715564356,0.87166178219112,0.856436248877738,0.856436248877738,0.825985182250974,0.864049015534429,0.867855398862774,0.861992873348621
0.882705331572643,0.875453885043928,0.879243728702127,0.839204001848677,0.882705331572643,0.875453885043928,0.879243728702127,0.839204001848677,0.877172147511701,0.875453885043928,0.879243728702127,0.839204001848677,0.850779229460383,0.858496047868187,0.866212866275991,0.858496047868187,0.812195137421363,0.83317891903205,0.866212866275991,0.862354457072089
0.956251167299501,0.956251167299501,0.956251167299501,0.956251167299501,0.956251167299501,0.956251167299501,0.956251167299501,0.956251167299501,0.962501174928909,0.962501174928909,0.962501174928909,0.962501174928909,0.858268203999699,0.858268203999699,0.858268203999699,0.858268203999699,0.858268203999699,0.858268203999699,0.858268203999699,0.858268203999699
