0.7828156352007,0.7828156352007,0.7828156352007,0.7828156352007,0.805658455307353,0.805658455307353,0.805658455307353,0.805658455307353,0.855560555558802,0.855560555558802,0.855560555558802,0.855560555558802,0.705410861045249,0.705410861045249,0.705410861045249,0.705410861045249,0.687236506744742,0.687236506744742,0.687236506744742,0.687236506744742
0.781299585885139,0.832659799259311,0.834300508223368,0.835941217187426,0.781299585885139,0.837581926151484,0.834300508223368,0.835941217187426,0.769809886092711,0.857270433720177,0.837581926151484,0.842504053043657,0.671881331433178,0.753396029246384,0.743547715138589,0.744675680814624,0.662024881583302,0.743547715138589,0.746830486507854,0.754528060274134
0.772988409308473,0.772988409308473,0.772988409308473,0.772988409308473,0.802146313063623,0.802146313063623,0.802146313063623,0.802146313063623,0.834390100145817,0.834390100145817,0.834390100145817,0.834390100145817,0.670587548783162,0.670587548783162,0.670587548783162,0.670587548783162,0.642383300642295,0.642383300642295,0.642383300642295,0.642383300642295
0.780579234838908,0.780579234838908,0.780579234838908,0.780579234838908,0.791573308569033,0.791573308569033,0.791573308569033,0.791573308569033,0.784243926082283,0.784243926082283,0.784243926082283,0.784243926082283,0.74098785391927,0.74098785391927,0.74098785391927,0.74098785391927,0.699342926328865,0.699342926328865,0.699342926328865,0.699342926328865
0.93511443596835,0.932034715388004,0.932034715388004,0.932034715388004,0.937838954862549,0.940447788264747,0.940447788264747,0.940447788264747,0.922189917990965,0.930257718790506,0.930257718790506,0.930257718790506,0.87069128178028,0.87069128178028,0.87069128178028,0.87069128178028,0.868669232620754,0.868669232620754,0.868669232620754,0.868669232620754
0.799684389959477,0.815989723929389,0.815989723929389,0.815989723929389,0.80286619295817,0.820830361432081,0.820830361432081,0.820830361432081,0.805186479558994,0.841845720337268,0.841845720337268,0.841845720337268,0.593136757863911,0.593136757863911,0.593136757863911,0.593136757863911,0.575545217058474,0.575545217058474,0.575545217058474,0.575545217058474
0.835980158319109,0.844265392792043,0.844265392792043,0.844265392792043,0.839808974884727,0.850777064646689,0.850777064646689,0.850777064646689,0.837679030745011,0.859290366645947,0.859290366645947,0.859290366645947,0.76898108564073,0.76898108564073,0.76898108564073,0.76898108564073,0.764537062827266,0.764537062827266,0.764537062827266,0.764537062827266
0.74570222416425,0.74570222416425,0.74570222416425,0.74570222416425,0.762109313804827,0.771953567589174,0.771953567589174,0.771953567589174,0.809689873762502,0.822815545474964,0.822815545474964,0.822815545474964,0.717285544184466,0.717285544184466,0.717285544184466,0.717285544184466,0.720568315553732,0.720568315553732,0.720568315553732,0.720568315553732
0.936709663855604,0.941947555731777,0.941947555731777,0.941947555731777,0.943693519690501,0.945439483649225,0.945439483649225,0.945439483649225,0.936709663855604,0.941947555731777,0.941947555731777,0.941947555731777,0.887462974822403,0.887462974822403,0.887462974822403,0.887462974822403,0.889229070294687,0.889229070294687,0.889229070294687,0.889229070294687
0.71782789057092,0.73102932304119,0.73102932304119,0.73102932304119,0.73102932304119,0.739280218335109,0.739280218335109,0.739280218335109,0.756408953874324,0.74484811833476,0.74484811833476,0.74484811833476,0.609455578172736,0.609455578172736,0.609455578172736,0.609455578172736,0.598596457788381,0.598596457788381,0.598596457788381,0.598596457788381
0.765390731732943,0.768672149661058,0.768672149661058,0.768672149661058,0.780157112409463,0.780157112409463,0.780157112409463,0.780157112409463,0.814612000654675,0.81133058272656,0.81133058272656,0.81133058272656,0.707965917990921,0.707965917990921,0.707965917990921,0.707965917990921,0.709606626954979,0.709606626954979,0.709606626954979,0.709606626954979
0.712888044883095,0.698121664206575,0.698121664206575,0.698121664206575,0.727654425559614,0.721091589703383,0.721091589703383,0.721091589703383,0.775234985517289,0.785079239301636,0.785079239301636,0.785079239301636,0.698836490525745,0.698836490525745,0.698836490525745,0.698836490525745,0.70213288906596,0.70213288906596,0.70213288906596,0.70213288906596
0.788360657229751,0.788360657229751,0.788360657229751,0.788360657229751,0.799845619978156,0.799845619978156,0.799845619978156,0.799845619978156,0.834300508223368,0.834300508223368,0.834300508223368,0.834300508223368,0.715644158499834,0.715644158499834,0.715644158499834,0.715644158499834,0.704154458707405,0.704154458707405,0.704154458707405,0.704154458707405
0.768672149661058,0.768672149661058,0.768672149661058,0.768672149661058,0.791642075157867,0.791642075157867,0.791642075157867,0.791642075157867,0.845785470971773,0.845785470971773,0.845785470971773,0.845785470971773,0.70743723007667,0.70743723007667,0.70743723007667,0.70743723007667,0.697588915968875,0.697588915968875,0.697588915968875,0.697588915968875
0.760468604840769,0.760468604840769,0.760468604840769,0.760468604840769,0.786719948265693,0.786719948265693,0.786719948265693,0.786719948265693,0.839222635115542,0.839222635115542,0.839222635115542,0.839222635115542,0.70743723007667,0.70743723007667,0.70743723007667,0.70743723007667,0.691023373230344,0.691023373230344,0.691023373230344,0.691023373230344
0.804767746870329,0.827737672367137,0.788360657229751,0.776875694481347,0.804767746870329,0.827737672367137,0.786719948265693,0.776875694481347,0.793282784121925,0.835941217187426,0.791642075157867,0.776875694481347,0.71616946281121,0.750624351056423,0.719450880739326,0.703043791098748,0.703043791098748,0.740780097272076,0.729295134523672,0.722732298667441
0.753905768984538,0.801486328942213,0.803127037906271,0.799845619978156,0.757187186912654,0.801486328942213,0.803127037906271,0.799845619978156,0.735857970379903,0.806408455834387,0.808049164798444,0.79656420205004,0.689918119386286,0.717810171775268,0.68663670145817,0.681714574565997,0.658744649069189,0.681714574565997,0.655463231141073,0.652181813212958
0.753905768984538,0.79656420205004,0.793282784121925,0.785079239301636,0.750624351056423,0.79656420205004,0.793282784121925,0.785079239301636,0.740780097272076,0.801486328942213,0.798204911014098,0.785079239301636,0.676792447673824,0.704684500062806,0.662026066997304,0.645618977356727,0.660385358033246,0.670229611817593,0.640696850464553,0.630852596680207
0.898653712969876,0.898653712969876,0.898653712969876,0.898653712969876,0.909093059103118,0.909093059103118,0.909093059103118,0.909093059103118,0.903873386036497,0.903873386036497,0.903873386036497,0.903873386036497,0.852959117782924,0.852959117782924,0.852959117782924,0.852959117782924,0.852959117782924,0.852959117782924,0.852959117782924,0.852959117782924
0.899434811520616,0.899434811520616,0.899434811520616,0.899434811520616,0.901176214834306,0.901176214834306,0.901176214834306,0.901176214834306,0.882020778383721,0.882020778383721,0.882020778383721,0.882020778383721,0.863788037120382,0.863788037120382,0.863788037120382,0.863788037120382,0.861252707655784,0.861252707655784,0.861252707655784,0.861252707655784
0.881842787069241,0.881842787069241,0.881842787069241,0.881842787069241,0.892122247650915,0.892122247650915,0.892122247650915,0.892122247650915,0.882665042126253,0.882665042126253,0.882665042126253,0.882665042126253,0.808024292502808,0.808024292502808,0.808024292502808,0.808024292502808,0.798255407515642,0.798255407515642,0.798255407515642,0.798255407515642
0.860330295382565,0.857525766635775,0.863900130633115,0.85497554250674,0.861347181485223,0.85625,0.866458326704898,0.85497554250674,0.861347181485223,0.85625,0.867469965883665,0.85497554250674,0.823918108546055,0.855675027137123,0.860551428213405,0.86212753105079,0.821555183186568,0.852053122260352,0.860551428213405,0.857723126788103
0.832372648696552,0.870347273247887,0.874500008956808,0.87825322787937,0.830510517491415,0.871423916592472,0.87825322787937,0.87825322787937,0.835747446202663,0.867675856736161,0.87825322787937,0.87825322787937,0.801009943719983,0.853598072876486,0.839490214709242,0.853863824096657,0.804739208334741,0.850270973228727,0.839490214709242,0.854414423316538
0.827017744455208,0.854318525616432,0.837207866929195,0.843259986536288,0.827017744455208,0.854318525616432,0.838046332704614,0.843259986536288,0.827017744455208,0.853730263848204,0.84092841108966,0.843259986536288,0.799002242393095,0.797143825171028,0.783348099151673,0.804762074005518,0.787916305537736,0.797923428120358,0.788271157747,0.8109288331933
0.918373131397039,0.918373131397039,0.918373131397039,0.918373131397039,0.914823863256374,0.914823863256374,0.914823863256374,0.914823863256374,0.889604051362564,0.889604051362564,0.889604051362564,0.889604051362564,0.710772470765086,0.710772470765086,0.710772470765086,0.710772470765086,0.696248384517013,0.696248384517013,0.696248384517013,0.696248384517013
