0,0,0,0,0,0,0,0,0,0,0,0,0,0,0,0,0,0,0,0
0.214130741425427,0.150211117119329,0.150211117119329,0.150211117119329,0.150211117119329,0.150211117119329,0.150211117119329,0.150211117119329,0,0,0,0,0,0,0,0,0,0,0,0
0,0,0,0,0,0,0,0,0,0,0,0,0,0,0,0,0,0,0,0
0,0,0,0,0,0,0,0,0,0,0,0,0,0,0,0,0,0,0,0
-0.291466653243231,0.291466653243231,0.291466653243231,0.291466653243231,0.291466653243231,0.291466653243231,0.291466653243231,0.291466653243231,0,0,0,0,0,0,0,0,0,0,0,0
-0.335918583379182,0.335918583379182,0.335918583379182,0.335918583379182,0.335918583379182,0.335918583379182,0.335918583379182,0.335918583379182,0,0,0,0,0,0,0,0,0,0,0,0
-0.363558368263574,0.363558368263574,0.363558368263574,0.363558368263574,0.363558368263574,0.363558368263574,0.363558368263574,0.363558368263574,0,0,0,0,0,0,0,0,0,0,0,0
-0.146969384566991,-0.146969384566991,-0.146969384566991,-0.146969384566991,-0.146969384566991,-0.146969384566991,-0.146969384566991,-0.146969384566991,0,0,0,0,0,0,0,0,0,0,0,0
-0.18314056261088,0.18314056261088,0.18314056261088,0.18314056261088,0.18314056261088,0.18314056261088,0.18314056261088,0.18314056261088,0,0,0,0,0,0,0,0,0,0,0,0
-0.244517132637448,0.244517132637448,0.244517132637448,0.244517132637448,0.244517132637448,0.244517132637448,0.244517132637448,0.244517132637448,0,0,0,0,0,0,0,0,0,0,0,0
-0.122474487139159,-0.122474487139159,-0.122474487139159,-0.122474487139159,-0.122474487139159,-0.122474487139159,-0.122474487139159,-0.122474487139159,0,0,0,0,0,0,0,0,0,0,0,0
-0.106144555520604,-0.106144555520604,-0.106144555520604,-0.106144555520604,-0.106144555520604,-0.106144555520604,-0.106144555520604,-0.106144555520604,0,0,0,0,0,0,0,0,0,0,0,0
0,0,0,0,0,0,0,0,0,0,0,0,0,0,0,0,0,0,0,0
0,0,0,0,0,0,0,0,0,0,0,0,0,0,0,0,0,0,0,0
0,0,0,0,0,0,0,0,0,0,0,0,0,0,0,0,0,0,0,0
0.0990754176744512,0.214130741425427,0.214130741425427,0.214130741425427,0.214130741425427,0.214130741425427,0.214130741425427,0.214130741425427,0,0,0,0,0,0,0,0,0,0,0,0
0.13742719225811,0.150211117119329,0.150211117119329,0.150211117119329,0.150211117119329,0.150211117119329,0.150211117119329,0.150211117119329,0,0,0,0,0,0,0,0,0,0,0,0
0.14381915468872,0.156603079549939,0.156603079549939,0.156603079549939,0.156603079549939,0.156603079549939,0.156603079549939,0.156603079549939,0,0,0,0,0,0,0,0,0,0,0,0
0,0,0,0,-0.0197318252364056,-0.0197318252364056,-0.0197318252364056,-0.0197318252364056,0,0,0,0,0,0,0,0,0,0,0,0
0,0,0,0,-0.00654073437896,-0.00654073437896,-0.00654073437896,-0.00654073437896,0,0,0,0,0,0,0,0,0,0,0,0
0,0,0,0,-0.03924440627376,-0.03924440627376,-0.03924440627376,-0.03924440627376,0,0,0,0,0,0,0,0,0,0,0,0
-0.0521068242764205,0,0,0,0.0423392127402728,0.0423392127402728,0.0423392127402728,0.0423392127402728,0,0,0,0,0,0,0,0,0,0,0,0
-0.0785977491891859,0.0916973740540502,0.0916973740540502,0.0916973740540502,0.0785977491891859,0.0785977491891859,0.0785977491891859,0.0785977491891859,0,0,0,0,0,0,0,0,0,0,0,0
-0.0851475616216181,0.0589483118918894,0.0589483118918894,0.0589483118918894,0.0851475616216181,0.0851475616216181,0.0851475616216181,0.0851475616216181,0,0,0,0,0,0,0,0,0,0,0,0
0,0,0,0,0.194575409474748,0.194575409474748,0.194575409474748,0.194575409474748,0,0,0,0,0,0,0,0,0,0,0,0
