0,0,0,0,0,0,0,0,0,0,0,0,0,0,0,0,0,0,0,0
0.333809184158512,0.333809184158512,0.333809184158512,0.333809184158512,0.333809184158512,0.333809184158512,0.333809184158512,0.333809184158512,0,0,0,0,0,0,0,0,0,0,0,0
0,0,0,0,0,0,0,0,0,0,0,0,0,0,0,0,0,0,0,0
0,0,0,0,0,0,0,0,0,0,0,0,0,0,0,0,0,0,0,0
0.161870194549929,0.161870194549929,0.161870194549929,0.161870194549929,0,0,0,0,0,0,0,0,0,0,0,0,0,0,0,0
0.212665919340512,0.212665919340512,0.212665919340512,0.212665919340512,0,0,0,0,0,0,0,0,0,0,0,0,0,0,0,0
0.219274232406222,0.219274232406222,0.219274232406222,0.219274232406222,0,0,0,0,0,0,0,0,0,0,0,0,0,0,0,0
0,0,0,0,0,0,0,0,0,0,0,0,0,0,0,0,0,0,0,0
0.169802915249702,0.169802915249702,0.169802915249702,0.169802915249702,0,0,0,0,0,0,0,0,0,0,0,0,0,0,0,0
0.00857240833122733,0.00857240833122733,0.00857240833122733,0.00857240833122733,0,0,0,0,0,0,0,0,0,0,0,0,0,0,0,0
0,0,0,0,0,0,0,0,0,0,0,0,0,0,0,0,0,0,0,0
0,0,0,0,0,0,0,0,0,0,0,0,0,0,0,0,0,0,0,0
0,0,0,0,0,0,0,0,0,0,0,0,0,0,0,0,0,0,0,0
0,0,0,0,0,0,0,0,0,0,0,0,0,0,0,0,0,0,0,0
0,0,0,0,0,0,0,0,0,0,0,0,0,0,0,0,0,0,0,0
0.19686182655502,0.19686182655502,0.19686182655502,0.19686182655502,0,0,0,0,0,0,0,0,0,0,0,0,0,0,0,0
0.188302616704802,0.188302616704802,0.188302616704802,0.188302616704802,0,0,0,0,0,0,0,0,0,0,0,0,0,0,0,0
0.205421036405238,0.205421036405238,0.205421036405238,0.205421036405238,0,0,0,0,0,0,0,0,0,0,0,0,0,0,0,0
0,0,0,0,0,0,0,0,0,0,0,0,0,0,0,0,0,0,0,0
0,0,0,0,0,0,0,0,0,0,0,0,0,0,0,0,0,0,0,0
0,0,0,0,0,0,0,0,0,0,0,0,0,0,0,0,0,0,0,0
0,0,0,0,0,0,0,0,0,0,0,0,0,0,0,0,0,0,0,0
0,0,0,0,0,0,0,0,0,0,0,0,0,0,0,0,0,0,0,0
0,0,0,0,0,0,0,0,0,0,0,0,0,0,0,0,0,0,0,0
0,0,0,0,0,0,0,0,0,0,0,0,0,0,0,0,0,0,0,0
