0,0,0,0,0.304818959864943,0.304818959864943,0.304818959864943,0.304818959864943,0,0,0,0,0,0,0,0,0,0,0,0
-0.0897918823538977,-0.0381789125644787,-0.0381789125644787,-0.0381789125644787,0.0381789125644787,0.0381789125644787,0.0381789125644787,0.0381789125644787,0,0,0,0,0,0,0,0,0,0,0,0
0,0,0,0,0.228690776028069,0.228690776028069,0.228690776028069,0.228690776028069,0,0,0,0,0,0,0,0,0,0,0,0
0,0,0,0,0,0,0,0,0,0,0,0,0,0,0,0,0,0,0,0
-0.0828120873621521,0.0757642501398413,0.0757642501398413,0.0757642501398413,0.0694438882191937,0.0694438882191937,0.0694438882191937,0.0694438882191937,0,0,0,0,0,0,0,0,0,0,0,0
-0.193390022499594,0.228551844772248,0.228551844772248,0.228551844772248,0.266241021276957,0.266241021276957,0.266241021276957,0.266241021276957,0,0,0,0,0,0,0,0,0,0,0,0
-0.160228906175238,0.174161854538302,0.174161854538302,0.174161854538302,0.160228906175238,0.160228906175238,0.160228906175238,0.160228906175238,0,0,0,0,0,0,0,0,0,0,0,0
0.115989848834251,0.0120615259664067,0.0120615259664067,0.0120615259664067,0.115989848834251,0.115989848834251,0.115989848834251,0.115989848834251,0,0,0,0,0,0,0,0,0,0,0,0
-0.00525510107337466,0.0192687039357071,0.0192687039357071,0.0192687039357071,0,0,0,0,0,0,0,0,0,0,0,0,0,0,0,0
-0.236521023756019,0.239999274105373,0.239999274105373,0.239999274105373,0.300679455163144,0.300679455163144,0.300679455163144,0.300679455163144,0,0,0,0,0,0,0,0,0,0,0,0
0.199152381960695,0.0040205086554689,0.0040205086554689,0.0040205086554689,0.199152381960695,0.199152381960695,0.199152381960695,0.199152381960695,0,0,0,0,0,0,0,0,0,0,0,0
0.0765970699848827,0.0120615259664067,0.0120615259664067,0.0120615259664067,0,0,0,0,0,0,0,0,0,0,0,0,0,0,0,0
0,0,0,0,0.251454706844431,0.251454706844431,0.251454706844431,0.251454706844431,0,0,0,0,0,0,0,0,0,0,0,0
0,0,0,0,0.293074796253164,0.293074796253164,0.293074796253164,0.293074796253164,0,0,0,0,0,0,0,0,0,0,0,0
0,0,0,0,0.293074796253164,0.293074796253164,0.293074796253164,0.293074796253164,0,0,0,0,0,0,0,0,0,0,0,0
-0.133497750545081,-0.130062779402292,-0.130062779402292,-0.130062779402292,0.130062779402292,0.130062779402292,0.130062779402292,0.130062779402292,0,0,0,0,0,0,0,0,0,0,0,0
-0.111612873406543,-0.0953793715616807,-0.0953793715616807,-0.0953793715616807,0.0953793715616807,0.0953793715616807,0.0953793715616807,0.0953793715616807,0,0,0,0,0,0,0,0,0,0,0,0
-0.0941049716957131,-0.0884426899935584,-0.0884426899935584,-0.0884426899935584,0.0884426899935584,0.0884426899935584,0.0884426899935584,0.0884426899935584,0,0,0,0,0,0,0,0,0,0,0,0
0,0,0,0,-0.0487338025097465,-0.0487338025097465,-0.0487338025097465,-0.0487338025097465,0,0,0,0,0,0,0,0,0,0,0,0
0,0,0,0,-0.0549853693516185,-0.0549853693516185,-0.0549853693516185,-0.0549853693516185,0,0,0,0,0,0,0,0,0,0,0,0
0,0,0,0,-0.0388639896742394,-0.0388639896742394,-0.0388639896742394,-0.0388639896742394,0,0,0,0,0,0,0,0,0,0,0,0
0,-0.119550195727022,-0.119550195727022,-0.119550195727022,-0.0387216823868577,-0.0387216823868577,-0.0387216823868577,-0.0387216823868577,0,0,0,0,0,0,0,0,0,0,0,0
-0.13293004779773,-0.13293004779773,-0.13293004779773,-0.13293004779773,-0.117110542237095,-0.117110542237095,-0.117110542237095,-0.117110542237095,0,0,0,0,0,0,0,0,0,0,0,0
-0.0866507039400962,-0.0866507039400962,-0.0866507039400962,-0.0866507039400962,-0.130365690992294,-0.130365690992294,-0.130365690992294,-0.130365690992294,0,0,0,0,0,0,0,0,0,0,0,0
0,0,0,0,0.225167915055635,0.225167915055635,0.225167915055635,0.225167915055635,0,0,0,0,0,0,0,0,0,0,0,0
