0,0,0,0,0.147083493580637,0.147083493580637,0.147083493580637,0.147083493580637,0,0,0,0,0,0,0,0,0,0,0,0
0.0237643682079735,0.0530128213870179,0.0530128213870179,0.0530128213870179,0.0859173312134428,0.0859173312134428,0.0859173312134428,0.0859173312134428,0,0,0,0,0,0,0,0,0,0,0,0
0,0,0,0,0.138180321730805,0.138180321730805,0.138180321730805,0.138180321730805,0,0,0,0,0,0,0,0,0,0,0,0
0,0,0,0,0,0,0,0,0,0,0,0,0,0,0,0,0,0,0,0
0.0636878351875552,-0.262244027242874,0.236019624518587,-0.0374634324632678,0.336735839555319,0.336735839555319,0.336735839555319,0.336735839555319,0,0,0,0,0,0,0,0,0,0,0,0
-0.0628043218031827,-0.0886649248986108,0.273383518437383,0.125608643606365,0.157293687339316,0.157293687339316,0.157293687339316,0.157293687339316,0,0,0,0,0,0,0,0,0,0,0,0
-0.0183679589592661,-0.157964447049689,0.282866567972698,0.0477566932940919,0.255890613553929,0.255890613553929,0.255890613553929,0.255890613553929,0,0,0,0,0,0,0,0,0,0,0,0
-0.0471404520791032,-0.0920361207258681,0.0471404520791032,-0.017817416127495,0.017817416127495,0.017817416127495,0.017817416127495,0.017817416127495,0,0,0,0,0,0,0,0,0,0,0,0
0.0762931000753907,-0.120952475729278,0.19910638312358,0.0502417976106231,0.216301727332362,0.216301727332362,0.216301727332362,0.216301727332362,0,0,0,0,0,0,0,0,0,0,0,0
-0.113608575465824,0.0109943782708862,0.245541114716458,0.168580466820255,0.138697164525558,0.138697164525558,0.138697164525558,0.138697164525558,0,0,0,0,0,0,0,0,0,0,0,0
0,-0.0920361207258681,0,-0.00445435403187374,0.00445435403187374,0.00445435403187374,0.00445435403187374,0.00445435403187374,0,0,0,0,0,0,0,0,0,0,0,0
-0.0291821846203972,-0.0561195858084561,0.0291821846203972,-0.0623609564462324,0,0,0,0,0,0,0,0,0,0,0,0,0,0,0,0
0,0,0,0,0.10560337936221,0.10560337936221,0.10560337936221,0.10560337936221,0,0,0,0,0,0,0,0,0,0,0,0
0,0,0,0,0.118403788981872,0.118403788981872,0.118403788981872,0.118403788981872,0,0,0,0,0,0,0,0,0,0,0,0
0,0,0,0,0.118403788981872,0.118403788981872,0.118403788981872,0.118403788981872,0,0,0,0,0,0,0,0,0,0,0,0
-0.060324934681779,0.0786052179186817,0.0786052179186817,0.0786052179186817,0.0310764815027346,0.0310764815027346,0.0310764815027346,0.0310764815027346,0,0,0,0,0,0,0,0,0,0,0,0
-0.060324934681779,0.0786052179186817,0.0786052179186817,0.0786052179186817,0.0749491612713012,0.0749491612713012,0.0749491612713012,0.0749491612713012,0,0,0,0,0,0,0,0,0,0,0,0
-0.060324934681779,0.0859173312134428,0.0859173312134428,0.0859173312134428,0.0749491612713012,0.0749491612713012,0.0749491612713012,0.0749491612713012,0,0,0,0,0,0,0,0,0,0,0,0
0,0,0,0,0.067521103642848,0.067521103642848,0.067521103642848,0.067521103642848,0,0,0,0,0,0,0,0,0,0,0,0
0,0,0,0,0.0425132874788302,0.0425132874788302,0.0425132874788302,0.0425132874788302,0,0,0,0,0,0,0,0,0,0,0,0
0,0,0,0,0.0508920680460383,0.0508920680460383,0.0508920680460383,0.0508920680460383,0,0,0,0,0,0,0,0,0,0,0,0
0,0.0922478074717345,0.077186940945737,0.0953462589245592,0.0508920680460383,0.0508920680460383,0.0508920680460383,0.0508920680460383,0,0,0,0,0,0,0,0,0,0,0,0
-0.141719290269708,0.126398285916226,0.126398285916226,0.126398285916226,0.0336512136658497,0.0336512136658497,0.0336512136658497,0.0336512136658497,0,0,0,0,0,0,0,0,0,0,0,0
-0.0666410502712285,0.152882409445759,0.152882409445759,0.152882409445759,0.0132462531648945,0.0132462531648945,0.0132462531648945,0.0132462531648945,0,0,0,0,0,0,0,0,0,0,0,0
0.158891624459791,0.0868171690604598,0,-0.0834553441356182,0.158891624459791,0.158891624459791,0.158891624459791,0.158891624459791,0,0,0,0,0,0,0,0,0,0,0,0
