0,0,0,0,0.227819532973818,0.227819532973818,0.227819532973818,0.227819532973818,0,0,0,0,0,0,0,0,0,0,0,0
0,0.230484920845885,0.230484920845885,0.230484920845885,-0.230484920845885,-0.230484920845885,-0.230484920845885,-0.230484920845885,0,0,0,0,0,0,0,0,0,0,0,0
0,0,0,0,0,0,0,0,0,0,0,0,0,0,0,0,0,0,0,0
0,0,0,0,0,0,0,0,0,0,0,0,0,0,0,0,0,0,0,0
0.061937822068824,-0.061937822068824,0.061937822068824,0.061937822068824,0,0,0,0,0,0,0,0,0,0,0,0,0,0,0,0
0.0701534036285735,-0.0701534036285735,0.0701534036285735,0.0701534036285735,0,0,0,0,0,0,0,0,0,0,0,0,0,0,0,0
0.0800438254599779,-0.0800438254599779,0.0800438254599779,0.0800438254599779,0,0,0,0,0,0,0,0,0,0,0,0,0,0,0,0
0,0,0,0,0,0,0,0,0,0,0,0,0,0,0,0,0,0,0,0
-0.0106129129711376,0.0106129129711376,-0.0106129129711376,-0.0106129129711376,0,0,0,0,0,0,0,0,0,0,0,0,0,0,0,0
0.0802266437235388,-0.0802266437235388,0.0802266437235388,0.0802266437235388,0,0,0,0,0,0,0,0,0,0,0,0,0,0,0,0
0,0,0,0,0,0,0,0,0,0,0,0,0,0,0,0,0,0,0,0
0,0,0,0,0,0,0,0,0,0,0,0,0,0,0,0,0,0,0,0
0,0,0,0,0.108956508036236,0.108956508036236,0.108956508036236,0.108956508036236,0,0,0,0,0,0,0,0,0,0,0,0
0,0,0,0,0.150862857280943,0.150862857280943,0.150862857280943,0.150862857280943,0,0,0,0,0,0,0,0,0,0,0,0
0,0,0,0,0.184387936676708,0.184387936676708,0.184387936676708,0.184387936676708,0,0,0,0,0,0,0,0,0,0,0,0
0,-0.0586688889425889,-0.0586688889425889,-0.0586688889425889,0.0586688889425889,0.0586688889425889,0.0586688889425889,0.0586688889425889,0,0,0,0,0,0,0,0,0,0,0,0
0,-0.0377157143202357,-0.0377157143202357,-0.0377157143202357,0.0377157143202357,0.0377157143202357,0.0377157143202357,0.0377157143202357,0,0,0,0,0,0,0,0,0,0,0,0
0,-0.0335250793957651,-0.0335250793957651,-0.0335250793957651,0.0335250793957651,0.0335250793957651,0.0335250793957651,0.0335250793957651,0,0,0,0,0,0,0,0,0,0,0,0
0,0,0,0,0,0,0,0,0,0,0,0,0,0,0,0,0,0,0,0
0,0,0,0,0,0,0,0,0,0,0,0,0,0,0,0,0,0,0,0
0,0,0,0,0,0,0,0,0,0,0,0,0,0,0,0,0,0,0,0
0,0,0,0,0,0,0,0,0,0,0,0,0,0,0,0,0,0,0,0
0,0,0,0,0,0,0,0,0,0,0,0,0,0,0,0,0,0,0,0
0,0,0,0,0,0,0,0,0,0,0,0,0,0,0,0,0,0,0,0
0,0,0,0,0,0,0,0,0,0,0,0,0,0,0,0,0,0,0,0
