0,0,0,0,-0.193105101501406,-0.193105101501406,-0.193105101501406,-0.193105101501406,0,0,0,0,0,0,0,0,0,0,0,0
0.0273536646620739,0.079777924676442,0.079777924676442,0.0328497336902997,-0.0647750275631296,0.0328497336902997,0.0328497336902997,0.0328497336902997,0,0,0,0,0,0,0,0,0,0,0,0
0,0,0,0,-0.207108052764702,-0.207108052764702,-0.207108052764702,-0.207108052764702,0,0,0,0,0,0,0,0,0,0,0,0
0,0,0,0,0,0,0,0,0,0,0,0,0,0,0,0,0,0,0,0
-0.524915787764929,0.524915787764929,0.524915787764929,0.524915787764929,0.53697015661217,0.53697015661217,0.53697015661217,0.53697015661217,0,0,0,0,0,0,0,0,0,0,0,0
-0.544067327790101,0.544067327790101,0.544067327790101,0.544067327790101,0.556573837051496,0.556573837051496,0.556573837051496,0.556573837051496,0,0,0,0,0,0,0,0,0,0,0,0
-0.569994284902566,0.569994284902566,0.569994284902566,0.569994284902566,0.578558514463003,0.578558514463003,0.578558514463003,0.578558514463003,0,0,0,0,0,0,0,0,0,0,0,0
-0.0107958379271883,-0.0107958379271883,-0.0107958379271883,-0.0107958379271883,0.0160100788487652,0.0160100788487652,0.0160100788487652,0.0160100788487652,0,0,0,0,0,0,0,0,0,0,0,0
-0.40467932557003,0.40467932557003,0.40467932557003,0.40467932557003,0.433132210419907,0.433132210419907,0.433132210419907,0.433132210419907,0,0,0,0,0,0,0,0,0,0,0,0
-0.52810217070941,0.52810217070941,0.52810217070941,0.52810217070941,0.536214227346892,0.536214227346892,0.536214227346892,0.536214227346892,0,0,0,0,0,0,0,0,0,0,0,0
-0.043183351708753,-0.043183351708753,-0.043183351708753,-0.043183351708753,-0.0533669294958839,-0.0533669294958839,-0.0533669294958839,-0.0533669294958839,0,0,0,0,0,0,0,0,0,0,0,0
0.0323875137815648,0.0323875137815648,0.0323875137815648,0.0323875137815648,0,0,0,0,0,0,0,0,0,0,0,0,0,0,0,0
0,0,0,0,-0.101397166042179,-0.101397166042179,-0.101397166042179,-0.101397166042179,0,0,0,0,0,0,0,0,0,0,0,0
0,0,0,0,-0.079777924676442,-0.079777924676442,-0.079777924676442,-0.079777924676442,0,0,0,0,0,0,0,0,0,0,0,0
0,0,0,0,-0.16543748143724,-0.16543748143724,-0.16543748143724,-0.16543748143724,0,0,0,0,0,0,0,0,0,0,0,0
-0.0957378263172588,0.145477392057041,0.145477392057041,0.145477392057041,-0.136091753859813,0.145477392057041,0.145477392057041,0.145477392057041,0,0,0,0,0,0,0,0,0,0,0,0
-0.0615457454896664,0.140784572958427,0.12201329656397,0.12201329656397,-0.140784572958427,0.12201329656397,0.12201329656397,0.12201329656397,0,0,0,0,0,0,0,0,0,0,0,0
-0.0410304969931109,0.126706115662584,0.126706115662584,0.098549201070899,-0.126706115662584,0.098549201070899,0.098549201070899,0.098549201070899,0,0,0,0,0,0,0,0,0,0,0,0
0,0,0,0,0.189495342058709,0.189495342058709,0.189495342058709,0.189495342058709,0,0,0,0,0,0,0,0,0,0,0,0
0,0,0,0,0.184260868523875,0.184260868523875,0.184260868523875,0.184260868523875,0,0,0,0,0,0,0,0,0,0,0,0
0,0,0,0,0.225126606000183,0.225126606000183,0.225126606000183,0.225126606000183,0,0,0,0,0,0,0,0,0,0,0,0
0,0.265229004410281,0.122791205745501,0.265229004410281,0.220629079911438,0.265229004410281,0.220629079911438,0.265229004410281,0,0,0,0,0,0,0,0,0,0,0,0
0,0.245688582121963,0.0967864111389551,0.245688582121963,0.194731977041857,0.245688582121963,0.245688582121963,0.245688582121963,0,0,0,0,0,0,0,0,0,0,0,0
0,0.204067130932653,0.0629836823866212,0.204067130932653,0.15184563507292,0.204067130932653,0.204067130932653,0.204067130932653,0,0,0,0,0,0,0,0,0,0,0,0
0,0,0,0,0.30447996808053,0.30447996808053,0.30447996808053,0.30447996808053,0,0,0,0,0,0,0,0,0,0,0,0
