0,0,0,0,-0.0232351043518915,-0.0232351043518915,-0.0232351043518915,-0.0232351043518915,0,0,0,0,0,0,0,0,0,0,0,0
0.0777675058597458,0.0374436139324702,0.0374436139324702,0.0374436139324702,0.0206639799728903,0.0206639799728903,0.0206639799728903,0.0206639799728903,0,0,0,0,0,0,0,0,0,0,0,0
0,0,0,0,0,0,0,0,0,0,0,0,0,0,0,0,0,0,0,0
0,0,0,0,0,0,0,0,0,0,0,0,0,0,0,0,0,0,0,0
-0.0577287015256904,-0.0577287015256904,-0.00740111558021671,-0.00740111558021671,0,0,0,0,0,0,0,0,0,0,0,0,0,0,0,0
-0.0772296129320886,-0.0772296129320886,0.170488013453856,0.170488013453856,0,0,0,0,0,0,0,0,0,0,0,0,0,0,0,0
-0.14171085778131,-0.14171085778131,0.0694093997296214,0.0694093997296214,0,0,0,0,0,0,0,0,0,0,0,0,0,0,0,0
-0.0233926700192955,-0.0233926700192955,0.0491901113417463,0.0491901113417463,0,0,0,0,0,0,0,0,0,0,0,0,0,0,0,0
-0.0761811750275055,-0.0761811750275055,0.014650225966828,0.014650225966828,0,0,0,0,0,0,0,0,0,0,0,0,0,0,0,0
-0.0707726054504353,-0.0707726054504353,0.17765368306946,0.17765368306946,0,0,0,0,0,0,0,0,0,0,0,0,0,0,0,0
-0.020050860016539,-0.020050860016539,0.0360727483172806,0.0360727483172806,0,0,0,0,0,0,0,0,0,0,0,0,0,0,0,0
-0.0167090500137825,-0.0167090500137825,0.0524694520978627,0.0524694520978627,0,0,0,0,0,0,0,0,0,0,0,0,0,0,0,0
0,0,0,0,-0.0123983879837342,-0.0123983879837342,-0.0123983879837342,-0.0123983879837342,0,0,0,0,0,0,0,0,0,0,0,0
0,0,0,0,-0.00826559198915612,-0.00826559198915612,-0.00826559198915612,-0.00826559198915612,0,0,0,0,0,0,0,0,0,0,0,0
0,0,0,0,-0.00826559198915612,-0.00826559198915612,-0.00826559198915612,-0.00826559198915612,0,0,0,0,0,0,0,0,0,0,0,0
0.0259225019532486,-0.0086408339844162,-0.0086408339844162,-0.0086408339844162,0.0413279599457806,0.0413279599457806,0.0413279599457806,0.0413279599457806,0,0,0,0,0,0,0,0,0,0,0,0
-0.0201619459636378,-0.0259225019532486,-0.0259225019532486,-0.0259225019532486,0.0371951639512025,0.0371951639512025,0.0371951639512025,0.0371951639512025,0,0,0,0,0,0,0,0,0,0,0,0
0.0028802779948054,-0.0086408339844162,-0.0086408339844162,-0.0086408339844162,0.0206639799728903,0.0206639799728903,0.0206639799728903,0.0206639799728903,0,0,0,0,0,0,0,0,0,0,0,0
0,0,0,0,0,0,0,0,0,0,0,0,0,0,0,0,0,0,0,0
0,0,0,0,0,0,0,0,0,0,0,0,0,0,0,0,0,0,0,0
0,0,0,0,0,0,0,0,0,0,0,0,0,0,0,0,0,0,0,0
0,0.019231105900953,0.019231105900953,0.019231105900953,0,0,0,0,0,0,0,0,0,0,0,0,0,0,0,0
-0.00512557730065456,0.0075030768924182,0.0075030768924182,0.0075030768924182,0,0,0,0,0,0,0,0,0,0,0,0,0,0,0,0
-0.0140545673785261,0.0370328039909021,0.0642070792016569,0.0642070792016569,0,0,0,0,0,0,0,0,0,0,0,0,0,0,0,0
0.0952669971315744,-0.0703802525811037,0,0,0,0,0,0,0,0,0,0,0,0,0,0,0,0,0,0
