0,0,0,0,0.258426733663561,0.258426733663561,0.258426733663561,0.258426733663561,0,0,0,0,0,0,0,0,0,0,0,0
-0.296459119843333,0.296459119843333,0.296459119843333,0.296459119843333,0.192438376038655,0.192438376038655,0.192438376038655,0.192438376038655,0,0,0,0,0,0,0,0,0,0,0,0
0,0,0,0,0.254869299888442,0.254869299888442,0.254869299888442,0.254869299888442,0,0,0,0,0,0,0,0,0,0,0,0
0,0,0,0,0,0,0,0,0,0,0,0,0,0,0,0,0,0,0,0
0.227341454572535,0.169184338286537,0.169184338286537,0.169184338286537,-0.346536750285227,-0.346536750285227,-0.346536750285227,-0.346536750285227,0,0,0,0,0,0,0,0,0,0,0,0
0.174765284448327,0.153255710977764,0.153255710977764,0.153255710977764,-0.0136295892457213,-0.0136295892457213,-0.0136295892457213,-0.0136295892457213,0,0,0,0,0,0,0,0,0,0,0,0
0.204832384790558,0.168067597776868,0.168067597776868,0.168067597776868,-0.204832384790558,-0.204832384790558,-0.204832384790558,-0.204832384790558,0,0,0,0,0,0,0,0,0,0,0,0
0.153604915435942,-0.233410125612303,-0.233410125612303,-0.233410125612303,0.153604915435942,0.153604915435942,0.153604915435942,0.153604915435942,0,0,0,0,0,0,0,0,0,0,0,0
-0.149032978055161,0.222242160257696,0.222242160257696,0.222242160257696,0.0401418157280735,0.0401418157280735,0.0401418157280735,0.0401418157280735,0,0,0,0,0,0,0,0,0,0,0,0
0.021124583551713,0.21124583551713,0.21124583551713,0.21124583551713,0.120470755718014,0.120470755718014,0.120470755718014,0.120470755718014,0,0,0,0,0,0,0,0,0,0,0,0
0.140956153147056,-0.147575690382985,-0.147575690382985,-0.147575690382985,0.140956153147056,0.140956153147056,0.140956153147056,0.140956153147056,0,0,0,0,0,0,0,0,0,0,0,0
0.249876816942509,-0.209065561375895,-0.209065561375895,-0.209065561375895,0,0,0,0,0,0,0,0,0,0,0,0,0,0,0,0
0,0,0,0,0.0640020480983092,0.0640020480983092,0.0640020480983092,0.0640020480983092,0,0,0,0,0,0,0,0,0,0,0,0
0,0,0,0,0.160005120245773,0.160005120245773,0.160005120245773,0.160005120245773,0,0,0,0,0,0,0,0,0,0,0,0
0,0,0,0,0.192006144294928,0.192006144294928,0.192006144294928,0.192006144294928,0,0,0,0,0,0,0,0,0,0,0,0
-0.0364072603316374,0.0364072603316374,0.0364072603316374,0.0364072603316374,0.192438376038655,0.192438376038655,0.192438376038655,0.192438376038655,0,0,0,0,0,0,0,0,0,0,0,0
-0.0416082975218713,0.0416082975218713,0.0416082975218713,0.0416082975218713,0.187237338848421,0.187237338848421,0.187237338848421,0.187237338848421,0,0,0,0,0,0,0,0,0,0,0,0
-0.0416082975218713,0.0416082975218713,0.0416082975218713,0.0416082975218713,0.166433190087485,0.166433190087485,0.166433190087485,0.166433190087485,0,0,0,0,0,0,0,0,0,0,0,0
0,0,0,0,0.256011931496888,0.256011931496888,0.256011931496888,0.256011931496888,0,0,0,0,0,0,0,0,0,0,0,0
0,0,0,0,0.237763062389358,0.237763062389358,0.237763062389358,0.237763062389358,0,0,0,0,0,0,0,0,0,0,0,0
0,0,0,0,0.2421706351756,0.2421706351756,0.2421706351756,0.2421706351756,0,0,0,0,0,0,0,0,0,0,0,0
-0.0762896180361772,-0.0410443189564449,-0.0410443189564449,-0.0410443189564449,0.210049323880901,0.210049323880901,0.210049323880901,0.210049323880901,0,0,0,0,0,0,0,0,0,0,0,0
-0.0960604730925909,-0.00280737218169272,-0.00280737218169272,-0.00280737218169272,0.185666758671199,0.185666758671199,0.185666758671199,0.185666758671199,0,0,0,0,0,0,0,0,0,0,0,0
0.04572735253911,-0.04572735253911,-0.04572735253911,-0.04572735253911,0.158635386000418,0.158635386000418,0.158635386000418,0.158635386000418,0,0,0,0,0,0,0,0,0,0,0,0
-0.404829767630034,0,0,0,0.150090081081085,0.150090081081085,0.150090081081085,0.150090081081085,0,0,0,0,0,0,0,0,0,0,0,0
