0,0,0,0,0,0,0,0,0,0,0,0,0,0,0,0,0,0,0,0
0.144813237607643,0.144813237607643,0.144813237607643,0.241355396012739,0.144813237607643,0.241355396012739,0.241355396012739,0.241355396012739,0,0,0,0,0,0,0,0,0,0,0,0
0,0,0,0,0,0,0,0,0,0,0,0,0,0,0,0,0,0,0,0
0,0,0,0,0,0,0,0,0,0,0,0,0,0,0,0,0,0,0,0
0.0248060988605822,0.173642692024076,0.173642692024076,0.173642692024076,0,0,0,0,0,0,0,0,0,0,0,0,0,0,0,0
-0.0326185725128436,0.163092862564218,0.163092862564218,0.163092862564218,0,0,0,0,0,0,0,0,0,0,0,0,0,0,0,0
-0.0324522915359432,0.170374530563702,0.170374530563702,0.170374530563702,0,0,0,0,0,0,0,0,0,0,0,0,0,0,0,0
-0.160545335980961,0.0515203889779322,0.0515203889779322,0.0515203889779322,0,0,0,0,0,0,0,0,0,0,0,0,0,0,0,0
0.110276674099128,0.142951244202574,0.142951244202574,0.142951244202574,0,0,0,0,0,0,0,0,0,0,0,0,0,0,0,0
0.125328504953327,0.157671344941282,0.157671344941282,0.157671344941282,0,0,0,0,0,0,0,0,0,0,0,0,0,0,0,0
-0.0849945896369794,0,0,0,0,0,0,0,0,0,0,0,0,0,0,0,0,0,0,0
-0.245539925617941,0.164865244729383,0.164865244729383,0.164865244729383,0,0,0,0,0,0,0,0,0,0,0,0,0,0,0,0
0,0,0,0,0,0,0,0,0,0,0,0,0,0,0,0,0,0,0,0
0,0,0,0,0,0,0,0,0,0,0,0,0,0,0,0,0,0,0,0
0,0,0,0,0,0,0,0,0,0,0,0,0,0,0,0,0,0,0,0
-0.0321807194683652,0.0965421584050956,0.0965421584050956,0.0965421584050956,0,0,0,0,0,0,0,0,0,0,0,0,0,0,0,0
-0.120677698006369,0.136768057740552,0.136768057740552,0.136768057740552,0,0,0,0,0,0,0,0,0,0,0,0,0,0,0,0
-0.144813237607643,0.144813237607643,0.144813237607643,0.144813237607643,0,0,0,0,0,0,0,0,0,0,0,0,0,0,0,0
0,0,0,0,0,0,0,0,0,0,0,0,0,0,0,0,0,0,0,0
0,0,0,0,0,0,0,0,0,0,0,0,0,0,0,0,0,0,0,0
0,0,0,0,0,0,0,0,0,0,0,0,0,0,0,0,0,0,0,0
0,0.16508360764534,0.16508360764534,0.16508360764534,0,0,0,0,0,0,0,0,0,0,0,0,0,0,0,0
0,0.17352641764017,0.17352641764017,0.17352641764017,0,0,0,0,0,0,0,0,0,0,0,0,0,0,0,0
0.178418358826194,0.178418358826194,0.178418358826194,0.178418358826194,0,0,0,0,0,0,0,0,0,0,0,0,0,0,0,0
0,0,0,0,0,0,0,0,0,0,0,0,0,0,0,0,0,0,0,0
