0,0,0,0,0.164692989622765,0.164692989622765,0.164692989622765,0.164692989622765,0,0,0,0,0,0,0,0,0,0,0,0
-0.0493303078338987,0.00133325156307834,0.0173322703200184,0.0173322703200184,0.113326382861659,0.134658407870913,0.134658407870913,0.134658407870913,0,0,0,0,0,0,0,0,0,0,0,0
0,0,0,0,0.169281598343923,0.169281598343923,0.169281598343923,0.169281598343923,0,0,0,0,0,0,0,0,0,0,0,0
0,0,0,0,0,0,0,0,0,0,0,0,0,0,0,0,0,0,0,0
-0.00940596018790924,-0.00940596018790924,-0.00940596018790924,0.130339734032457,0.106069909916213,0.106069909916213,0.106069909916213,0.106069909916213,0,0,0,0,0,0,0,0,0,0,0,0
0.0161791935675428,0.0161791935675428,0.0161791935675428,0.156398871152914,0.0179624714133529,0.0179624714133529,0.0179624714133529,0.0179624714133529,0,0,0,0,0,0,0,0,0,0,0,0
-0.0133621434798333,-0.0133621434798333,-0.0133621434798333,0.165690579149933,0.101552290446733,0.101552290446733,0.101552290446733,0.101552290446733,0,0,0,0,0,0,0,0,0,0,0,0
-0.0558572704941072,-0.0558572704941072,-0.0558572704941072,0.212499124031176,0.0866613516000922,0.0866613516000922,0.0866613516000922,0.0866613516000922,0,0,0,0,0,0,0,0,0,0,0,0
0.00801728608789999,0.00801728608789999,0.00801728608789999,-0.00267242869596666,0.0831941737594763,0.0831941737594763,0.0831941737594763,0.0831941737594763,0,0,0,0,0,0,0,0,0,0,0,0
-0.0668479067799475,-0.0668479067799475,-0.0668479067799475,0.149739311187082,0.076590821728574,0.076590821728574,0.076590821728574,0.076590821728574,0,0,0,0,0,0,0,0,0,0,0,0
-0.0620636338823413,-0.0620636338823413,-0.0620636338823413,0.201507790029564,0.0813283453477789,0.0813283453477789,0.0813283453477789,0.0813283453477789,0,0,0,0,0,0,0,0,0,0,0,0
-0.0372381803294048,-0.0372381803294048,-0.0372381803294048,0.190516456027951,0.0296463241126043,0.0296463241126043,0.0296463241126043,0.0296463241126043,0,0,0,0,0,0,0,0,0,0,0,0
0,0,0,0,0.110409625849526,0.110409625849526,0.110409625849526,0.110409625849526,0,0,0,0,0,0,0,0,0,0,0,0
0,0,0,0,0.151629219500015,0.151629219500015,0.151629219500015,0.151629219500015,0,0,0,0,0,0,0,0,0,0,0,0
0,0,0,0,0.148684962810694,0.148684962810694,0.148684962810694,0.148684962810694,0,0,0,0,0,0,0,0,0,0,0,0
-0.0706623328431521,0.054663314086212,0.0706623328431521,0.0706623328431521,0.131991904744756,0.163989942258636,0.163989942258636,0.163989942258636,0,0,0,0,0,0,0,0,0,0,0,0
-0.0519968109600553,0.0413307984554286,0.0573298172123687,0.0573298172123687,0.177322457889419,0.171989451637106,0.171989451637106,0.171989451637106,0,0,0,0,0,0,0,0,0,0,0,0
-0.0439973015815853,0.0333312890769586,0.0493303078338987,0.0493303078338987,0.182655464141733,0.174655954763263,0.174655954763263,0.174655954763263,0,0,0,0,0,0,0,0,0,0,0,0
0,0,0,0,0.120468507302912,0.120468507302912,0.120468507302912,0.120468507302912,0,0,0,0,0,0,0,0,0,0,0,0
0,0,0,0,0.113158402153832,0.113158402153832,0.113158402153832,0.113158402153832,0,0,0,0,0,0,0,0,0,0,0,0
0,0,0,0,0.192309289742928,0.192309289742928,0.192309289742928,0.192309289742928,0,0,0,0,0,0,0,0,0,0,0,0
0.0605350186474608,-0.0551541281010198,-0.0551541281010198,-0.0551541281010198,0.137597565236526,0.137597565236526,0.137597565236526,0.137597565236526,0,0,0,0,0,0,0,0,0,0,0,0
0.123618742133195,0.00972282241497041,0.00972282241497041,0.00972282241497041,0.174502443297301,0.174502443297301,0.174502443297301,0.174502443297301,0,0,0,0,0,0,0,0,0,0,0,0
0.0743130788796841,0.0131140727434737,0.0131140727434737,0.0131140727434737,0.123122500298625,0.14425480017821,0.14425480017821,0.123122500298625,0,0,0,0,0,0,0,0,0,0,0,0
0,-0.113200830813294,-0.0256464460037627,0,0.0124337063590009,0.0124337063590009,0.0124337063590009,0.0124337063590009,0,0,0,0,0,0,0,0,0,0,0,0
