0,0,0,0,0.441128773256285,0.441128773256285,0.441128773256285,0.441128773256285,0,0,0,0,0,0,0,0,0,0,0,0
-0.250412534588297,0.250412534588297,0.283253522731024,0.250412534588297,0.233992040516933,0.250412534588297,0.250412534588297,0.250412534588297,0,0,0,0,0,0,0,0,0,0,0,0
0,0,0,0,0.390720314107667,0.390720314107667,0.390720314107667,0.390720314107667,0,0,0,0,0,0,0,0,0,0,0,0
0,0,0,0,0,0,0,0,0,0,0,0,0,0,0,0,0,0,0,0
0.217196793656,0.142711090144306,0.142711090144306,0.142711090144306,0.108080989622893,0.108080989622893,0.108080989622893,0.108080989622893,0,0,0,0,0,0,0,0,0,0,0,0
0.222082339314671,0.00854162843517964,0.00854162843517964,0.00854162843517964,0.331421532778503,0.331421532778503,0.331421532778503,0.331421532778503,0,0,0,0,0,0,0,0,0,0,0,0
0.311864465710294,0.0623728931420589,0.0623728931420589,0.0623728931420589,0.138963162653637,0.138963162653637,0.138963162653637,0.138963162653637,0,0,0,0,0,0,0,0,0,0,0,0
-0.0755070974128652,-0.161099224888047,-0.161099224888047,-0.161099224888047,0.173222164653044,0.173222164653044,0.173222164653044,0.173222164653044,0,0,0,0,0,0,0,0,0,0,0,0
0.149417473527526,0.232427181042818,0.232427181042818,0.232427181042818,0.208657478988757,0.208657478988757,0.208657478988757,0.208657478988757,0,0,0,0,0,0,0,0,0,0,0,0
0.0636886694773449,0.0976559598652622,0.0976559598652622,0.0976559598652622,0.419349673568927,0.419349673568927,0.419349673568927,0.419349673568927,0,0,0,0,0,0,0,0,0,0,0,0
-0.144202746800082,-0.211442732665562,-0.211442732665562,-0.211442732665562,0.226521292238596,0.226521292238596,0.226521292238596,0.226521292238596,0,0,0,0,0,0,0,0,0,0,0,0
-0.103190437842951,-0.151306883167201,-0.151306883167201,-0.151306883167201,0,0,0,0,0,0,0,0,0,0,0,0,0,0,0,0
0,0,0,0,0.315353171547849,0.315353171547849,0.315353171547849,0.315353171547849,0,0,0,0,0,0,0,0,0,0,0,0
0,0,0,0,0.300765729040171,0.300765729040171,0.300765729040171,0.300765729040171,0,0,0,0,0,0,0,0,0,0,0,0
0,0,0,0,0.324236359478774,0.324236359478774,0.324236359478774,0.324236359478774,0,0,0,0,0,0,0,0,0,0,0,0
-0.151889570160114,0.0862075938746596,-0.0779973468389777,0.0862075938746596,0.184730558302842,0.151889570160114,0.151889570160114,0.184730558302842,0,0,0,0,0,0,0,0,0,0,0,0
-0.201151052374206,0.151889570160114,0.151889570160114,0.151889570160114,0.217571546445569,0.201151052374206,0.201151052374206,0.201151052374206,0,0,0,0,0,0,0,0,0,0,0,0
-0.201151052374206,0.168310064231478,0.168310064231478,0.168310064231478,0.217571546445569,0.201151052374206,0.201151052374206,0.201151052374206,0,0,0,0,0,0,0,0,0,0,0,0
0.125110008333031,0.125110008333031,0.125110008333031,0.125110008333031,0.0968744929134209,0.0968744929134209,0.0968744929134209,0.0968744929134209,0,0,0,0,0,0,0,0,0,0,0,0
0.168585446084705,0.168585446084705,0.168585446084705,0.168585446084705,0.167943824551926,0.167943824551926,0.167943824551926,0.167943824551926,0,0,0,0,0,0,0,0,0,0,0,0
0.168585446084705,0.168585446084705,0.168585446084705,0.168585446084705,0.259549547034795,0.259549547034795,0.259549547034795,0.259549547034795,0,0,0,0,0,0,0,0,0,0,0,0
0.231077505980941,-0.126625271736019,-0.126625271736019,-0.126625271736019,0.173152618214186,0.173152618214186,0.173152618214186,0.173152618214186,0,0,0,0,0,0,0,0,0,0,0,0
0.022103563514313,-0.0966285059420747,0.0044207127028626,0.207773497034542,0.162616555403203,0.162630654493333,0.162630654493333,0.162616555403203,0,0,0,0,0,0,0,0,0,0,0,0
-0.0294457471143353,0.0721687836487032,0.0264135271897687,0.197811583884282,0.167335487871418,0.176674482686012,0.176674482686012,0.176674482686012,0,0,0,0,0,0,0,0,0,0,0,0
0.271738323103338,0.025475467790938,0.025475467790938,0.025475467790938,0.287554061875836,0.287554061875836,0.287554061875836,0.287554061875836,0,0,0,0,0,0,0,0,0,0,0,0
