0,0,0,0,0,0,0,0,0,0,0,0,0,0,0,0,0,0,0,0
0.0758234232934817,0.189558558233704,0.189558558233704,0.189558558233704,-0.189558558233704,0.189558558233704,0.189558558233704,0.189558558233704,0,0,0,0,0,0,0,0,0,0,0,0
0,0,0,0,0,0,0,0,0,0,0,0,0,0,0,0,0,0,0,0
0,0,0,0,0,0,0,0,0,0,0,0,0,0,0,0,0,0,0,0
-0.414151344084563,0.414151344084563,0.414151344084563,0.414151344084563,0.414151344084563,0.414151344084563,0.414151344084563,0.414151344084563,0,0,0,0,0,0,0,0,0,0,0,0
-0.545289577015542,0.545289577015542,0.545289577015542,0.545289577015542,0.545289577015542,0.545289577015542,0.545289577015542,0.545289577015542,0,0,0,0,0,0,0,0,0,0,0,0
-0.481498607569024,0.481498607569024,0.481498607569024,0.481498607569024,0.481498607569024,0.481498607569024,0.481498607569024,0.481498607569024,0,0,0,0,0,0,0,0,0,0,0,0
0.0918267257533576,0.0918267257533576,0.0918267257533576,0.0918267257533576,0.0918267257533576,0.0918267257533576,0.0918267257533576,0.0918267257533576,0,0,0,0,0,0,0,0,0,0,0,0
-0.363773801007055,0.363773801007055,0.363773801007055,0.363773801007055,0.363773801007055,0.363773801007055,0.363773801007055,0.363773801007055,0,0,0,0,0,0,0,0,0,0,0,0
-0.438592791052972,0.438592791052972,0.438592791052972,0.438592791052972,0.438592791052972,0.438592791052972,0.438592791052972,0.438592791052972,0,0,0,0,0,0,0,0,0,0,0,0
0.0344350221575091,0.0344350221575091,0.0344350221575091,0.0344350221575091,0.0344350221575091,0.0344350221575091,0.0344350221575091,0.0344350221575091,0,0,0,0,0,0,0,0,0,0,0,0
0.0573917035958485,0.0573917035958485,0.0573917035958485,0.0573917035958485,0.0573917035958485,0.0573917035958485,0.0573917035958485,0.0573917035958485,0,0,0,0,0,0,0,0,0,0,0,0
0,0,0,0,0,0,0,0,0,0,0,0,0,0,0,0,0,0,0,0
0,0,0,0,0,0,0,0,0,0,0,0,0,0,0,0,0,0,0,0
0,0,0,0,0,0,0,0,0,0,0,0,0,0,0,0,0,0,0,0
0.142168918675278,0.0663454953817965,0.0663454953817965,0.0663454953817965,-0.0663454953817965,0.0663454953817965,0.0663454953817965,0.0663454953817965,0,0,0,0,0,0,0,0,0,0,0,0
0.113735134940223,0.151646846586963,0.151646846586963,0.151646846586963,-0.151646846586963,0.151646846586963,0.151646846586963,0.151646846586963,0,0,0,0,0,0,0,0,0,0,0,0
0.113735134940223,0.151646846586963,0.151646846586963,0.151646846586963,-0.151646846586963,0.151646846586963,0.151646846586963,0.151646846586963,0,0,0,0,0,0,0,0,0,0,0,0
0,0,0,0,0.26272819494236,0.26272819494236,0.26272819494236,0.26272819494236,0,0,0,0,0,0,0,0,0,0,0,0
0,0,0,0,0.19585192713885,0.19585192713885,0.19585192713885,0.19585192713885,0,0,0,0,0,0,0,0,0,0,0,0
0,0,0,0,0.254713510936038,0.254713510936038,0.254713510936038,0.254713510936038,0,0,0,0,0,0,0,0,0,0,0,0
-0.0810443200858753,0.262950294053567,0.262950294053567,0.262950294053567,0.338479219182185,0.338479219182185,0.338479219182185,0.338479219182185,0,0,0,0,0,0,0,0,0,0,0,0
-0.0440668495208967,0.214825019561353,0.214825019561353,0.214825019561353,0.298675313419411,0.298675313419411,0.298675313419411,0.298675313419411,0,0,0,0,0,0,0,0,0,0,0,0
-0.0599042297873154,0.225281778444791,0.225281778444791,0.225281778444791,0.299521148936577,0.299521148936577,0.299521148936577,0.299521148936577,0,0,0,0,0,0,0,0,0,0,0,0
0,0,0,0,-0.542389978528736,-0.542389978528736,-0.542389978528736,-0.542389978528736,0,0,0,0,0,0,0,0,0,0,0,0
