0,0,0,0,-0.0418081742971908,-0.0418081742971908,-0.0418081742971908,-0.0418081742971908,0,0,0,0,0,0,0,0,0,0,0,0
0.10490828900038,0.118444842419784,0.118444842419784,0.118444842419784,-0.111676565710082,0.111676565710082,0.111676565710082,0.111676565710082,0,0,0,0,0,0,0,0,0,0,0,0
0,0,0,0,-0.0493402161409833,-0.0493402161409833,-0.0493402161409833,-0.0493402161409833,0,0,0,0,0,0,0,0,0,0,0,0
0,0,0,0,0,0,0,0,0,0,0,0,0,0,0,0,0,0,0,0
-0.384661747807396,0.508303023888344,0.508303023888344,0.508303023888344,0.52707057925345,0.52707057925345,0.52707057925345,0.52707057925345,0,0,0,0,0,0,0,0,0,0,0,0
-0.19180894383999,0.411019165371407,0.411019165371407,0.411019165371407,0.480904921439431,0.480904921439431,0.480904921439431,0.480904921439431,0,0,0,0,0,0,0,0,0,0,0,0
-0.292588100984547,0.476306210905076,0.476306210905076,0.476306210905076,0.525817744103137,0.525817744103137,0.525817744103137,0.525817744103137,0,0,0,0,0,0,0,0,0,0,0,0
-0.121548816424163,0.184113299984115,0.184113299984115,0.184113299984115,0.121548816424163,0.121548816424163,0.121548816424163,0.121548816424163,0,0,0,0,0,0,0,0,0,0,0,0
-0.271450142877396,0.339312678596745,0.339312678596745,0.339312678596745,0.347149565047719,0.347149565047719,0.347149565047719,0.347149565047719,0,0,0,0,0,0,0,0,0,0,0,0
-0.13626978963356,0.367928432010611,0.367928432010611,0.367928432010611,0.452364076509583,0.452364076509583,0.452364076509583,0.452364076509583,0,0,0,0,0,0,0,0,0,0,0,0
-0.0626160569457807,0.160356745147455,0.160356745147455,0.160356745147455,0.0626160569457807,0.0626160569457807,0.0626160569457807,0.0626160569457807,0,0,0,0,0,0,0,0,0,0,0,0
-0.0699826518805785,0.184113299984115,0.184113299984115,0.184113299984115,0,0,0,0,0,0,0,0,0,0,0,0,0,0,0,0
0,0,0,0,0.0478828670761853,0.0478828670761853,0.0478828670761853,0.0478828670761853,0,0,0,0,0,0,0,0,0,0,0,0
0,0,0,0,0.084603458871274,0.084603458871274,0.084603458871274,0.084603458871274,0,0,0,0,0,0,0,0,0,0,0,0
0,0,0,0,-0.0184164873369943,-0.0184164873369943,-0.0184164873369943,-0.0184164873369943,0,0,0,0,0,0,0,0,0,0,0,0
0.0710669054518702,0.0575303520324663,0.0575303520324663,0.0575303520324663,-0.0236889684839567,-0.0710669054518702,0.0236889684839567,0.0236889684839567,0,0,0,0,0,0,0,0,0,0,0,0
0.084603458871274,0.0710669054518702,0.0710669054518702,0.0710669054518702,-0.0507620753227644,0.0507620753227644,0.0507620753227644,0.0507620753227644,0,0,0,0,0,0,0,0,0,0,0,0
0.084603458871274,0.0710669054518702,0.0710669054518702,0.0710669054518702,-0.0642986287421682,0.0642986287421682,0.0642986287421682,0.0642986287421682,0,0,0,0,0,0,0,0,0,0,0,0
0,0,0,0,0.136826048402223,0.136826048402223,0.136826048402223,0.136826048402223,0,0,0,0,0,0,0,0,0,0,0,0
0,0,0,0,0.118178575335394,0.118178575335394,0.118178575335394,0.118178575335394,0,0,0,0,0,0,0,0,0,0,0,0
0,0,0,0,0.151820616255131,0.151820616255131,0.151820616255131,0.151820616255131,0,0,0,0,0,0,0,0,0,0,0,0
0,0.138121252856047,0.138121252856047,0.138121252856047,0.138121252856047,0.138121252856047,0.138121252856047,0.138121252856047,0,0,0,0,0,0,0,0,0,0,0,0
0,0.121452839731651,0.121452839731651,0.121452839731651,0.121452839731651,0.121452839731651,0.121452839731651,0.121452839731651,0,0,0,0,0,0,0,0,0,0,0,0
-0.0926382129245915,0.112461404429596,0.112461404429596,0.0926382129245915,0.114016262061036,0.112461404429596,0.112461404429596,0.0926382129245915,0,0,0,0,0,0,0,0,0,0,0,0
0.267615465052524,0,-0.379882461946112,0,0.379882461946112,0.379882461946112,0.379882461946112,0.379882461946112,0,0,0,0,0,0,0,0,0,0,0,0
