0,0,0,0,0.415680267018036,0.415680267018036,0.415680267018036,0.415680267018036,0,0,0,0,0,0,0,0,0,0,0,0
-0.0964990381192264,0.0964990381192264,0.0964990381192264,0.0964990381192264,-0.0964990381192264,-0.252382099696438,-0.252382099696438,-0.252382099696438,0,0,0,0,0,0,0,0,0,0,0,0
0,0,0,0,0.379056286337876,0.379056286337876,0.379056286337876,0.379056286337876,0,0,0,0,0,0,0,0,0,0,0,0
0,0,0,0,0,0,0,0,0,0,0,0,0,0,0,0,0,0,0,0
0.0435066432478794,0.0245907114009753,0.0245907114009753,0.0245907114009753,-0.0578356060546172,-0.0578356060546172,-0.0578356060546172,-0.0578356060546172,0,0,0,0,0,0,0,0,0,0,0,0
0.0622287156977612,0.167828960518204,0.167828960518204,0.167828960518204,0.0723826004278234,0.0723826004278234,0.0723826004278234,0.0723826004278234,0,0,0,0,0,0,0,0,0,0,0,0
0.0521966726214374,0.0633816738974597,0.0633816738974597,0.0633816738974597,-0.0521966726214374,-0.0521966726214374,-0.0521966726214374,-0.0521966726214374,0,0,0,0,0,0,0,0,0,0,0,0
-0.0223718685071341,0,0,0,-0.0223718685071341,-0.0223718685071341,-0.0223718685071341,-0.0223718685071341,0,0,0,0,0,0,0,0,0,0,0,0
-0.0488397491897474,0.0225414227029603,0.0225414227029603,0.0225414227029603,0.0446707411302093,0.0446707411302093,0.0446707411302093,0.0446707411302093,0,0,0,0,0,0,0,0,0,0,0,0
0.00932790366914379,0.076488810086979,0.076488810086979,0.076488810086979,0.0460347517364042,0.0460347517364042,0.0460347517364042,0.0460347517364042,0,0,0,0,0,0,0,0,0,0,0,0
0.0134231211042805,0.0294205957418735,-0.0294205957418735,-0.0294205957418735,0.0134231211042805,0.0134231211042805,0.0134231211042805,0.0134231211042805,0,0,0,0,0,0,0,0,0,0,0,0
-0.0357949896114146,0.0210147112441954,0.0210147112441954,0.0210147112441954,0,0,0,0,0,0,0,0,0,0,0,0,0,0,0,0
0,0,0,0,0.170026200654219,0.170026200654219,0.170026200654219,0.170026200654219,0,0,0,0,0,0,0,0,0,0,0,0
0,0,0,0,0.26846242208561,0.26846242208561,0.26846242208561,0.26846242208561,0,0,0,0,0,0,0,0,0,0,0,0
0,0,0,0,0.317680532801305,0.317680532801305,0.317680532801305,0.317680532801305,0,0,0,0,0,0,0,0,0,0,0,0
-0.0259805102628687,-0.0482495190596132,-0.0482495190596132,-0.0482495190596132,0.0482495190596132,-0.0259805102628687,-0.0259805102628687,-0.0259805102628687,0,0,0,0,0,0,0,0,0,0,0,0
-0.0334035131951168,-0.0630955249241096,-0.0630955249241096,-0.0630955249241096,0.0630955249241096,-0.0334035131951168,-0.0334035131951168,-0.0334035131951168,0,0,0,0,0,0,0,0,0,0,0,0
-0.0519610205257373,-0.0371150146612409,-0.0371150146612409,-0.0371150146612409,0.0371150146612409,-0.0519610205257373,-0.0519610205257373,-0.0519610205257373,0,0,0,0,0,0,0,0,0,0,0,0
0,0,0,0,0.222499577453018,0.222499577453018,0.222499577453018,0.222499577453018,0,0,0,0,0,0,0,0,0,0,0,0
0,0,0,0,0.137948603231753,0.137948603231753,0.137948603231753,0.137948603231753,0,0,0,0,0,0,0,0,0,0,0,0
0,0,0,0,0.172036961107223,0.172036961107223,0.172036961107223,0.172036961107223,0,0,0,0,0,0,0,0,0,0,0,0
0.109720123186056,0,0,-0.0250238877441883,-0.0108989640808969,-0.0108989640808969,-0.0108989640808969,-0.0108989640808969,0,0,0,0,0,0,0,0,0,0,0,0
0.0804298913844476,-0.0804298913844476,-0.0804298913844476,-0.0165544319444141,-0.0910796322336493,-0.0910796322336493,-0.0910796322336493,-0.0910796322336493,0,0,0,0,0,0,0,0,0,0,0,0
0.0939504072739844,-0.0939504072739844,-0.0168686942449158,-0.0939504072739844,-0.110917653998073,-0.110917653998073,-0.110917653998073,-0.110917653998073,0,0,0,0,0,0,0,0,0,0,0,0
0.0189702937640653,0.10097709949467,0,0,0.091860649887818,0.091860649887818,0.091860649887818,0.091860649887818,0,0,0,0,0,0,0,0,0,0,0,0
