0,0,0,0,0,0,0,0,0.174546059451242,0.174546059451242,0.174546059451242,0.174546059451242,0,0,0,0,0,0,0,0
0.139683056787363,0.14321933670603,0.14321933670603,0.14321933670603,0.139683056787363,0.14321933670603,0.14321933670603,0.14321933670603,-0.00256030951711626,-0.00256030951711626,-0.00256030951711626,-0.00256030951711626,0,0,0,0,0,0,0,0
0,0,0,0,0,0,0,0,0,0,0,0,0,0,0,0,0,0,0,0
0,0,0,0,0,0,0,0,0,0,0,0,0,0,0,0,0,0,0,0
-0.141300280646386,0.101950835403089,0.04113805639072,0.102981141033729,0.04113805639072,0.141300280646386,0.04113805639072,0.141300280646386,0,0,0,0,0,0,0,0,0,0,0,0
-0.150025117914831,0.121448904978673,0.0107160798510594,0.0907337362634092,0.0107160798510594,0.150025117914831,0.0107160798510594,0.150025117914831,0,0,0,0,0,0,0,0,0,0,0,0
-0.155045978800309,0.122967500427831,0.0160392391862388,0.0965726351620686,0.0160392391862388,0.155045978800309,0.0160392391862388,0.155045978800309,0,0,0,0,0,0,0,0,0,0,0,0
0.0617268270577893,0,0.0998520711675342,0.137732782154129,0.0998520711675342,0.0617268270577893,0.0998520711675342,0.0617268270577893,0,0,0,0,0,0,0,0,0,0,0,0
-0.138606719390145,0.0319861660131105,0.0604183135803198,0.112343849009134,0.0604183135803198,0.138606719390145,0.0604183135803198,0.138606719390145,0,0,0,0,0,0,0,0,0,0,0,0
-0.199168164979595,0.0746880618673482,0.11381037998834,0.176667295938566,0.11381037998834,0.199168164979595,0.11381037998834,0.199168164979595,0,0,0,0,0,0,0,0,0,0,0,0
0.106993166900168,0.153701800374898,0.0640077379279065,0.153701800374898,0.0640077379279065,0.106993166900168,0.0640077379279065,0.106993166900168,0,0,0,0,0,0,0,0,0,0,0,0
0.0617268270577893,-0.173663073150859,0.145937642475627,0,0.145937642475627,0.0617268270577893,0.145937642475627,0.0617268270577893,0,0,0,0,0,0,0,0,0,0,0,0
0,0,0,0,0,0,0,0,0.166420118612557,0.166420118612557,0.166420118612557,0.166420118612557,0,0,0,0,0,0,0,0
0,0,0,0,0,0,0,0,0.166420118612557,0.166420118612557,0.166420118612557,0.166420118612557,0,0,0,0,0,0,0,0
0,0,0,0,0,0,0,0,0.171540737646789,0.171540737646789,0.171540737646789,0.171540737646789,0,0,0,0,0,0,0,0
-0.0477397789020101,0.111392817438023,0.111392817438023,0.111392817438023,-0.0477397789020101,0.111392817438023,0.111392817438023,0.111392817438023,-0.115213928270232,-0.115213928270232,-0.115213928270232,-0.115213928270232,0,0,0,0,0,0,0,0
-0.0831025780886842,0.090175137926019,0.090175137926019,0.090175137926019,-0.0831025780886842,0.090175137926019,0.090175137926019,0.090175137926019,-0.125455166338697,-0.125455166338697,-0.125455166338697,-0.125455166338697,0,0,0,0,0,0,0,0
-0.0972476977633538,0.0760300182513494,0.0760300182513494,0.0760300182513494,-0.0972476977633538,0.0760300182513494,0.0760300182513494,0.0760300182513494,-0.125455166338697,-0.125455166338697,-0.125455166338697,-0.125455166338697,0,0,0,0,0,0,0,0
0,0,0,0,0,0,0,0,0,0,0,0,0,0,0,0,0,0,0,0
0,0,0,0,-0.00801880207754114,-0.00801880207754114,-0.00801880207754114,-0.00801880207754114,0,0,0,0,0,0,0,0,0,0,0,0
0,0,0,0,0.116115142956907,0.116115142956907,0.116115142956907,0.116115142956907,0,0,0,0,0,0,0,0,0,0,0,0
-0.0156888617198499,0,0,0,0.0650080073628876,0.0505617835044681,0.0505617835044681,0.0505617835044681,0,0,0,0,0,0,0,0,0,0,0,0
0.00742992751409685,0,0,0,0.100304021440307,0.11887884022555,0.123722357679664,0.11887884022555,0,0,0,0,0,0,0,0,0,0,0,0
0.00565745774383981,0,0.00565745774383981,0,0.137664805100102,0.185221291039008,0.185221291039008,0.185221291039008,0,0,0,0,0,0,0,0,0,0,0,0
-0.254349479330051,-0.254349479330051,0,0,-0.135052700944244,0.0568642951344186,0.0568642951344186,0.0568642951344186,0,0,0,0,0,0,0,0,0,0,0,0
