0,0,0,0,0,0,0,0,0.0171274842600871,0.0171274842600871,0.0171274842600871,0.0171274842600871,0,0,0,0,0,0,0,0
0.23010007134901,0.23010007134901,0.23010007134901,0.23010007134901,0.23010007134901,0.23010007134901,0.23010007134901,0.23010007134901,0.165420495729576,0.165420495729576,0.165420495729576,0.165420495729576,0,0,0,0,0,0,0,0
0,0,0,0,0,0,0,0,-0.0170913121304597,-0.0170913121304597,-0.0170913121304597,-0.0170913121304597,0,0,0,0,0,0,0,0
0,0,0,0,0,0,0,0,0,0,0,0,0,0,0,0,0,0,0,0
-0.294758228679757,0.00483210210950421,0.294758228679757,0.294758228679757,0.246437207584715,0.294758228679757,0.294758228679757,0.294758228679757,0.351389085365666,0.351389085365666,0.351389085365666,0.351389085365666,0,0,0,0,0,0,0,0
-0.374333718295154,0.102091014080496,0.374333718295154,0.374333718295154,0.238212366187825,0.374333718295154,0.374333718295154,0.374333718295154,0.295202149286026,0.295202149286026,0.295202149286026,0.295202149286026,0,0,0,0,0,0,0,0
-0.337569975519288,0.0578691386604495,0.337569975519288,0.337569975519288,0.250766267528614,0.337569975519288,0.337569975519288,0.337569975519288,0.337569975519288,0.337569975519288,0.337569975519288,0.337569975519288,0,0,0,0,0,0,0,0
-0.0110498924021966,-0.037424059428256,-0.0110498924021966,-0.0110498924021966,0.0476190476190476,-0.0110498924021966,-0.0110498924021966,-0.0110498924021966,-0.0110498924021966,-0.0110498924021966,-0.0110498924021966,-0.0110498924021966,0,0,0,0,0,0,0,0
-0.292998462332986,0.0240162674043431,0.292998462332986,0.292998462332986,0.206539899677351,0.292998462332986,0.292998462332986,0.292998462332986,0.324341848378219,0.324341848378219,0.324341848378219,0.324341848378219,0,0,0,0,0,0,0,0
-0.38579425773633,0.0675139951038577,0.38579425773633,0.38579425773633,0.270055980415431,0.38579425773633,0.38579425773633,0.38579425773633,0.280878723193582,0.280878723193582,0.280878723193582,0.280878723193582,0,0,0,0,0,0,0,0
0.0330840991459152,-0.01245000853604,0.0330840991459152,0.0330840991459152,-0.0237624228260879,0.0330840991459152,0.0330840991459152,0.0330840991459152,0.0330840991459152,0.0330840991459152,0.0330840991459152,0.0330840991459152,0,0,0,0,0,0,0,0
-0.0661681982918304,0,-0.0661681982918304,-0.0661681982918304,0.0712872684782636,-0.0661681982918304,-0.0661681982918304,-0.0661681982918304,0,0,0,0,0,0,0,0,0,0,0,0
0,0,0,0,0,0,0,0,-0.0110280330486384,-0.0110280330486384,-0.0110280330486384,-0.0110280330486384,0,0,0,0,0,0,0,0
0,0,0,0,0,0,0,0,-0.0220560660972768,-0.0220560660972768,-0.0220560660972768,-0.0220560660972768,0,0,0,0,0,0,0,0
0,0,0,0,0,0,0,0,-0.0220560660972768,-0.0220560660972768,-0.0220560660972768,-0.0220560660972768,0,0,0,0,0,0,0,0
0.0383500118915016,0.153400047566007,0.153400047566007,0.153400047566007,0.0383500118915016,0.153400047566007,0.153400047566007,0.153400047566007,0,0,0,0,0,0,0,0,0,0,0,0
0.12463753864738,0.239687574321885,0.239687574321885,0.239687574321885,0.12463753864738,0.239687574321885,0.239687574321885,0.239687574321885,0.055140165243192,0.055140165243192,0.055140165243192,0.055140165243192,0,0,0,0,0,0,0,0
0.162987550538882,0.239687574321885,0.239687574321885,0.239687574321885,0.162987550538882,0.239687574321885,0.239687574321885,0.239687574321885,0.0882242643891072,0.0882242643891072,0.0882242643891072,0.0882242643891072,0,0,0,0,0,0,0,0
0,0,0,0,0.17604840918975,0.17604840918975,0.17604840918975,0.17604840918975,0.17604840918975,0.17604840918975,0.17604840918975,0.17604840918975,0,0,0,0,0,0,0,0
0,0,0,0,0.175342801503842,0.175342801503842,0.175342801503842,0.175342801503842,0.175342801503842,0.175342801503842,0.175342801503842,0.175342801503842,0,0,0,0,0,0,0,0
0,0,0,0,0.189004738408189,0.189004738408189,0.189004738408189,0.189004738408189,0.189004738408189,0.189004738408189,0.189004738408189,0.189004738408189,0,0,0,0,0,0,0,0
0,0,0.136121352107329,0.136121352107329,0.183075554610654,0.183075554610654,0.136121352107329,0.136121352107329,0.183075554610654,0.183075554610654,0.183075554610654,0.183075554610654,0,0,0,0,0,0,0,0
0,0.169114467498404,0.169114467498404,0.169114467498404,0.232524373949487,0.169114467498404,0.232524373949487,0.169114467498404,0.232524373949487,0.232524373949487,0.232524373949487,0.232524373949487,0,0,0,0,0,0,0,0
-0.185042783816543,0.269633770704106,0.269633770704106,0.269633770704106,0.269633770704106,0.269633770704106,0.295213832054836,0.269633770704106,0.295213832054836,0.295213832054836,0.295213832054836,0.295213832054836,0,0,0,0,0,0,0,0
0,0,0,0,0,0,0,0,0.27833610688403,0.27833610688403,0.27833610688403,0.27833610688403,0,0,0,0,0,0,0,0
