0,0,0,0,-0.0119148979320598,-0.0119148979320598,-0.0119148979320598,-0.0119148979320598,0,0,0,0,0,0,0,0,0,0,0,0
0.0947863435481422,0.125647013540561,0.125647013540561,0.125647013540561,-0.0408248290463863,-0.0408248290463863,-0.0408248290463863,-0.0408248290463863,0,0,0,0,0,0,0,0,0,0,0,0
0,0,0,0,0,0,0,0,0,0,0,0,0,0,0,0,0,0,0,0
0,0,0,0,0,0,0,0,0,0,0,0,0,0,0,0,0,0,0,0
-0.139163221134041,0.132262565540618,0.139163221134041,0.132262565540618,0,0,0,0,0,0,0,0,0,0,0,0,0,0,0,0
-0.299190634036119,0.252302549597623,0.299190634036119,0.252302549597623,0,0,0,0,0,0,0,0,0,0,0,0,0,0,0,0
-0.291687244311577,0.245282455443826,0.291687244311577,0.245282455443826,0,0,0,0,0,0,0,0,0,0,0,0,0,0,0,0
-0.219604325218405,0.210454145000972,-0.219604325218405,0.210454145000972,0,0,0,0,0,0,0,0,0,0,0,0,0,0,0,0
-0.023950889438497,0.010264666902213,0.023950889438497,0.010264666902213,0,0,0,0,0,0,0,0,0,0,0,0,0,0,0,0
-0.280868988985375,0.280868988985375,0.280868988985375,0.280868988985375,0,0,0,0,0,0,0,0,0,0,0,0,0,0,0,0
-0.183003604348671,0.171565879076879,-0.183003604348671,0.171565879076879,0,0,0,0,0,0,0,0,0,0,0,0,0,0,0,0
-0.221891870272764,0.208166599946613,-0.221891870272764,0.208166599946613,0,0,0,0,0,0,0,0,0,0,0,0,0,0,0,0
0,0,0,0,-0.0349927106111883,-0.0349927106111883,-0.0349927106111883,-0.0349927106111883,0,0,0,0,0,0,0,0,0,0,0,0
0,0,0,0,-0.0408248290463863,-0.0408248290463863,-0.0408248290463863,-0.0408248290463863,0,0,0,0,0,0,0,0,0,0,0,0
0,0,0,0,-0.0291605921759902,-0.0291605921759902,-0.0291605921759902,-0.0291605921759902,0,0,0,0,0,0,0,0,0,0,0,0
-0.0440866714177405,-0.0749473414101589,-0.0749473414101589,0.0440866714177405,0.0408248290463863,0.0408248290463863,0.0408248290463863,0.0408248290463863,0,0,0,0,0,0,0,0,0,0,0,0
0.0551083392721757,0.0506996721304016,0.0506996721304016,-0.0551083392721757,0.00583211843519804,0.00583211843519804,0.00583211843519804,0.00583211843519804,0,0,0,0,0,0,0,0,0,0,0,0
0.079356008551933,0.083764675693707,0.083764675693707,-0.079356008551933,-0.00583211843519804,-0.00583211843519804,-0.00583211843519804,-0.00583211843519804,0,0,0,0,0,0,0,0,0,0,0,0
0,0,0,0,0,0,0,0,0,0,0,0,0,0,0,0,0,0,0,0
0,0,0,0,0,0,0,0,0,0,0,0,0,0,0,0,0,0,0,0
0,0,0,0,0,0,0,0,0,0,0,0,0,0,0,0,0,0,0,0
0,-0.0670931300152117,-0.0670931300152117,-0.0670931300152117,0,0,0,0,0,0,0,0,0,0,0,0,0,0,0,0
0,-0.0726858820958805,-0.0726858820958805,-0.0726858820958805,0,0,0,0,0,0,0,0,0,0,0,0,0,0,0,0
-0.0173942169369374,-0.0788927524557325,-0.0788927524557325,-0.0788927524557325,0,0,0,0,0,0,0,0,0,0,0,0,0,0,0,0
0.362023660913387,0.128516600159343,0,-0.128516600159343,0,0,0,0,0,0,0,0,0,0,0,0,0,0,0,0
