0,0,0,0,0,0,0,0,0,0,0,0,0,0,0,0,0,0,0,0
-0.166427576076685,0.166427576076685,0.166427576076685,0.166427576076685,0.0852433926246438,0.166427576076685,0.166427576076685,0.166427576076685,0,0,0,0,0,0,0,0,0,0,0,0
0,0,0,0,0,0,0,0,0,0,0,0,0,0,0,0,0,0,0,0
0,0,0,0,0,0,0,0,0,0,0,0,0,0,0,0,0,0,0,0
-0.0968678966649353,0.368922414957945,0.368922414957945,0.368922414957945,0.368922414957945,0.368922414957945,0.368922414957945,0.368922414957945,0,0,0,0,0,0,0,0,0,0,0,0
-0.0634532219769221,0.382766209989821,0.382766209989821,0.382766209989821,0.382766209989821,0.382766209989821,0.382766209989821,0.382766209989821,0,0,0,0,0,0,0,0,0,0,0,0
-0.0733126096110246,0.374708893567459,0.374708893567459,0.374708893567459,0.374708893567459,0.374708893567459,0.374708893567459,0.374708893567459,0,0,0,0,0,0,0,0,0,0,0,0
-0.0542887268488301,0,0,0,0,0,0,0,0,0,0,0,0,0,0,0,0,0,0,0
-0.112674641358491,0.268370509417497,0.268370509417497,0.268370509417497,0.268370509417497,0.268370509417497,0.268370509417497,0.268370509417497,0,0,0,0,0,0,0,0,0,0,0,0
-0.0487514949418087,0.284383720493884,0.284383720493884,0.284383720493884,0.284383720493884,0.284383720493884,0.284383720493884,0.284383720493884,0,0,0,0,0,0,0,0,0,0,0,0
-0.103642114893221,0.098706776088782,0.098706776088782,0.098706776088782,0.098706776088782,0.098706776088782,0.098706776088782,0.098706776088782,0,0,0,0,0,0,0,0,0,0,0,0
-0.0740300820665865,-0.0049353388044391,-0.0049353388044391,-0.0049353388044391,-0.0049353388044391,-0.0049353388044391,-0.0049353388044391,-0.0049353388044391,0,0,0,0,0,0,0,0,0,0,0,0
0,0,0,0,0,0,0,0,0,0,0,0,0,0,0,0,0,0,0,0
0,0,0,0,0,0,0,0,0,0,0,0,0,0,0,0,0,0,0,0
0,0,0,0,0,0,0,0,0,0,0,0,0,0,0,0,0,0,0,0
-0.0649473467616333,0.0649473467616333,0.0649473467616333,0.0649473467616333,0.0730657651068375,0.0649473467616333,0.0649473467616333,0.0649473467616333,0,0,0,0,0,0,0,0,0,0,0,0
-0.0811841834520417,0.0811841834520417,0.0811841834520417,0.0811841834520417,0.0811841834520417,0.0811841834520417,0.0811841834520417,0.0811841834520417,0,0,0,0,0,0,0,0,0,0,0,0
-0.0771249742794396,0.0771249742794396,0.0771249742794396,0.0771249742794396,0.0771249742794396,0.0771249742794396,0.0771249742794396,0.0771249742794396,0,0,0,0,0,0,0,0,0,0,0,0
0,0,0,0,0.0816659929250042,0.0816659929250042,0.0816659929250042,0.0816659929250042,0,0,0,0,0,0,0,0,0,0,0,0
0,0,0,0,0.0817355254986263,0.0817355254986263,0.0817355254986263,0.0817355254986263,0,0,0,0,0,0,0,0,0,0,0,0
0,0,0,0,0.0225736148723182,0.0225736148723182,0.0225736148723182,0.0225736148723182,0,0,0,0,0,0,0,0,0,0,0,0
0,0,0.111078162941152,0,0.102694905360687,0.102694905360687,0.102694905360687,0.102694905360687,0,0,0,0,0,0,0,0,0,0,0,0
-0.121775666781883,0.121775666781883,0.121775666781883,0.130173988628909,0.130173988628909,0.130173988628909,0.130173988628909,0.130173988628909,0,0,0,0,0,0,0,0,0,0,0,0
-0.105168345194896,0.105168345194896,0.105168345194896,0.113581812810488,0.113581812810488,0.113581812810488,0.135971064574371,0.113581812810488,0,0,0,0,0,0,0,0,0,0,0,0
0,0,0,0,0.422379528881059,0.422379528881059,0.422379528881059,0.422379528881059,0,0,0,0,0,0,0,0,0,0,0,0
