0,0,0,0,0.299572344757639,0.299572344757639,0.299572344757639,0.299572344757639,0,0,0,0,0,0,0,0,0,0,0,0
0.544388228580823,0.686402549080169,0.686402549080169,0.686402549080169,-0.544388228580823,-0.544388228580823,-0.544388228580823,-0.544388228580823,0,0,0,0,0,0,0,0,0,0,0,0
0,0,0,0,0,0,0,0,0,0,0,0,0,0,0,0,0,0,0,0
0,0,0,0,0,0,0,0,0,0,0,0,0,0,0,0,0,0,0,0
0.545705156331749,0.545705156331749,0.545705156331749,0.545705156331749,0,0,0,0,0,0,0,0,0,0,0,0,0,0,0,0
0.522556231883111,0.522556231883111,0.522556231883111,0.522556231883111,0,0,0,0,0,0,0,0,0,0,0,0,0,0,0,0
0.546999218277668,0.546999218277668,0.546999218277668,0.546999218277668,0,0,0,0,0,0,0,0,0,0,0,0,0,0,0,0
0.230769230769231,0.230769230769231,0.230769230769231,0.230769230769231,0,0,0,0,0,0,0,0,0,0,0,0,0,0,0,0
0.494730532067051,0.494730532067051,0.494730532067051,0.494730532067051,0,0,0,0,0,0,0,0,0,0,0,0,0,0,0,0
0.394012186862282,0.394012186862282,0.394012186862282,0.394012186862282,0,0,0,0,0,0,0,0,0,0,0,0,0,0,0,0
0.330112645886762,0.330112645886762,0.330112645886762,0.330112645886762,0,0,0,0,0,0,0,0,0,0,0,0,0,0,0,0
0.115384615384615,0.115384615384615,0.115384615384615,0.115384615384615,0,0,0,0,0,0,0,0,0,0,0,0,0,0,0,0
0,0,0,0,0,0,0,0,0,0,0,0,0,0,0,0,0,0,0,0
0,0,0,0,0.134086331118188,0.134086331118188,0.134086331118188,0.134086331118188,0,0,0,0,0,0,0,0,0,0,0,0
0,0,0,0,0.134086331118188,0.134086331118188,0.134086331118188,0.134086331118188,0,0,0,0,0,0,0,0,0,0,0,0
0.260359587582133,0.355035801248363,0.355035801248363,0.355035801248363,-0.345288264918825,-0.345288264918825,-0.345288264918825,-0.345288264918825,0,0,0,0,0,0,0,0,0,0,0,0
0.402373908081478,0.544388228580823,0.544388228580823,0.544388228580823,-0.531212715259731,-0.531212715259731,-0.531212715259731,-0.531212715259731,0,0,0,0,0,0,0,0,0,0,0,0
0.449712014914593,0.591726335413939,0.591726335413939,0.591726335413939,-0.584333986785704,-0.584333986785704,-0.584333986785704,-0.584333986785704,0,0,0,0,0,0,0,0,0,0,0,0
-0.261182264633402,-0.261182264633402,-0.261182264633402,-0.261182264633402,0,0,0,0,0,0,0,0,0,0,0,0,0,0,0,0
-0.243733339110716,-0.243733339110716,-0.243733339110716,-0.243733339110716,0,0,0,0,0,0,0,0,0,0,0,0,0,0,0,0
-0.247435829652697,-0.247435829652697,-0.247435829652697,-0.247435829652697,0,0,0,0,0,0,0,0,0,0,0,0,0,0,0,0
-0.13208032926772,-0.121267812518166,-0.121267812518166,-0.121267812518166,0,0,0,0,0,0,0,0,0,0,0,0,0,0,0,0
-0.0118912873538624,0,0,0,0,0,0,0,0,0,0,0,0,0,0,0,0,0,0,0
0.0477954904692351,0.0670431655590941,0.0670431655590941,0.0670431655590941,0,0,0,0,0,0,0,0,0,0,0,0,0,0,0,0
0,0,0,0,0,0,0,0,0,0,0,0,0,0,0,0,0,0,0,0
