0,0,0,0,0.296679911725711,0.296679911725711,0.296679911725711,0.296679911725711,0.296679911725711,0.296679911725711,0.296679911725711,0.296679911725711,0,0,0,0,0,0,0,0
0.00579771035652448,0.199054722240674,0.199054722240674,0.199054722240674,-0.199054722240674,0.199054722240674,0.199054722240674,0.199054722240674,-0.258135635161399,-0.258135635161399,-0.258135635161399,-0.258135635161399,0,0,0,0,0,0,0,0
0,0,0,0,0.292830723319563,0.292830723319563,0.292830723319563,0.292830723319563,0,0,0,0,0,0,0,0,0,0,0,0
0,0,0,0,0,0,0,0,0,0,0,0,0,0,0,0,0,0,0,0
0.0723130872119546,0.0723130872119546,0.0723130872119546,0.0723130872119546,0.206774268977438,0.206774268977438,0.206774268977438,0.206774268977438,0,0,0,0,0,0,0,0,0,0,0,0
0.103583611411719,0.103583611411719,0.103583611411719,0.103583611411719,0.261052514584015,0.261052514584015,0.261052514584015,0.261052514584015,0,0,0,0,0,0,0,0,0,0,0,0
0.0814919700122079,0.0814919700122079,0.0814919700122079,0.0814919700122079,0.241204112461444,0.241204112461444,0.241204112461444,0.241204112461444,0,0,0,0,0,0,0,0,0,0,0,0
0.195845256369208,0.195845256369208,0.195845256369208,0.195845256369208,-0.0485601689907583,-0.0485601689907583,-0.0485601689907583,-0.0485601689907583,0,0,0,0,0,0,0,0,0,0,0,0
0.12795648574394,0.12795648574394,0.12795648574394,0.12795648574394,0.151273100475826,0.151273100475826,0.151273100475826,0.151273100475826,0,0,0,0,0,0,0,0,0,0,0,0
0.221369656653476,0.221369656653476,0.221369656653476,0.221369656653476,0.3158709450727,0.3158709450727,0.3158709450727,0.3158709450727,0,0,0,0,0,0,0,0,0,0,0,0
0.218885874765586,0.218885874765586,0.218885874765586,0.218885874765586,-0.00766739510380394,-0.00766739510380394,-0.00766739510380394,-0.00766739510380394,0,0,0,0,0,0,0,0,0,0,0,0
0.195845256369208,0.195845256369208,0.195845256369208,0.195845256369208,0,0,0,0,0,0,0,0,0,0,0,0,0,0,0,0
0,0,0,0,0.120122523292928,0.120122523292928,0.120122523292928,0.120122523292928,0.120122523292928,0.120122523292928,0.120122523292928,0.120122523292928,0,0,0,0,0,0,0,0
0,0,0,0,0.207019667802706,0.207019667802706,0.207019667802706,0.207019667802706,0.207019667802706,0.207019667802706,0.207019667802706,0.207019667802706,0,0,0,0,0,0,0,0
0,0,0,0,0.237689248217922,0.237689248217922,0.237689248217922,0.237689248217922,0.237689248217922,0.237689248217922,0.237689248217922,0.237689248217922,0,0,0,0,0,0,0,0
-0.102426216298599,0.0444491127333544,0.183594161289942,0.183594161289942,-0.183594161289942,0.183594161289942,0.183594161289942,0.183594161289942,-0.150792103708144,-0.150792103708144,-0.150792103708144,-0.150792103708144,0,0,0,0,0,0,0,0
-0.0521793932087204,0.187459301527625,0.187459301527625,0.187459301527625,-0.187459301527625,0.187459301527625,0.187459301527625,0.187459301527625,-0.191684877595098,-0.191684877595098,-0.191684877595098,-0.191684877595098,0,0,0,0,0,0,0,0
-0.0173931310695735,0.175863880814576,0.175863880814576,0.175863880814576,-0.175863880814576,0.175863880814576,0.175863880814576,0.175863880814576,-0.212131264538576,-0.212131264538576,-0.212131264538576,-0.212131264538576,0,0,0,0,0,0,0,0
0,0,0,0,-0.104870997089785,-0.104870997089785,-0.104870997089785,-0.104870997089785,0,0,0,0,0,0,0,0,0,0,0,0
0,0,0,0,-0.0744140346955518,-0.0744140346955518,-0.0744140346955518,-0.0744140346955518,0,0,0,0,0,0,0,0,0,0,0,0
0,0,0,0,-0.0903172425933578,-0.0903172425933578,-0.0903172425933578,-0.0903172425933578,0,0,0,0,0,0,0,0,0,0,0,0
0,0,0,0,0.168966875601236,0.168966875601236,0.168966875601236,0.168966875601236,0,0,0,0,0,0,0,0,0,0,0,0
0,0,0,0,0.202091926129437,0.202091926129437,0.202091926129437,0.202091926129437,0,0,0,0,0,0,0,0,0,0,0,0
0,0.178015012785598,0,0.14118432048513,0.211068443795509,0.211068443795509,0.211068443795509,0.211068443795509,0,0,0,0,0,0,0,0,0,0,0,0
0,0,0,0,0.0690613883274196,0.0690613883274196,0.0690613883274196,0.0690613883274196,0,0,0,0,0,0,0,0,0,0,0,0
