0,0,0,0,0,0,0,0,0.0382852432394806,0.0382852432394806,0.0382852432394806,0.0382852432394806,0,0,0,0,0,0,0,0
-0.0599895027554463,0.509910773421294,0.509910773421294,0.509910773421294,-0.0599895027554463,0.509910773421294,0.509910773421294,0.509910773421294,-0.509910773421294,-0.509910773421294,-0.509910773421294,-0.509910773421294,0,0,0,0,0,0,0,0
0,0,0,0,0,0,0,0,0.0658486397766393,0.0658486397766393,0.0658486397766393,0.0658486397766393,0,0,0,0,0,0,0,0
0,0,0,0,0,0,0,0,0,0,0,0,0,0,0,0,0,0,0,0
-0.0839719122759632,0.542000524690308,0.542000524690308,0.542000524690308,0.542000524690308,0.542000524690308,0.542000524690308,0.542000524690308,-0.237835356004225,-0.237835356004225,-0.237835356004225,-0.237835356004225,0,0,0,0,0,0,0,0
-0.0693375245281536,0.593221043185314,0.593221043185314,0.593221043185314,0.593221043185314,0.593221043185314,0.593221043185314,0.593221043185314,0.458122847290851,0.458122847290851,0.458122847290851,0.458122847290851,0,0,0,0,0,0,0,0
-0.0603434261963643,0.573262548865461,0.573262548865461,0.573262548865461,0.573262548865461,0.573262548865461,0.573262548865461,0.573262548865461,-0.0603434261963643,-0.0603434261963643,-0.0603434261963643,-0.0603434261963643,0,0,0,0,0,0,0,0
0.113183291683622,-0.0167365481751145,-0.0167365481751145,-0.0167365481751145,-0.0167365481751145,-0.0167365481751145,-0.0167365481751145,-0.0167365481751145,0.113183291683622,0.113183291683622,0.113183291683622,0.113183291683622,0,0,0,0,0,0,0,0
-0.0151306883167201,0.469051337818322,0.469051337818322,0.469051337818322,0.469051337818322,0.469051337818322,0.469051337818322,0.469051337818322,-0.1599408195541,-0.1599408195541,-0.1599408195541,-0.1599408195541,0,0,0,0,0,0,0,0
-0.0907841299003204,0.514443402768482,0.514443402768482,0.514443402768482,0.514443402768482,0.514443402768482,0.514443402768482,0.514443402768482,0.370479286817474,0.370479286817474,0.370479286817474,0.370479286817474,0,0,0,0,0,0,0,0
0.0485071250072666,-0.0334730963502289,-0.0334730963502289,-0.0334730963502289,-0.0334730963502289,-0.0334730963502289,-0.0334730963502289,-0.0334730963502289,0.0485071250072666,0.0485071250072666,0.0485071250072666,0.0485071250072666,0,0,0,0,0,0,0,0
0.129352333352711,0.0334730963502289,0.0334730963502289,0.0334730963502289,0.0334730963502289,0.0334730963502289,0.0334730963502289,0.0334730963502289,0,0,0,0,0,0,0,0,0,0,0,0
0,0,0,0,0,0,0,0,0.0300828418798093,0.0300828418798093,0.0300828418798093,0.0300828418798093,0,0,0,0,0,0,0,0
0,0,0,0,0,0,0,0,0.0300828418798093,0.0300828418798093,0.0300828418798093,0.0300828418798093,0,0,0,0,0,0,0,0
0,0,0,0,0,0,0,0,0.0300828418798093,0.0300828418798093,0.0300828418798093,0.0300828418798093,0,0,0,0,0,0,0,0
0.179968508266339,0.269952762399509,0.269952762399509,0.269952762399509,0.179968508266339,0.269952762399509,0.269952762399509,0.269952762399509,-0.269952762399509,-0.269952762399509,-0.269952762399509,-0.269952762399509,0,0,0,0,0,0,0,0
0,0.449921270665848,0.449921270665848,0.449921270665848,0,0.449921270665848,0.449921270665848,0.449921270665848,-0.449921270665848,-0.449921270665848,-0.449921270665848,-0.449921270665848,0,0,0,0,0,0,0,0
-0.0149973756888616,0.464918646354709,0.464918646354709,0.464918646354709,-0.0149973756888616,0.464918646354709,0.464918646354709,0.464918646354709,-0.464918646354709,-0.464918646354709,-0.464918646354709,-0.464918646354709,0,0,0,0,0,0,0,0
0.395765965713482,0.395765965713482,0.395765965713482,0.395765965713482,0.233830776510912,0.233830776510912,0.233830776510912,0.233830776510912,0.109108945117996,0.109108945117996,0.109108945117996,0.109108945117996,0,0,0,0,0,0,0,0
0.395765965713482,0.395765965713482,0.395765965713482,0.395765965713482,0.264002489609094,0.264002489609094,0.264002489609094,0.264002489609094,0.0755369620047666,0.0755369620047666,0.0755369620047666,0.0755369620047666,0,0,0,0,0,0,0,0
0.36938156799925,0.36938156799925,0.36938156799925,0.36938156799925,0.233830776510912,0.233830776510912,0.233830776510912,0.233830776510912,0.0755369620047666,0.0755369620047666,0.0755369620047666,0.0755369620047666,0,0,0,0,0,0,0,0
0.407753572367609,0.407753572367609,0.407753572367609,0.407753572367609,0.368514813027664,0.368514813027664,0.368514813027664,0.368514813027664,-0.0334730963502289,-0.0334730963502289,-0.0334730963502289,-0.0334730963502289,0,0,0,0,0,0,0,0
0.429849788707262,0.429849788707262,0.429849788707262,0.429849788707262,0.376344530032671,0.376344530032671,0.376344530032671,0.376344530032671,-0.0256382164352499,-0.0256382164352499,-0.0256382164352499,-0.0256382164352499,0,0,0,0,0,0,0,0
0.427236695867642,0.427236695867642,0.427236695867642,0.427236695867642,0.351155269517664,0.351155269517664,0.351155269517664,0.351155269517664,0,0,0,0,0,0,0,0,0,0,0,0
0,0,0,0,0,0,0,0,0,0,0,0,0,0,0,0,0,0,0,0
