0,0,0,0,0.289633567848145,0.289633567848145,0.289633567848145,0.289633567848145,0,0,0,0,0,0,0,0,0,0,0,0
0.297478473241055,0.410444982066772,0.410444982066772,0.410444982066772,0.297478473241055,0.410444982066772,0.410444982066772,0.124263159708289,0,0,0,0,0,0,0,0,0,0,0,0
0,0,0,0,0.250763406622866,0.250763406622866,0.250763406622866,0.250763406622866,0,0,0,0,0,0,0,0,0,0,0,0
0,0,0,0,0,0,0,0,0,0,0,0,0,0,0,0,0,0,0,0
-0.384319867564749,0.384319867564749,0.384319867564749,0.384319867564749,0.157089392731197,0.157089392731197,0.157089392731197,0.157089392731197,0,0,0,0,0,0,0,0,0,0,0,0
-0.522349362638256,0.522349362638256,0.522349362638256,0.522349362638256,0.554658531734524,0.554658531734524,0.554658531734524,0.554658531734524,0,0,0,0,0,0,0,0,0,0,0,0
-0.442616968113486,0.442616968113486,0.442616968113486,0.442616968113486,0.442616968113486,0.442616968113486,0.442616968113486,0.442616968113486,0,0,0,0,0,0,0,0,0,0,0,0
0.0626246089100753,0.0626246089100753,0.0626246089100753,0.0626246089100753,0.0626246089100753,0.0626246089100753,0.0626246089100753,0.0626246089100753,0,0,0,0,0,0,0,0,0,0,0,0
-0.34149784775874,0.34149784775874,0.34149784775874,0.34149784775874,0.230356180357127,0.230356180357127,0.230356180357127,0.230356180357127,0,0,0,0,0,0,0,0,0,0,0,0
-0.445708461745514,0.445708461745514,0.445708461745514,0.445708461745514,0.446454739023741,0.446454739023741,0.446454739023741,0.446454739023741,0,0,0,0,0,0,0,0,0,0,0,0
0.149105681775603,0.149105681775603,0.149105681775603,0.149105681775603,0.149105681775603,0.149105681775603,0.149105681775603,0.149105681775603,0,0,0,0,0,0,0,0,0,0,0,0
0.0817676319414599,0.0817676319414599,0.0817676319414599,0.0817676319414599,0,0,0,0,0,0,0,0,0,0,0,0,0,0,0,0
0,0,0,0,0,0,0,0,0,0,0,0,0,0,0,0,0,0,0,0
0,0,0,0,0,0,0,0,0,0,0,0,0,0,0,0,0,0,0,0
0,0,0,0,0,0,0,0,0,0,0,0,0,0,0,0,0,0,0,0
0.0866076567663831,0.184511964415338,0.184511964415338,0.184511964415338,0.184511964415338,0.184511964415338,0.184511964415338,0.184511964415338,0,0,0,0,0,0,0,0,0,0,0,0
0.13179426029667,0.259822970299149,0.259822970299149,0.259822970299149,0.259822970299149,0.259822970299149,0.259822970299149,0.259822970299149,0,0,0,0,0,0,0,0,0,0,0,0
0.146856461473432,0.274885171475912,0.274885171475912,0.274885171475912,0.274885171475912,0.274885171475912,0.274885171475912,0.274885171475912,0,0,0,0,0,0,0,0,0,0,0,0
0,0,0,0,0.171268462817932,0.171268462817932,0.171268462817932,0.171268462817932,0,0,0,0,0,0,0,0,0,0,0,0
0,0,0,0,0.132121385602405,0.132121385602405,0.132121385602405,0.132121385602405,0,0,0,0,0,0,0,0,0,0,0,0
0,0,0,0,0.137233469148927,0.137233469148927,0.137233469148927,0.137233469148927,0,0,0,0,0,0,0,0,0,0,0,0
0,0.0584015804875527,0.0584015804875527,0.0584015804875527,0.084544684752064,0.084544684752064,0.084544684752064,0.084544684752064,0,0,0,0,0,0,0,0,0,0,0,0
0,0.0789140391962311,0.0789140391962311,0.0789140391962311,0.0957595121639838,0.0957595121639838,0.0957595121639838,0.0957595121639838,0,0,0,0,0,0,0,0,0,0,0,0
0,0.136333376524355,0.136333376524355,0.136333376524355,0.121372454148417,0.121372454148417,0.121372454148417,0.121372454148417,0,0,0,0,0,0,0,0,0,0,0,0
0,0,0,0,0.141908154906287,0.141908154906287,0.141908154906287,0.141908154906287,0,0,0,0,0,0,0,0,0,0,0,0
