0,0,0,0,-0.00407272007781922,-0.00407272007781922,-0.00407272007781922,-0.00407272007781922,0,0,0,0,0,0,0,0,0,0,0,0
-0.09320546490018,0.107013681922429,0.107013681922429,0.107013681922429,-0.0103561627666867,0.0517808138334333,0.0517808138334333,0.0517808138334333,0,0,0,0,0,0,0,0,0,0,0,0
0,0,0,0,-0.00610422200055949,-0.00610422200055949,-0.00610422200055949,-0.00610422200055949,0,0,0,0,0,0,0,0,0,0,0,0
0,0,0,0,0.0629816869632386,0.0629816869632386,0.0629816869632386,0.0629816869632386,0,0,0,0,0,0,0,0,0,0,0,0
-0.0384667118475948,0.164357768803359,-0.0521607945056471,-0.0874243451081699,0.177486493092485,0.177486493092485,0.177486493092485,0.177486493092485,0,0,0,0,0,0,0,0,0,0,0,0
0.0366055920882129,0.207431688499873,-0.113303023130183,-0.0714680607436538,0.196650844776185,0.196650844776185,0.196650844776185,0.196650844776185,0,0,0,0,0,0,0,0,0,0,0,0
0.00518978327709956,0.188562125734617,-0.0709270381203606,-0.102065737782958,0.22152479800704,0.22152479800704,0.22152479800704,0.22152479800704,0,0,0,0,0,0,0,0,0,0,0,0
-0.0293344444712944,-0.034279558509553,-0.10594601404123,-0.0188656159990226,0.0537013614089024,0.0537013614089024,0.0537013614089024,0.0537013614089024,0,0,0,0,0,0,0,0,0,0,0,0
-0.0556522580753121,0.125217580669452,-0.0208695967782421,-0.0358636901098128,0.165023715495964,0.165023715495964,0.165023715495964,0.165023715495964,0,0,0,0,0,0,0,0,0,0,0,0
0.0899562434697257,0.193751909011717,-0.162613209349119,-0.0103795665541991,0.185404063406409,0.185404063406409,0.185404063406409,0.185404063406409,0,0,0,0,0,0,0,0,0,0,0,0
0.00838126984894127,-0.00838126984894127,-0.0690410851112445,0.0845919881141338,-0.0632771997168333,-0.0632771997168333,-0.0632771997168333,-0.0632771997168333,0,0,0,0,0,0,0,0,0,0,0,0
-0.0502876190936476,0.0502876190936476,-0.0759451936223689,-0.162147824274385,0.162113621515363,0.162113621515363,0.162113621515363,0.162113621515363,0,0,0,0,0,0,0,0,0,0,0,0
0,0,0,0,-0.126554399433667,-0.126554399433667,-0.126554399433667,-0.126554399433667,0,0,0,0,0,0,0,0,0,0,0,0
0,0,0,0,-0.130509224415969,-0.130509224415969,-0.130509224415969,-0.130509224415969,0,0,0,0,0,0,0,0,0,0,0,0
0,0,0,0,-0.122599574451364,-0.122599574451364,-0.122599574451364,-0.122599574451364,0,0,0,0,0,0,0,0,0,0,0,0
-0.100109573411304,0.100109573411304,0.0793972478779311,0.0793972478779311,-0.100109573411304,0.0863013563890556,0.0172602712778111,0.0863013563890556,0,0,0,0,0,0,0,0,0,0,0,0
-0.103561627666867,0.0759451936223689,0.0759451936223689,0.0759451936223689,-0.103561627666867,0.0759451936223689,0.0276164340444978,0.0759451936223689,0,0,0,0,0,0,0,0,0,0,0,0
-0.0966575191557422,0.0759451936223689,0.0759451936223689,0.0759451936223689,-0.0966575191557422,0.0759451936223689,0.0345205425556222,0.0759451936223689,0,0,0,0,0,0,0,0,0,0,0,0
0,0,0,0,0.00631924937841931,0.00631924937841931,0.00631924937841931,0.00631924937841931,0,0,0,0,0,0,0,0,0,0,0,0
0,0,0,0,0.0357819414366928,0.0357819414366928,0.0357819414366928,0.0357819414366928,0,0,0,0,0,0,0,0,0,0,0,0
0,0,0,0,0.0381184869937701,0.0381184869937701,0.0381184869937701,0.0381184869937701,0,0,0,0,0,0,0,0,0,0,0,0
0,0.0104110198582793,0.0274055003437041,0.0104110198582793,0.0105320822973655,0.0105320822973655,0.0105320822973655,0.0105320822973655,0,0,0,0,0,0,0,0,0,0,0,0
0.0547542541890759,0.0757194491443117,0.0757194491443117,0.0757194491443117,0.0192974932897803,0.0192974932897803,0.0192974932897803,0.0192974932897803,0,0,0,0,0,0,0,0,0,0,0,0
0.0588824540834026,0.0996425507250092,0.0996425507250092,0.114084754786592,-0.0022337683797522,-0.0022337683797522,-0.0022337683797522,-0.0022337683797522,0,0,0,0,0,0,0,0,0,0,0,0
-0.128273668775758,0,0.0448872995615518,-0.178504475163289,0.267372175649243,0.267372175649243,0.267372175649243,0.267372175649243,0,0,0,0,0,0,0,0,0,0,0,0
