0,0,0,0,0,0,0,0,0,0,0,0,0,0,0,0,0,0,0,0
0.50074271875856,0.538773811322502,0.538773811322502,0.538773811322502,0.50074271875856,0.538773811322502,0.538773811322502,0.538773811322502,0,0,0,0,0,0,0,0,0,0,0,0
0,0,0,0,0,0,0,0,0,0,0,0,0,0,0,0,0,0,0,0
0,0,0,0,0,0,0,0,0,0,0,0,0,0,0,0,0,0,0,0
-0.4536301352738,0.287512057567901,0.287512057567901,0.287512057567901,0.4536301352738,0.4536301352738,0.4536301352738,0.4536301352738,0,0,0,0,0,0,0,0,0,0,0,0
-0.584547598034283,0.456075598466309,0.456075598466309,0.456075598466309,0.584547598034283,0.584547598034283,0.584547598034283,0.584547598034283,0,0,0,0,0,0,0,0,0,0,0,0
-0.522515622665807,0.356839937430307,0.356839937430307,0.356839937430307,0.522515622665807,0.522515622665807,0.522515622665807,0.522515622665807,0,0,0,0,0,0,0,0,0,0,0,0
0.309951892135855,-0.159706208002363,-0.159706208002363,-0.159706208002363,0.309951892135855,0.309951892135855,0.309951892135855,0.309951892135855,0,0,0,0,0,0,0,0,0,0,0,0
-0.381315711870399,0.368605188141386,0.368605188141386,0.368605188141386,0.381315711870399,0.381315711870399,0.381315711870399,0.381315711870399,0,0,0,0,0,0,0,0,0,0,0,0
-0.451223592379973,0.413092021192933,0.413092021192933,0.413092021192933,0.451223592379973,0.451223592379973,0.451223592379973,0.451223592379973,0,0,0,0,0,0,0,0,0,0,0,0
0.293197735804187,-0.266177013337271,-0.266177013337271,-0.266177013337271,0.293197735804187,0.293197735804187,0.293197735804187,0.293197735804187,0,0,0,0,0,0,0,0,0,0,0,0
0.293197735804187,-0.144496092954519,-0.144496092954519,-0.144496092954519,0.293197735804187,0.293197735804187,0.293197735804187,0.293197735804187,0,0,0,0,0,0,0,0,0,0,0,0
0,0,0,0,0,0,0,0,0,0,0,0,0,0,0,0,0,0,0,0
0,0,0,0,0,0,0,0,0,0,0,0,0,0,0,0,0,0,0,0
0,0,0,0,0,0,0,0,0,0,0,0,0,0,0,0,0,0,0,0
0.297910225084207,0.297910225084207,0.297910225084207,0.297910225084207,0.297910225084207,0.297910225084207,0.297910225084207,0.297910225084207,0,0,0,0,0,0,0,0,0,0,0,0
0.437357564485325,0.437357564485325,0.437357564485325,0.437357564485325,0.437357564485325,0.450034595339972,0.450034595339972,0.450034595339972,0,0,0,0,0,0,0,0,0,0,0,0
0.450034595339972,0.450034595339972,0.450034595339972,0.450034595339972,0.450034595339972,0.488065687903913,0.488065687903913,0.488065687903913,0,0,0,0,0,0,0,0,0,0,0,0
0,0,0,0,0.0127105237290133,0.0127105237290133,0.0127105237290133,0.0127105237290133,0,0,0,0,0,0,0,0,0,0,0,0
0,0,0,0,0.00637214173982691,0.00637214173982691,0.00637214173982691,0.00637214173982691,0,0,0,0,0,0,0,0,0,0,0,0
0,0,0,0,0,0,0,0,0,0,0,0,0,0,0,0,0,0,0,0
0,-0.127105237290133,0.0419960525565808,0.1906578559352,0.279631522038293,0.279631522038293,0.274685165298881,0.279631522038293,0,0,0,0,0,0,0,0,0,0,0,0
0,-0.0522429658102548,0.163982103760799,0.300397053408965,0.326518536314093,0.366166918618412,0.366166918618412,0.366166918618412,0,0,0,0,0,0,0,0,0,0,0,0
0.277392438407207,-0.0924641461357357,0.122202018532156,0.277392438407207,0.369856584542943,0.378043207407125,0.378043207407125,0.378043207407125,0,0,0,0,0,0,0,0,0,0,0,0
0,0,0,0,0.482999901702506,0.482999901702506,0.482999901702506,0.482999901702506,0,0,0,0,0,0,0,0,0,0,0,0
