100,38,39,9,23,47,31,35,23,3,16,43,12,11,42,47,30,9,17,4,19,66,21,9,4,11,51,52,8,27,4,0,0,0,0,0,0,0
38,100,29,15,19,59,20,21,20,6,25,15,7,22,27,38,7,17,30,7,15,48,6,2,7,3,13,17,8,8,0,0,0,0,0,0,0,0
39,29,100,26,57,54,10,37,52,10,46,37,40,32,24,56,65,23,39,23,47,31,6,2,10,2,24,34,29,12,1,0,0,0,0,0,0,0
9,15,26,100,33,15,2,11,24,38,52,10,38,55,5,17,19,59,53,52,27,8,1,0,35,0,3,8,30,1,0,0,0,0,0,0,0,0
23,19,57,33,100,38,9,35,75,10,49,35,49,33,26,52,52,27,61,28,71,27,5,2,9,3,19,31,38,12,1,8,2,0,3,0,0,0
47,59,54,15,38,100,17,39,37,4,30,37,16,21,35,60,35,15,33,8,31,44,9,3,5,4,29,40,14,17,1,1,0,0,0,0,0,0
31,20,10,2,9,17,100,16,10,1,4,17,3,3,38,16,7,2,6,1,7,38,54,36,1,26,20,19,3,20,11,2,3,0,3,1,0,0
35,21,37,11,35,39,16,100,48,3,20,83,18,14,47,48,34,9,22,9,39,39,18,6,3,9,36,44,27,55,5,6,3,0,4,0,0,0
23,20,52,24,75,37,10,48,100,6,45,48,39,30,31,47,42,16,46,20,78,36,7,3,4,3,20,30,50,20,1,6,2,0,3,0,0,0
3,6,10,38,10,4,1,3,6,100,21,2,19,28,1,5,5,40,19,33,8,2,0,0,54,0,1,3,8,0,0,0,0,0,0,0,0,0
16,25,46,52,49,30,4,20,45,21,100,20,41,46,9,30,26,38,48,33,39,14,2,1,20,1,7,13,35,3,0,0,0,0,0,0,0,0
43,15,37,10,35,37,17,83,48,2,20,100,18,13,53,47,32,7,18,8,38,46,18,6,2,9,44,54,25,57,5,5,3,0,3,0,0,0
12,7,40,38,49,16,3,18,39,19,41,18,100,36,10,22,39,37,38,50,51,12,2,1,12,1,10,15,52,6,0,1,0,0,0,0,0,0
11,22,32,55,33,21,3,14,30,28,46,13,36,100,7,24,19,60,55,40,28,11,1,0,27,0,3,10,36,3,0,0,0,0,0,0,0,0
42,27,24,5,26,35,38,47,31,1,9,53,10,7,100,44,23,5,16,5,24,56,26,12,2,15,43,47,14,38,4,9,5,0,6,0,0,0
47,38,56,17,52,60,16,48,47,5,30,47,22,24,44,100,43,18,44,12,41,47,11,5,5,5,45,54,19,22,2,5,2,0,3,0,0,0
30,7,65,19,52,35,7,34,42,5,26,32,39,19,23,43,100,17,23,13,39,20,5,2,4,3,31,41,23,13,1,4,1,0,1,0,0,0
9,17,23,59,27,15,2,9,16,40,38,7,37,60,5,18,17,100,55,48,22,7,1,0,39,0,4,10,21,1,0,1,0,0,0,0,0,0
17,30,39,53,61,33,6,22,46,19,48,18,38,55,16,44,23,55,100,37,56,20,3,1,22,1,10,18,32,5,0,3,1,0,1,0,0,0
4,7,23,52,28,8,1,9,20,33,33,8,50,40,5,12,13,48,37,100,28,6,1,0,25,0,2,5,36,2,0,1,0,0,0,0,0,0
19,15,47,27,71,31,7,39,78,8,39,38,51,28,24,41,39,22,56,28,100,28,5,2,7,2,14,23,55,16,1,5,1,0,2,0,0,0
66,48,31,8,27,44,38,39,36,2,14,46,12,11,56,47,20,7,20,6,28,100,22,10,2,12,46,47,16,33,4,3,1,0,2,0,0,0
21,6,6,1,5,9,54,18,7,0,2,18,2,1,26,11,5,1,3,1,5,22,100,45,0,48,21,15,2,30,25,3,5,1,4,2,0,0
9,2,2,0,2,3,36,6,3,0,1,6,1,0,12,5,2,0,1,0,2,10,45,100,0,55,11,7,1,9,45,4,8,1,6,6,1,0
4,7,10,35,9,5,1,3,4,54,20,2,12,27,2,5,4,39,22,25,7,2,0,0,100,0,1,4,6,0,0,0,0,0,0,0,0,0
11,3,2,0,3,4,26,9,3,0,1,9,1,0,15,5,3,0,1,0,2,12,48,55,0,100,11,8,1,19,58,1,2,4,2,7,1,0
51,13,24,3,19,29,20,36,20,1,7,44,10,3,43,45,31,4,10,2,14,46,21,11,1,11,100,70,7,33,6,11,6,0,7,1,0,0
52,17,34,8,31,40,19,44,30,3,13,54,15,10,47,54,41,10,18,5,23,47,15,7,4,8,70,100,9,32,4,9,4,0,5,0,0,0
8,8,29,30,38,14,3,27,50,8,35,25,52,36,14,19,23,21,32,36,55,16,2,1,6,1,7,9,100,12,1,1,0,0,0,0,0,0
27,8,12,1,12,17,20,55,20,0,3,57,6,3,38,22,13,1,5,2,16,33,30,9,0,19,33,32,12,100,11,5,5,0,5,0,0,0
4,0,1,0,1,1,11,5,1,0,0,5,0,0,4,2,1,0,0,0,1,4,25,45,0,58,6,4,1,11,100,3,17,11,13,21,4,1
0,0,0,0,8,1,2,6,6,0,0,5,1,0,9,5,4,1,3,1,5,3,3,4,0,1,11,9,1,5,3,100,30,0,28,1,0,0
0,0,0,0,2,0,3,3,2,0,0,3,0,0,5,2,1,0,1,0,1,1,5,8,0,2,6,4,0,5,17,30,100,0,61,5,1,0
0,0,0,0,0,0,0,0,0,0,0,0,0,0,0,0,0,0,0,0,0,0,1,1,0,4,0,0,0,0,11,0,0,100,0,59,25,0
0,0,0,0,3,0,3,4,3,0,0,3,0,0,6,3,1,0,1,0,2,2,4,6,0,2,7,5,0,5,13,28,61,0,100,4,1,0
0,0,0,0,0,0,1,0,0,0,0,0,0,0,0,0,0,0,0,0,0,0,2,6,0,7,1,0,0,0,21,1,5,59,4,100,31,2
0,0,0,0,0,0,0,0,0,0,0,0,0,0,0,0,0,0,0,0,0,0,0,1,0,1,0,0,0,0,4,0,1,25,1,31,100,23
0,0,0,0,0,0,0,0,0,0,0,0,0,0,0,0,0,0,0,0,0,0,0,0,0,0,0,0,0,0,1,0,0,0,0,2,23,100
