100,4,1,3,0,1,0,0,1,0,1,0,0,0,0,0,0,0,0,0,0,0,0,0,0,0,0,0,0,0,0,0,0,0,0,0,0,0,0,0,0,0,0,0,0,0,0,0
4,100,7,8,2,8,0,1,75,0,2,0,0,2,0,0,0,0,0,0,0,0,0,0,0,0,0,0,0,2,1,0,0,0,0,0,0,0,0,0,0,0,0,0,0,0,0,0
1,7,100,13,24,66,1,13,3,0,23,1,0,20,3,5,1,0,1,1,3,0,0,0,0,0,0,1,0,51,39,7,11,44,0,6,0,0,0,1,0,0,0,0,0,1,0,1
3,8,13,100,17,16,0,4,5,1,16,0,0,9,5,3,0,0,0,1,0,0,0,0,0,0,0,0,0,7,4,1,1,0,1,0,0,0,0,2,0,0,0,0,0,0,0,1
0,2,24,17,100,22,15,38,2,19,46,5,0,20,23,27,15,8,11,12,18,3,1,0,7,1,2,9,1,33,42,22,45,44,1,27,1,0,1,12,0,0,0,2,1,5,7,7
1,8,66,16,22,100,3,24,9,4,19,1,0,22,9,13,3,2,2,3,3,1,0,0,1,0,0,2,0,37,29,5,10,28,0,11,0,0,0,5,0,0,0,0,0,1,1,2
0,0,1,0,15,3,100,13,0,5,3,31,13,6,24,34,84,60,75,77,61,31,14,4,41,19,24,64,7,3,7,20,12,5,4,39,22,1,7,14,8,3,1,29,1,33,48,28
0,1,13,4,38,24,13,100,2,16,28,6,1,36,24,47,12,7,9,12,14,3,1,0,7,3,3,8,1,23,26,15,32,27,1,40,1,0,1,18,0,0,0,2,0,5,6,6
1,75,3,5,2,9,0,2,100,1,2,0,0,2,0,0,0,0,0,0,0,0,0,0,0,0,0,0,0,1,1,0,1,0,0,0,0,0,0,0,0,0,0,0,0,0,0,0
0,0,0,1,19,4,5,16,1,100,1,1,0,1,2,4,5,3,4,5,4,2,1,0,1,1,1,3,0,1,1,6,44,1,3,3,0,0,0,10,0,0,0,1,1,2,2,3
1,2,23,16,46,19,3,28,2,1,100,4,0,31,17,13,3,1,2,3,6,2,1,0,2,1,1,2,0,55,33,9,14,29,1,11,0,0,0,10,0,0,0,1,1,5,2,6
0,0,1,0,5,1,31,6,0,1,4,100,17,3,6,13,23,18,21,30,52,33,21,4,24,15,20,17,10,3,5,28,14,6,3,18,22,1,11,8,11,3,1,34,1,42,43,42
0,0,0,0,0,0,13,1,0,0,0,17,100,0,2,2,4,9,10,11,8,24,34,20,15,19,14,12,23,0,1,3,1,1,0,4,54,9,14,3,47,21,16,23,0,8,9,7
0,2,20,9,20,22,6,36,2,1,31,3,0,100,18,23,5,3,4,5,7,2,1,0,4,1,1,3,0,25,19,7,10,12,1,17,1,0,0,9,0,0,0,1,0,4,3,5
0,0,3,5,23,9,24,24,0,2,17,6,2,18,100,41,23,13,18,21,20,9,2,1,26,6,8,15,1,16,34,10,9,6,2,44,3,0,1,57,1,0,0,4,1,11,12,21
0,0,5,3,27,13,34,47,0,4,13,13,2,23,41,100,32,19,25,27,38,11,4,1,17,5,6,21,2,13,19,28,25,15,3,71,5,0,2,27,1,0,0,6,2,11,15,15
0,0,1,0,15,3,84,12,0,5,3,23,4,5,23,32,100,63,75,67,58,20,7,3,37,13,19,64,3,3,6,18,10,4,4,37,10,0,2,13,5,2,1,35,1,35,56,24
0,0,0,0,8,2,60,7,0,3,1,18,9,3,13,19,63,100,81,67,56,26,10,4,37,28,25,82,7,1,4,13,6,2,4,24,16,1,3,9,7,3,1,36,1,36,70,23
0,0,1,0,11,2,75,9,0,4,2,21,10,4,18,25,75,81,100,80,62,29,15,5,37,21,23,77,10,2,5,17,9,3,6,30,15,1,7,10,7,3,1,32,1,40,60,24
0,0,1,1,12,3,77,12,0,5,3,30,11,5,21,27,67,67,80,100,60,33,14,6,39,29,22,72,8,3,6,20,10,5,8,35,14,1,7,13,6,3,1,26,2,33,50,33
0,0,3,0,18,3,61,14,0,4,6,52,8,7,20,38,58,56,62,60,100,29,11,2,42,21,28,55,6,6,12,41,26,11,1,45,17,0,6,16,5,2,1,28,0,45,61,49
0,0,0,0,3,1,31,3,0,2,2,33,24,2,9,11,20,26,29,33,29,100,36,15,49,59,56,24,20,2,6,17,6,5,11,18,36,4,14,17,25,15,5,33,2,27,35,39
0,0,0,0,1,0,14,1,0,1,1,21,34,1,2,4,7,10,15,14,11,36,100,25,16,21,20,13,47,1,1,10,4,1,13,6,31,14,44,3,29,25,22,28,1,11,12,14
0,0,0,0,0,0,4,0,0,0,0,4,20,0,1,1,3,4,5,6,2,15,25,100,12,16,16,9,24,0,0,1,0,1,11,3,10,21,0,3,35,54,22,5,3,2,4,4
0,0,0,0,7,1,41,7,0,1,2,24,15,4,26,17,37,37,37,39,42,49,16,12,100,40,55,41,10,3,14,8,4,6,0,30,23,3,5,37,15,14,4,28,0,34,47,37
0,0,0,0,1,0,19,3,0,1,1,15,19,1,6,5,13,28,21,29,21,59,21,16,40,100,54,23,9,1,3,6,2,2,9,15,33,4,3,12,14,15,3,25,1,17,32,25
0,0,0,0,2,0,24,3,0,1,1,20,14,1,8,6,19,25,23,22,28,56,20,16,55,54,100,24,9,1,4,7,2,4,2,18,23,4,4,20,16,19,8,31,0,24,40,35
0,0,1,0,9,2,64,8,0,3,2,17,12,3,15,21,64,82,77,72,55,24,13,9,41,23,24,100,5,2,4,14,7,2,10,27,14,3,3,10,8,14,2,31,6,33,58,21
0,0,0,0,1,0,7,1,0,0,0,10,23,0,1,2,3,7,10,8,6,20,47,24,10,9,9,5,100,0,1,6,2,1,3,3,12,5,71,1,29,18,9,15,0,7,6,8
0,2,51,7,33,37,3,23,1,1,55,3,0,25,16,13,3,1,2,3,6,2,1,0,3,1,1,2,0,100,56,10,15,58,1,12,0,0,0,9,0,0,0,1,0,4,2,5
0,1,39,4,42,29,7,26,1,1,33,5,1,19,34,19,6,4,5,6,12,6,1,0,14,3,4,4,1,56,100,17,24,77,1,22,2,0,1,34,1,0,0,1,1,6,4,13
0,0,7,1,22,5,20,15,0,6,9,28,3,7,10,28,18,13,17,20,41,17,10,1,8,6,7,14,6,10,17,100,55,19,8,37,3,0,6,5,1,0,0,9,1,14,11,18
0,0,11,1,45,10,12,32,1,44,14,14,1,10,9,25,10,6,9,10,26,6,4,0,4,2,2,7,2,15,24,55,100,31,3,31,0,0,3,11,0,0,0,2,1,6,5,9
0,0,44,0,44,28,5,27,0,1,29,6,1,12,6,15,4,2,3,5,11,5,1,1,6,2,4,2,1,58,77,19,31,100,0,19,1,0,1,6,1,1,0,1,0,2,3,6
0,0,0,1,1,0,4,1,0,3,1,3,0,1,2,3,4,4,6,8,1,11,13,11,0,9,2,10,3,1,1,8,3,0,100,2,0,0,0,2,0,0,0,0,54,3,2,8
0,0,6,0,27,11,39,40,0,3,11,18,4,17,44,71,37,24,30,35,45,18,6,3,30,15,18,27,3,12,22,37,31,19,2,100,8,1,3,31,3,3,0,8,1,17,23,30
0,0,0,0,1,0,22,1,0,0,0,22,54,1,3,5,10,16,15,14,17,36,31,10,23,33,23,14,12,0,2,3,0,1,0,8,100,4,4,6,51,13,9,33,0,13,19,13
0,0,0,0,0,0,1,0,0,0,0,1,9,0,0,0,0,1,1,1,0,4,14,21,3,4,4,3,5,0,0,0,0,0,0,1,4,100,0,1,12,30,26,2,0,0,0,1
0,0,0,0,1,0,7,1,0,0,0,11,14,0,1,2,2,3,7,7,6,14,44,0,5,3,4,3,71,0,1,6,3,1,0,3,4,0,100,0,5,0,0,14,0,5,3,6
0,0,1,2,12,5,14,18,0,10,10,8,3,9,57,27,13,9,10,13,16,17,3,3,37,12,20,10,1,9,34,5,11,6,2,31,6,1,0,100,3,3,1,4,1,14,11,30
0,0,0,0,0,0,8,0,0,0,0,11,47,0,1,1,5,7,7,6,5,25,29,35,15,14,16,8,29,0,1,1,0,1,0,3,51,12,5,3,100,39,18,19,0,6,8,7
0,0,0,0,0,0,3,0,0,0,0,3,21,0,0,0,2,3,3,3,2,15,25,54,14,15,19,14,18,0,0,0,0,1,0,3,13,30,0,3,39,100,36,4,0,2,2,3
0,0,0,0,0,0,1,0,0,0,0,1,16,0,0,0,1,1,1,1,1,5,22,22,4,3,8,2,9,0,0,0,0,0,0,0,9,26,0,1,18,36,100,3,0,1,1,1
0,0,0,0,2,0,29,2,0,1,1,34,23,1,4,6,35,36,32,26,28,33,28,5,28,25,31,31,15,1,1,9,2,1,0,8,33,2,14,4,19,4,3,100,0,43,51,23
0,0,0,0,1,0,1,0,0,1,1,1,0,0,1,2,1,1,1,2,0,2,1,3,0,1,0,6,0,0,1,1,1,0,54,1,0,0,0,1,0,0,0,0,100,0,0,2
0,0,1,0,5,1,33,5,0,2,5,42,8,4,11,11,35,36,40,33,45,27,11,2,34,17,24,33,7,4,6,14,6,2,3,17,13,0,5,14,6,2,1,43,0,100,51,52
0,0,0,0,7,1,48,6,0,2,2,43,9,3,12,15,56,70,60,50,61,35,12,4,47,32,40,58,6,2,4,11,5,3,2,23,19,0,3,11,8,2,1,51,0,51,100,43
0,0,1,1,7,2,28,6,0,3,6,42,7,5,21,15,24,23,24,33,49,39,14,4,37,25,35,21,8,5,13,18,9,6,8,30,13,1,6,30,7,3,1,23,2,52,43,100
