100,1,0,1,2,1,2,1,0,0,1,0,9,0,0,0,0,0,0,0,0,0,0,0,0,0,0,0,0,0,0,0,0,0,0,0,0,0,0,0,0,0,0,0,0
1,100,10,22,28,20,41,15,2,5,12,7,43,6,7,1,4,6,3,0,0,0,1,0,0,0,0,0,1,0,0,0,0,0,0,0,0,0,0,0,0,0,0,0,0
0,10,100,41,22,45,13,43,28,9,38,45,4,35,42,14,37,30,35,11,3,6,17,1,11,3,17,2,12,9,1,1,0,6,0,0,0,0,0,0,1,0,0,0,0
1,22,41,100,33,62,29,72,21,20,54,42,10,41,45,10,27,28,22,7,2,5,15,1,7,2,9,1,7,5,0,0,0,2,0,0,1,0,0,0,0,0,0,0,0
2,28,22,33,100,40,36,44,6,11,33,21,13,16,30,3,16,22,7,2,1,1,6,0,2,0,2,0,4,1,0,0,0,0,0,0,0,0,0,0,0,0,0,0,0
1,20,45,62,40,100,26,61,23,12,38,45,7,51,50,10,26,42,24,7,2,2,18,1,4,1,6,1,7,3,0,0,0,1,0,0,0,0,0,0,0,0,0,0,0
2,41,13,29,36,26,100,30,4,14,30,18,30,15,20,3,10,14,8,2,1,2,3,0,3,1,7,1,2,2,0,0,0,3,0,0,1,0,0,0,0,0,0,0,0
1,15,43,72,44,61,30,100,22,17,49,49,4,46,48,10,33,39,27,7,3,5,15,1,8,2,16,1,9,6,0,0,0,5,0,0,1,0,0,0,1,0,0,0,0
0,2,28,21,6,23,4,22,100,14,18,35,1,37,24,39,27,21,32,26,10,23,29,9,18,11,9,10,12,15,3,3,2,4,1,0,0,1,1,1,1,0,0,0,0
0,5,9,20,11,12,14,17,14,100,25,15,2,9,17,13,11,8,9,11,4,18,2,2,11,3,6,4,1,7,1,0,0,2,1,0,2,1,1,1,1,0,0,0,0
1,12,38,54,33,38,30,49,18,25,100,48,5,32,61,12,40,25,19,11,3,7,17,1,10,3,12,2,15,8,1,0,0,4,0,0,1,0,0,0,0,0,0,0,0
0,7,45,42,21,45,18,49,35,15,48,100,2,60,53,23,53,55,44,16,5,11,23,2,17,4,29,4,18,15,1,1,1,10,0,0,2,1,0,0,1,0,0,0,0
9,43,4,10,13,7,30,4,1,2,5,2,100,2,3,0,1,1,1,0,0,0,0,0,0,0,0,0,0,0,0,0,0,0,0,0,0,0,0,0,0,0,0,0,0
0,6,35,41,16,51,15,46,37,9,32,60,2,100,44,21,39,44,33,12,4,8,25,2,16,4,16,3,20,11,1,1,0,5,0,0,0,0,0,0,1,0,0,0,0
0,7,42,45,30,50,20,48,24,17,61,53,3,44,100,15,46,35,28,13,4,10,28,2,14,3,20,4,18,12,1,1,0,8,0,0,2,1,1,0,2,0,0,0,0
0,1,14,10,3,10,3,10,39,13,12,23,0,21,15,100,33,16,31,43,26,55,22,21,39,33,18,25,12,39,11,10,7,10,3,1,3,10,6,5,10,0,0,0,1
0,4,37,27,16,26,10,33,27,11,40,53,1,39,46,33,100,48,47,22,9,25,27,4,42,10,42,7,28,33,2,2,1,19,0,0,2,2,1,1,4,0,0,0,0
0,6,30,28,22,42,14,39,21,8,25,55,1,44,35,16,48,100,48,7,5,13,18,2,24,5,43,3,19,18,1,1,1,17,0,0,0,1,0,0,2,0,0,0,0
0,3,35,22,7,24,8,27,32,9,19,44,1,33,28,31,47,48,100,19,7,19,22,4,42,11,60,8,30,38,2,3,2,30,1,0,1,4,1,1,5,0,0,0,0
0,0,11,7,2,7,2,7,26,11,11,16,0,12,13,43,22,7,19,100,17,31,29,15,20,24,8,56,25,19,6,5,4,6,1,0,2,5,4,2,5,0,0,0,1
0,0,3,2,1,2,1,3,10,4,3,5,0,4,4,26,9,5,7,17,100,34,5,37,17,54,6,25,3,20,25,46,35,5,9,3,20,43,18,11,11,2,1,0,12
0,0,6,5,1,2,2,5,23,18,7,11,0,8,10,55,25,13,19,31,34,100,13,21,50,41,17,25,9,51,11,12,8,12,2,1,4,12,6,4,16,0,0,0,1
0,1,17,15,6,18,3,15,29,2,17,23,0,25,28,22,27,18,22,29,5,13,100,3,17,11,8,15,39,14,1,1,1,2,0,0,0,1,0,0,0,0,0,0,0
0,0,1,1,0,1,0,1,9,2,1,2,0,2,2,21,4,2,4,15,37,21,3,100,11,37,3,22,2,15,24,29,32,2,10,6,2,23,28,17,8,1,0,0,2
0,0,11,7,2,4,3,8,18,11,10,17,0,16,14,39,42,24,42,20,17,50,17,11,100,26,45,16,17,69,6,7,4,26,2,0,3,11,3,2,12,0,0,0,1
0,0,3,2,0,1,1,2,11,3,3,4,0,4,3,33,10,5,11,24,54,41,11,37,26,100,8,26,9,39,32,41,27,5,8,2,1,49,11,10,14,1,0,0,0
0,0,17,9,2,6,7,16,9,6,12,29,0,16,20,18,42,43,60,8,6,17,8,3,45,8,100,5,13,32,2,2,1,41,0,0,1,4,1,1,6,0,0,0,0
0,0,2,1,0,1,1,1,10,4,2,4,0,3,4,25,7,3,8,56,25,25,15,22,16,26,5,100,13,17,9,9,7,3,3,1,4,9,9,3,4,0,0,0,2
0,1,12,7,4,7,2,9,12,1,15,18,0,20,18,12,28,19,30,25,3,9,39,2,17,9,13,13,100,16,1,1,1,7,0,0,0,1,0,0,1,0,0,0,0
0,0,9,5,1,3,2,6,15,7,8,15,0,11,12,39,33,18,38,19,20,51,14,15,69,39,32,17,16,100,9,12,7,19,3,1,2,19,4,3,17,0,0,0,0
0,0,1,0,0,0,0,0,3,1,1,1,0,1,1,11,2,1,2,6,25,11,1,24,6,32,2,9,1,9,100,69,52,1,32,12,1,44,16,21,4,3,0,0,1
0,0,1,0,0,0,0,0,3,0,0,1,0,1,1,10,2,1,3,5,46,12,1,29,7,41,2,9,1,12,69,100,63,3,31,9,0,58,20,24,8,3,0,0,0
0,0,0,0,0,0,0,0,2,0,0,1,0,0,0,7,1,1,2,4,35,8,1,32,4,27,1,7,1,7,52,63,100,1,38,8,6,52,22,17,3,10,8,2,14
0,0,6,2,0,1,3,5,4,2,4,10,0,5,8,10,19,17,30,6,5,12,2,2,26,5,41,3,7,19,1,3,1,100,1,1,3,3,3,3,30,0,0,0,1
0,0,0,0,0,0,0,0,1,1,0,0,0,0,0,3,0,0,1,1,9,2,0,10,2,8,0,3,0,3,32,31,38,1,100,24,5,23,17,16,3,48,8,7,12
0,0,0,0,0,0,0,0,0,0,0,0,0,0,0,1,0,0,0,0,3,1,0,6,0,2,0,1,0,1,12,9,8,1,24,100,1,5,23,33,3,20,0,0,1
0,0,0,1,0,0,1,1,0,2,1,2,0,0,2,3,2,0,1,2,20,4,0,2,3,1,1,4,0,2,1,0,6,3,5,1,100,20,6,0,6,2,1,0,28
0,0,0,0,0,0,0,0,1,1,0,1,0,0,1,10,2,1,4,5,43,12,1,23,11,49,4,9,1,19,44,58,52,3,23,5,20,100,22,15,8,4,2,1,24
0,0,0,0,0,0,0,0,1,1,0,0,0,0,1,6,1,0,1,4,18,6,0,28,3,11,1,9,0,4,16,20,22,3,17,23,6,22,100,59,14,6,1,0,9
0,0,0,0,0,0,0,0,1,1,0,0,0,0,0,5,1,0,1,2,11,4,0,17,2,10,1,3,0,3,21,24,17,3,16,33,0,15,59,100,15,5,0,0,0
0,0,1,0,0,0,0,1,1,1,0,1,0,1,2,10,4,2,5,5,11,16,0,8,12,14,6,4,1,17,4,8,3,30,3,3,6,8,14,15,100,1,0,0,3
0,0,0,0,0,0,0,0,0,0,0,0,0,0,0,0,0,0,0,0,2,0,0,1,0,1,0,0,0,0,3,3,10,0,48,20,2,4,6,5,1,100,11,14,6
0,0,0,0,0,0,0,0,0,0,0,0,0,0,0,0,0,0,0,0,1,0,0,0,0,0,0,0,0,0,0,0,8,0,8,0,1,2,1,0,0,11,100,27,15
0,0,0,0,0,0,0,0,0,0,0,0,0,0,0,0,0,0,0,0,0,0,0,0,0,0,0,0,0,0,0,0,2,0,7,0,0,1,0,0,0,14,27,100,2
0,0,0,0,0,0,0,0,0,0,0,0,0,0,0,1,0,0,0,1,12,1,0,2,1,0,0,2,0,0,1,0,14,1,12,1,28,24,9,0,3,6,15,2,100
