0.339831883860133,0.339831883860133,0.339831883860133,0.339831883860133,0.5048841423486,0.5048841423486,0.5048841423486,0.5048841423486,0.559549911691462,0.559549911691462,0.559549911691462,0.559549911691462,0.570398569421155,0.570398569421155,0.570398569421155,0.570398569421155,0.332830120050837,0.332830120050837,0.332830120050837,0.332830120050837
0.76390711260195,0.761851044565825,0.738273449376167,0.694595077288645,0.699019249755452,0.776587041559361,0.738273449376167,0.682276660800729,0.514286295074416,0.761851044565825,0.747115047572289,0.6704878632059,0.481867101688636,0.767745443363239,0.73532624997746,0.658699065611071,0.375767923335175,0.505444696878294,0.502497497479587,0.652804666813657
0.423173696128104,0.423173696128104,0.423173696128104,0.423173696128104,0.524711474893187,0.524711474893187,0.524711474893187,0.524711474893187,0.601186212819411,0.601186212819411,0.601186212819411,0.601186212819411,0.612769129331481,0.612769129331481,0.612769129331481,0.612769129331481,0.350775546715213,0.350775546715213,0.350775546715213,0.350775546715213
0.471256880435272,0.471256880435272,0.471256880435272,0.471256880435272,0.627820628088186,0.627820628088186,0.627820628088186,0.627820628088186,0.687314852196294,0.687314852196294,0.687314852196294,0.687314852196294,0.64542181100977,0.64542181100977,0.64542181100977,0.64542181100977,0.509616700567743,0.509616700567743,0.509616700567743,0.509616700567743
0.738811205290731,0.737400283211149,0.717984053668036,0.717984053668036,0.757174016404667,0.757174016404667,0.725367278307152,0.725367278307152,0.724611753259804,0.724611753259804,0.724611753259804,0.724611753259804,0.725968236182129,0.725968236182129,0.725968236182129,0.725968236182129,0.608700789084505,0.608700789084505,0.608700789084505,0.608700789084505
0.707603463138344,0.711076349248278,0.715686170239381,0.715686170239381,0.792775043350346,0.792775043350346,0.793489648557825,0.793489648557825,0.788293058081259,0.788293058081259,0.788293058081259,0.788293058081259,0.775923071005452,0.775923071005452,0.775923071005452,0.775923071005452,0.662983693562609,0.662983693562609,0.662983693562609,0.662983693562609
0.742055302355503,0.738522118084472,0.729642092616522,0.729642092616522,0.768993867442802,0.768993867442802,0.74297206605499,0.74297206605499,0.724457543073528,0.724457543073528,0.724457543073528,0.724457543073528,0.731582747685164,0.731582747685164,0.731582747685164,0.731582747685164,0.739871460572835,0.739871460572835,0.739871460572835,0.739871460572835
0.471216399016575,0.444710476571892,0.489633977003501,0.489633977003501,0.477835567919079,0.477835567919079,0.57429498630145,0.57429498630145,0.633197036178522,0.633197036178522,0.633197036178522,0.633197036178522,0.609636216227693,0.609636216227693,0.609636216227693,0.609636216227693,0.456490886547307,0.456490886547307,0.456490886547307,0.456490886547307
0.752450347664342,0.752450347664342,0.779430639014856,0.779430639014856,0.770437208564685,0.770437208564685,0.770437208564685,0.770437208564685,0.785426259314971,0.785426259314971,0.785426259314971,0.785426259314971,0.704485385263428,0.704485385263428,0.704485385263428,0.704485385263428,0.37883034568592,0.37883034568592,0.37883034568592,0.37883034568592
0.670506548127141,0.598437747187048,0.627063157865029,0.627063157865029,0.694426286966169,0.694426286966169,0.596284670392792,0.596284670392792,0.735364364026034,0.735364364026034,0.735364364026034,0.735364364026034,0.660692040359564,0.660692040359564,0.660692040359564,0.660692040359564,0.658197076997427,0.658197076997427,0.658197076997427,0.658197076997427
0.309235761854627,0.309235761854627,0.323961274323895,0.323961274323895,0.41820455412721,0.41820455412721,0.441765374078039,0.441765374078039,0.465326194028867,0.465326194028867,0.465326194028867,0.465326194028867,0.57429498630145,0.57429498630145,0.57429498630145,0.57429498630145,0.432930066596478,0.432930066596478,0.432930066596478,0.432930066596478
0.514312541194208,0.514312541194208,0.549680738869454,0.549680738869454,0.464207594487609,0.464207594487609,0.543786039256913,0.543786039256913,0.726521727245686,0.726521727245686,0.726521727245686,0.726521727245686,0.626311833832488,0.626311833832488,0.626311833832488,0.626311833832488,0.487786392937773,0.487786392937773,0.487786392937773,0.487786392937773
0.347522094274724,0.347522094274724,0.347522094274724,0.347522094274724,0.462381091535014,0.462381091535014,0.462381091535014,0.462381091535014,0.488887013979696,0.488887013979696,0.488887013979696,0.488887013979696,0.547789063856768,0.547789063856768,0.547789063856768,0.547789063856768,0.30334555686692,0.30334555686692,0.30334555686692,0.30334555686692
0.306290659360773,0.306290659360773,0.306290659360773,0.306290659360773,0.488887013979696,0.488887013979696,0.488887013979696,0.488887013979696,0.515392936424378,0.515392936424378,0.515392936424378,0.515392936424378,0.512447833930525,0.512447833930525,0.512447833930525,0.512447833930525,0.306290659360773,0.306290659360773,0.306290659360773,0.306290659360773
0.315125966842334,0.315125966842334,0.315125966842334,0.315125966842334,0.488887013979696,0.488887013979696,0.488887013979696,0.488887013979696,0.538953756375207,0.538953756375207,0.538953756375207,0.538953756375207,0.503612526448964,0.503612526448964,0.503612526448964,0.503612526448964,0.300400454373066,0.300400454373066,0.300400454373066,0.300400454373066
0.621416626203108,0.6155264212154,0.583130293783011,0.527173346399793,0.568404781313743,0.621416626203108,0.559569473832182,0.521283141412086,0.45943598904116,0.583130293783011,0.559569473832182,0.530118448893646,0.435875169090331,0.64792254864779,0.600800908746133,0.600800908746133,0.321016171830041,0.453545784053453,0.477106604004282,0.586075396276865
0.706824598524862,0.674428471092472,0.644977446153936,0.597855806252279,0.64792254864779,0.703879496031008,0.653812753635497,0.60669111373384,0.577240088795304,0.697989291043301,0.656757856129351,0.642032343660083,0.453545784053453,0.715659906006423,0.686208881067887,0.665593163610912,0.382863324200967,0.550734166350622,0.536008653881354,0.680318676080179
0.718605008500276,0.706824598524862,0.671483368598619,0.653812753635497,0.644977446153936,0.706824598524862,0.686208881067887,0.659702958623204,0.553679268844475,0.709769701018715,0.680318676080179,0.665593163610912,0.406424144151796,0.72155011099413,0.697989291043301,0.671483368598619,0.353412299262431,0.547789063856768,0.586075396276865,0.68915398356174
0.671509473612799,0.671509473612799,0.671509473612799,0.671509473612799,0.689496334513142,0.689496334513142,0.689496334513142,0.689496334513142,0.728467866463885,0.728467866463885,0.728467866463885,0.728467866463885,0.665513853312685,0.665513853312685,0.665513853312685,0.665513853312685,0.43097703294633,0.43097703294633,0.43097703294633,0.43097703294633
0.662944305844705,0.662944305844705,0.662944305844705,0.662944305844705,0.732094959062066,0.732094959062066,0.732094959062066,0.732094959062066,0.718344303625887,0.718344303625887,0.718344303625887,0.718344303625887,0.696016357383443,0.696016357383443,0.696016357383443,0.696016357383443,0.37224382162851,0.37224382162851,0.37224382162851,0.37224382162851
0.656380273273718,0.656380273273718,0.656380273273718,0.656380273273718,0.6975748741551,0.6975748741551,0.6975748741551,0.6975748741551,0.718713506705255,0.718713506705255,0.718713506705255,0.718713506705255,0.694555069505078,0.694555069505078,0.694555069505078,0.694555069505078,0.372339896264973,0.372339896264973,0.372339896264973,0.372339896264973
0.752769641636537,0.661480498296364,0.613153155955077,0.608148277848206,0.698691445766053,0.653419861807129,0.650401756209868,0.625234991540399,0.59607585545916,0.679603251674347,0.665492284196176,0.668510389793437,0.571931010681067,0.743963029724976,0.753017346516761,0.7499992409195,0.284774498372274,0.469493091911047,0.477576872209221,0.478729021587985
0.689612916190667,0.584192770539868,0.518466805091312,0.504403219524593,0.518371791661573,0.658225764778478,0.520702375747694,0.513574187152313,0.458995612742603,0.6744232043803,0.603970129959186,0.557037474675872,0.397999518025978,0.671385262018226,0.686574973828593,0.663852179578569,0.255229428621024,0.402828780277941,0.405927463203155,0.46235497241847
0.564611254201252,0.537534643334563,0.382569701111986,0.398399791423212,0.48486390191294,0.58159002917964,0.382569701111986,0.421165493790252,0.420470211585053,0.545310319039945,0.474196015594429,0.45169050075298,0.423667703688362,0.549682310587824,0.557250261798665,0.544723590031782,0.325714105500635,0.386601039711927,0.384594253430279,0.450147311910297
0.781835985031878,0.781835985031878,0.781835985031878,0.781835985031878,0.772691704505189,0.772691704505189,0.772691704505189,0.772691704505189,0.749062073548603,0.749062073548603,0.749062073548603,0.749062073548603,0.730018395380643,0.730018395380643,0.730018395380643,0.730018395380643,0.555391001458001,0.555391001458001,0.555391001458001,0.555391001458001
