1,1,1,1,1,1,1,1,1,1,1,1,1,1,1,1,1,1,1,1
0.996212121212121,0.996212121212121,0.996212121212121,0.996212121212121,0.996212121212121,0.996212121212121,0.996212121212121,0.996212121212121,0.996212121212121,0.996212121212121,0.996212121212121,0.996212121212121,0.996212121212121,0.996212121212121,0.996212121212121,0.996212121212121,0.996212121212121,0.996212121212121,0.996212121212121,0.996212121212121
1,1,1,1,1,1,1,1,1,1,1,1,1,1,1,1,1,1,1,1
1,1,1,1,1,1,1,1,1,1,1,1,1,1,1,1,1,1,1,1
0.949555360644969,0.949555360644969,0.949555360644969,0.949555360644969,0.949555360644969,0.949555360644969,0.949555360644969,0.949555360644969,0.949555360644969,0.949555360644969,0.949555360644969,0.949555360644969,0.949555360644969,0.949555360644969,0.949555360644969,0.949555360644969,0.949555360644969,0.949555360644969,0.949555360644969,0.949555360644969
0.946550495565774,0.946550495565774,0.946550495565774,0.946550495565774,0.946550495565774,0.946550495565774,0.946550495565774,0.946550495565774,0.946550495565774,0.946550495565774,0.946550495565774,0.946550495565774,0.946550495565774,0.946550495565774,0.946550495565774,0.946550495565774,0.946550495565774,0.946550495565774,0.946550495565774,0.946550495565774
0.940728297052885,0.940728297052885,0.940728297052885,0.940728297052885,0.940728297052885,0.940728297052885,0.940728297052885,0.940728297052885,0.940728297052885,0.940728297052885,0.940728297052885,0.940728297052885,0.940728297052885,0.940728297052885,0.940728297052885,0.940728297052885,0.940728297052885,0.940728297052885,0.940728297052885,0.940728297052885
0.909090909090909,0.909090909090909,0.909090909090909,0.909090909090909,0.909090909090909,0.909090909090909,0.909090909090909,0.909090909090909,0.909090909090909,0.909090909090909,0.909090909090909,0.909090909090909,0.909090909090909,0.909090909090909,0.909090909090909,0.909090909090909,0.909090909090909,0.909090909090909,0.909090909090909,0.909090909090909
0.974526664390335,0.974526664390335,0.974526664390335,0.974526664390335,0.974526664390335,0.974526664390335,0.974526664390335,0.974526664390335,0.974526664390335,0.974526664390335,0.974526664390335,0.974526664390335,0.974526664390335,0.974526664390335,0.974526664390335,0.974526664390335,0.974526664390335,0.974526664390335,0.974526664390335,0.974526664390335
0.924402337127149,0.924402337127149,0.924402337127149,0.924402337127149,0.924402337127149,0.924402337127149,0.924402337127149,0.924402337127149,0.924402337127149,0.924402337127149,0.924402337127149,0.924402337127149,0.924402337127149,0.924402337127149,0.924402337127149,0.924402337127149,0.924402337127149,0.924402337127149,0.924402337127149,0.924402337127149
0.939393939393939,0.939393939393939,0.939393939393939,0.939393939393939,0.939393939393939,0.939393939393939,0.939393939393939,0.939393939393939,0.939393939393939,0.939393939393939,0.939393939393939,0.939393939393939,0.939393939393939,0.939393939393939,0.939393939393939,0.939393939393939,0.939393939393939,0.939393939393939,0.939393939393939,0.939393939393939
0.897727272727273,0.897727272727273,0.897727272727273,0.897727272727273,0.897727272727273,0.897727272727273,0.897727272727273,0.897727272727273,0.897727272727273,0.897727272727273,0.897727272727273,0.897727272727273,0.897727272727273,0.897727272727273,0.897727272727273,0.897727272727273,0.897727272727273,0.897727272727273,0.897727272727273,0.897727272727273
1,1,1,1,1,1,1,1,1,1,1,1,1,1,1,1,1,1,1,1
1,1,1,1,1,1,1,1,1,1,1,1,1,1,1,1,1,1,1,1
1,1,1,1,1,1,1,1,1,1,1,1,1,1,1,1,1,1,1,1
0.984848484848485,0.984848484848485,0.984848484848485,0.984848484848485,0.984848484848485,0.984848484848485,0.984848484848485,0.984848484848485,0.984848484848485,0.984848484848485,0.984848484848485,0.984848484848485,0.984848484848485,0.984848484848485,0.984848484848485,0.984848484848485,0.984848484848485,0.984848484848485,0.984848484848485,0.984848484848485
0.984848484848485,0.984848484848485,0.984848484848485,0.984848484848485,0.984848484848485,0.984848484848485,0.984848484848485,0.984848484848485,0.984848484848485,0.984848484848485,0.984848484848485,0.984848484848485,0.984848484848485,0.984848484848485,0.984848484848485,0.984848484848485,0.984848484848485,0.984848484848485,0.984848484848485,0.984848484848485
0.988636363636364,0.988636363636364,0.988636363636364,0.988636363636364,0.988636363636364,0.988636363636364,0.988636363636364,0.988636363636364,0.988636363636364,0.988636363636364,0.988636363636364,0.988636363636364,0.988636363636364,0.988636363636364,0.988636363636364,0.988636363636364,0.988636363636364,0.988636363636364,0.988636363636364,0.988636363636364
1,1,1,1,1,1,1,1,1,1,1,1,1,1,1,1,1,1,1,1
1,1,1,1,1,1,1,1,1,1,1,1,1,1,1,1,1,1,1,1
1,1,1,1,1,1,1,1,1,1,1,1,1,1,1,1,1,1,1,1
1,1,1,1,1,1,1,1,1,1,1,1,1,1,1,1,1,1,1,1
0.995762711864407,0.995762711864407,0.995762711864407,0.995762711864407,0.995762711864407,0.995762711864407,0.995762711864407,0.995762711864407,0.995762711864407,0.995762711864407,0.995762711864407,0.995762711864407,0.995762711864407,0.995762711864407,0.995762711864407,0.995762711864407,0.995762711864407,0.995762711864407,0.995762711864407,0.995762711864407
0.989109101224778,0.989109101224778,0.989109101224778,0.989109101224778,0.989109101224778,0.989109101224778,0.989109101224778,0.989109101224778,0.989109101224778,0.989109101224778,0.989109101224778,0.989109101224778,0.989109101224778,0.989109101224778,0.989109101224778,0.989109101224778,0.989109101224778,0.989109101224778,0.989109101224778,0.989109101224778
1,1,1,1,1,1,1,1,1,1,1,1,1,1,1,1,1,1,1,1
