0.750075104729561,0.750075104729561,0.750075104729561,0.750075104729561,0.750075104729561,0.750075104729561,0.750075104729561,0.750075104729561,0.763170322122444,0.763170322122444,0.763170322122444,0.763170322122444,0.748287080482669,0.748287080482669,0.748287080482669,0.748287080482669,0.748287080482669,0.748287080482669,0.748287080482669,0.748287080482669
0.856529834913826,0.873921303643041,0.882617038007648,0.847834100549219,0.856529834913826,0.873921303643041,0.882617038007648,0.847834100549219,0.856529834913826,0.873921303643041,0.882617038007648,0.847834100549219,0.700006616350894,0.786963959996967,0.795659694361575,0.795659694361575,0.700006616350894,0.786963959996967,0.795659694361575,0.795659694361575
0.763170322122444,0.763170322122444,0.763170322122444,0.763170322122444,0.763170322122444,0.763170322122444,0.763170322122444,0.763170322122444,0.763170322122444,0.763170322122444,0.763170322122444,0.763170322122444,0.72261268579737,0.72261268579737,0.72261268579737,0.72261268579737,0.72261268579737,0.72261268579737,0.72261268579737,0.72261268579737
0.828201868907674,0.828201868907674,0.828201868907674,0.828201868907674,0.828201868907674,0.828201868907674,0.828201868907674,0.828201868907674,0.828201868907674,0.828201868907674,0.828201868907674,0.828201868907674,0.824153615263055,0.824153615263055,0.824153615263055,0.824153615263055,0.824153615263055,0.824153615263055,0.824153615263055,0.824153615263055
0.910313901345291,0.910313901345291,0.910313901345291,0.910313901345291,0.910313901345291,0.910313901345291,0.910313901345291,0.910313901345291,0.910313901345291,0.910313901345291,0.910313901345291,0.910313901345291,0.902955242295131,0.902955242295131,0.902955242295131,0.902955242295131,0.902955242295131,0.902955242295131,0.902955242295131,0.902955242295131
0.887901304126042,0.887901304126042,0.887901304126042,0.887901304126042,0.887901304126042,0.887901304126042,0.887901304126042,0.887901304126042,0.887901304126042,0.887901304126042,0.887901304126042,0.887901304126042,0.881854622844782,0.881854622844782,0.881854622844782,0.881854622844782,0.881854622844782,0.881854622844782,0.881854622844782,0.881854622844782
0.899131455214867,0.899131455214867,0.899131455214867,0.899131455214867,0.899131455214867,0.899131455214867,0.899131455214867,0.899131455214867,0.899131455214867,0.899131455214867,0.899131455214867,0.899131455214867,0.9015338870068,0.9015338870068,0.9015338870068,0.9015338870068,0.9015338870068,0.9015338870068,0.9015338870068,0.9015338870068
0.775600969242337,0.775600969242337,0.775600969242337,0.775600969242337,0.775600969242337,0.775600969242337,0.775600969242337,0.775600969242337,0.775600969242337,0.775600969242337,0.775600969242337,0.775600969242337,0.79303020450621,0.79303020450621,0.79303020450621,0.79303020450621,0.79303020450621,0.79303020450621,0.79303020450621,0.79303020450621
0.884444444444444,0.884444444444444,0.884444444444444,0.884444444444444,0.884444444444444,0.884444444444444,0.884444444444444,0.884444444444444,0.884444444444444,0.884444444444444,0.884444444444444,0.884444444444444,0.883443602781824,0.883443602781824,0.883443602781824,0.883443602781824,0.883443602781824,0.883443602781824,0.883443602781824,0.883443602781824
0.892781130822268,0.892781130822268,0.892781130822268,0.892781130822268,0.892781130822268,0.892781130822268,0.892781130822268,0.892781130822268,0.892781130822268,0.892781130822268,0.892781130822268,0.892781130822268,0.913251303399601,0.913251303399601,0.913251303399601,0.913251303399601,0.913251303399601,0.913251303399601,0.913251303399601,0.913251303399601
0.717398085080108,0.717398085080108,0.717398085080108,0.717398085080108,0.717398085080108,0.717398085080108,0.717398085080108,0.717398085080108,0.717398085080108,0.717398085080108,0.717398085080108,0.717398085080108,0.769572491267753,0.769572491267753,0.769572491267753,0.769572491267753,0.769572491267753,0.769572491267753,0.769572491267753,0.769572491267753
0.836603292665892,0.836603292665892,0.836603292665892,0.836603292665892,0.836603292665892,0.836603292665892,0.836603292665892,0.836603292665892,0.836603292665892,0.836603292665892,0.836603292665892,0.836603292665892,0.784315586874273,0.784315586874273,0.784315586874273,0.784315586874273,0.784315586874273,0.784315586874273,0.784315586874273,0.784315586874273
0.74348528817393,0.74348528817393,0.74348528817393,0.74348528817393,0.74348528817393,0.74348528817393,0.74348528817393,0.74348528817393,0.740756562956003,0.740756562956003,0.740756562956003,0.740756562956003,0.734789553809323,0.734789553809323,0.734789553809323,0.734789553809323,0.734789553809323,0.734789553809323,0.734789553809323,0.734789553809323
0.734789553809323,0.734789553809323,0.734789553809323,0.734789553809323,0.734789553809323,0.734789553809323,0.734789553809323,0.734789553809323,0.74348528817393,0.74348528817393,0.74348528817393,0.74348528817393,0.769572491267753,0.769572491267753,0.769572491267753,0.769572491267753,0.769572491267753,0.769572491267753,0.769572491267753,0.769572491267753
0.74348528817393,0.74348528817393,0.74348528817393,0.74348528817393,0.74348528817393,0.74348528817393,0.74348528817393,0.74348528817393,0.752181022538538,0.752181022538538,0.752181022538538,0.752181022538538,0.760876756903145,0.760876756903145,0.760876756903145,0.760876756903145,0.760876756903145,0.760876756903145,0.760876756903145,0.760876756903145
0.760876756903145,0.821746897455397,0.804355428726182,0.804355428726182,0.760876756903145,0.821746897455397,0.804355428726182,0.804355428726182,0.760876756903145,0.821746897455397,0.804355428726182,0.804355428726182,0.786963959996967,0.795659694361575,0.813051163090789,0.813051163090789,0.786963959996967,0.795659694361575,0.813051163090789,0.813051163090789
0.77826822563236,0.847834100549219,0.839138366184612,0.839138366184612,0.77826822563236,0.847834100549219,0.839138366184612,0.839138366184612,0.77826822563236,0.847834100549219,0.839138366184612,0.839138366184612,0.752181022538538,0.804355428726182,0.813051163090789,0.813051163090789,0.752181022538538,0.804355428726182,0.813051163090789,0.813051163090789
0.813051163090789,0.865225569278434,0.865225569278434,0.847834100549219,0.813051163090789,0.865225569278434,0.865225569278434,0.847834100549219,0.813051163090789,0.865225569278434,0.865225569278434,0.847834100549219,0.760876756903145,0.795659694361575,0.830442631820004,0.830442631820004,0.760876756903145,0.795659694361575,0.830442631820004,0.830442631820004
0.881587426820431,0.881587426820431,0.881587426820431,0.881587426820431,0.881587426820431,0.881587426820431,0.881587426820431,0.881587426820431,0.881587426820431,0.881587426820431,0.881587426820431,0.881587426820431,0.831242478327645,0.831242478327645,0.831242478327645,0.831242478327645,0.831242478327645,0.831242478327645,0.831242478327645,0.831242478327645
0.881587426820431,0.881587426820431,0.881587426820431,0.881587426820431,0.881587426820431,0.881587426820431,0.881587426820431,0.881587426820431,0.881587426820431,0.881587426820431,0.881587426820431,0.881587426820431,0.833803321575762,0.833803321575762,0.833803321575762,0.833803321575762,0.833803321575762,0.833803321575762,0.833803321575762,0.833803321575762
0.91392732637488,0.91392732637488,0.91392732637488,0.91392732637488,0.91392732637488,0.91392732637488,0.91392732637488,0.91392732637488,0.91392732637488,0.91392732637488,0.91392732637488,0.91392732637488,0.800071120593997,0.800071120593997,0.800071120593997,0.800071120593997,0.800071120593997,0.800071120593997,0.800071120593997,0.800071120593997
0.93570074803442,0.920353982300885,0.929203539823009,0.929203539823009,0.93570074803442,0.920353982300885,0.929203539823009,0.929203539823009,0.93570074803442,0.920353982300885,0.929203539823009,0.929203539823009,0.678493907342494,0.849557522123894,0.893805309734513,0.884955752212389,0.678493907342494,0.849557522123894,0.893805309734513,0.884955752212389
0.862222222222222,0.888888888888889,0.88,0.866666666666667,0.862222222222222,0.888888888888889,0.88,0.866666666666667,0.862222222222222,0.888888888888889,0.88,0.866666666666667,0.746666666666667,0.873616338212231,0.877507744279127,0.866666666666667,0.746666666666667,0.873616338212231,0.877507744279127,0.866666666666667
0.800007901351625,0.819617404276188,0.783981864959832,0.825925778947711,0.800007901351625,0.819617404276188,0.783981864959832,0.825925778947711,0.800007901351625,0.819617404276188,0.783981864959832,0.825925778947711,0.773014811052175,0.804452389692468,0.857786249782576,0.860312536107476,0.773014811052175,0.804452389692468,0.857786249782576,0.860312536107476
0.916675483609304,0.916675483609304,0.916675483609304,0.916675483609304,0.916675483609304,0.916675483609304,0.916675483609304,0.916675483609304,0.916675483609304,0.916675483609304,0.916675483609304,0.916675483609304,0.827506538168144,0.827506538168144,0.827506538168144,0.827506538168144,0.827506538168144,0.827506538168144,0.827506538168144,0.827506538168144
