0.532808077711307,0.532808077711307,0.532808077711307,0.532808077711307,0.573239659398966,0.573239659398966,0.573239659398966,0.573239659398966,0.387706175143336,0.387706175143336,0.387706175143336,0.387706175143336,0.0625,0.0625,0.0625,0.0625,0.0232119172721315,0.0232119172721315,0.0232119172721315,0.0232119172721315
0.143462588231713,0.363718699506011,0.417889569645204,0.363718699506011,0.221009933221828,0.410150873911033,0.448844352581886,0.340502612303499,0.334855411264458,0.494310369009438,0.494310369009438,0.494310369009438,0.300802997561672,0.300802997561672,0.300802997561672,0.300802997561672,0.328325443619637,0.328325443619637,0.328325443619637,0.328325443619637
0.472535353487764,0.472535353487764,0.472535353487764,0.472535353487764,0.59730440577932,0.59730440577932,0.59730440577932,0.59730440577932,0.144496403086211,0.144496403086211,0.144496403086211,0.144496403086211,-0.0152711805445382,-0.0152711805445382,-0.0152711805445382,-0.0152711805445382,-0.0964167592097481,-0.0964167592097481,-0.0964167592097481,-0.0964167592097481
0.498003259403803,0.498003259403803,0.498003259403803,0.498003259403803,0.408272942394109,0.408272942394109,0.408272942394109,0.408272942394109,0.23094010767585,0.23094010767585,0.23094010767585,0.23094010767585,0.23094010767585,0.23094010767585,0.23094010767585,0.23094010767585,0,0,0,0
0.761194490176249,0.761194490176249,0.761194490176249,0.761194490176249,0.583154707899435,0.583154707899435,0.583154707899435,0.583154707899435,0.286178570632881,0.286178570632881,0.286178570632881,0.286178570632881,0.480007836926619,0.480007836926619,0.480007836926619,0.480007836926619,0.389691549988233,0.389691549988233,0.389691549988233,0.389691549988233
0.781402561332755,0.781402561332755,0.781402561332755,0.781402561332755,0.781402561332755,0.781402561332755,0.781402561332755,0.781402561332755,0.210232440578586,0.210232440578586,0.210232440578586,0.210232440578586,0.0639578123292578,0.0639578123292578,0.0639578123292578,0.0639578123292578,-0.147029408822941,-0.147029408822941,-0.147029408822941,-0.147029408822941
0.774624899526284,0.774624899526284,0.774624899526284,0.774624899526284,0.690584945724306,0.690584945724306,0.690584945724306,0.690584945724306,0.292537372953264,0.292537372953264,0.292537372953264,0.292537372953264,0.150353747449302,0.150353747449302,0.150353747449302,0.150353747449302,0.0339661337778514,0.0339661337778514,0.0339661337778514,0.0339661337778514
0.164469559958235,0.164469559958235,0.164469559958235,0.164469559958235,0.280770576785249,0.280770576785249,0.280770576785249,0.280770576785249,0.151405167154229,0.151405167154229,0.151405167154229,0.151405167154229,-0.0102115271510699,-0.0102115271510699,-0.0102115271510699,-0.0102115271510699,-0.100964390779058,-0.100964390779058,-0.100964390779058,-0.100964390779058
0.186191553012099,0.186191553012099,0.186191553012099,0.186191553012099,0.0592189879265352,0.0592189879265352,0.0592189879265352,0.0592189879265352,0.193389858574945,0.193389858574945,0.193389858574945,0.193389858574945,0.316227766016838,0.316227766016838,0.316227766016838,0.316227766016838,0.330289129537908,0.330289129537908,0.330289129537908,0.330289129537908
0.508255784245526,0.508255784245526,0.508255784245526,0.508255784245526,0.657013574756412,0.657013574756412,0.657013574756412,0.657013574756412,0.257923019779657,0.257923019779657,0.257923019779657,0.257923019779657,0.161852414944818,0.161852414944818,0.161852414944818,0.161852414944818,-0.0556846046389705,-0.0556846046389705,-0.0556846046389705,-0.0556846046389705
0.281947817071259,0.281947817071259,0.281947817071259,0.281947817071259,0.305443468493864,0.305443468493864,0.305443468493864,0.305443468493864,0.290430094119402,0.290430094119402,0.290430094119402,0.290430094119402,-0.0297951181056821,-0.0297951181056821,-0.0297951181056821,-0.0297951181056821,-0.112182656421176,-0.112182656421176,-0.112182656421176,-0.112182656421176
0.332345676841429,0.332345676841429,0.332345676841429,0.332345676841429,0.465552613146098,0.465552613146098,0.465552613146098,0.465552613146098,0.277350098112615,0.277350098112615,0.277350098112615,0.277350098112615,0.277350098112615,0.277350098112615,0.277350098112615,0.277350098112615,0,0,0,0
0.592553397929057,0.592553397929057,0.592553397929057,0.592553397929057,0.579559401757588,0.579559401757588,0.579559401757588,0.579559401757588,0.477840494758299,0.477840494758299,0.477840494758299,0.477840494758299,0.0604122093330177,0.0604122093330177,0.0604122093330177,0.0604122093330177,0.0448730625684703,0.0448730625684703,0.0448730625684703,0.0448730625684703
0.569008229799425,0.569008229799425,0.569008229799425,0.569008229799425,0.577139518947455,0.577139518947455,0.577139518947455,0.577139518947455,0.433182504593972,0.433182504593972,0.433182504593972,0.433182504593972,0.0503435077775147,0.0503435077775147,0.0503435077775147,0.0503435077775147,0.0336547969263527,0.0336547969263527,0.0336547969263527,0.0336547969263527
0.553311451046338,0.553311451046338,0.553311451046338,0.553311451046338,0.577139518947455,0.577139518947455,0.577139518947455,0.577139518947455,0.406387710495376,0.406387710495376,0.406387710495376,0.406387710495376,0.0201374031110059,0.0201374031110059,0.0201374031110059,0.0201374031110059,0,0,0,0
0.290802543712932,0.332763916569329,0.332763916569329,0.325025220835159,0.321821481708978,0.325025220835159,0.325025220835159,0.325025220835159,0.21072097724187,0.21072097724187,0.21072097724187,0.21072097724187,0.123279917033472,0.123279917033472,0.123279917033472,0.123279917033472,0.0946022464666752,0.0946022464666752,0.0946022464666752,0.0946022464666752
0.298557278211943,0.34824130803767,0.379196090974352,0.34824130803767,0.321821481708978,0.386934786708522,0.371457395240181,0.340502612303499,0.272181262270749,0.272181262270749,0.272181262270749,0.272181262270749,0.192316670572217,0.192316670572217,0.192316670572217,0.192316670572217,0.194769330960802,0.194769330960802,0.194769330960802,0.194769330960802
0.275293074714909,0.402412178176863,0.402412178176863,0.340502612303499,0.329576216207989,0.379196090974352,0.394673482442693,0.317286525100988,0.263401221552338,0.263401221552338,0.263401221552338,0.263401221552338,0.212041457297572,0.212041457297572,0.212041457297572,0.212041457297572,0.217028683070608,0.217028683070608,0.217028683070608,0.217028683070608
0.210350586916024,0.210350586916024,0.210350586916024,0.210350586916024,0.457283070637269,0.457283070637269,0.457283070637269,0.457283070637269,0.0624675214048083,0.0624675214048083,0.0624675214048083,0.0624675214048083,0.152847602000331,0.152847602000331,0.152847602000331,0.152847602000331,-0.0735338845229288,-0.0735338845229288,-0.0735338845229288,-0.0735338845229288
0.388229195642248,0.388229195642248,0.388229195642248,0.388229195642248,0.473751903412282,0.473751903412282,0.473751903412282,0.473751903412282,0.134296041382756,0.134296041382756,0.134296041382756,0.134296041382756,0.203419051086243,0.203419051086243,0.203419051086243,0.203419051086243,0,0,0,0
0.324844837170044,0.324844837170044,0.324844837170044,0.324844837170044,0.51256782962566,0.51256782962566,0.51256782962566,0.51256782962566,0.182258913305169,0.182258913305169,0.182258913305169,0.182258913305169,0.180816934298883,0.180816934298883,0.180816934298883,0.180816934298883,-0.0366987921708787,-0.0366987921708787,-0.0366987921708787,-0.0366987921708787
0.318582373042178,0.349778502759279,0.349778502759279,0.375763824613851,0.217947897345549,0.449239543508172,0.431447878418739,0.426863913118732,0.103845934391748,0.103845934391748,0.103845934391748,0.103845934391748,0.15147030330417,0.15147030330417,0.15147030330417,0.15147030330417,0.113511026082198,0.113511026082198,0.113511026082198,0.113511026082198
0.186990564834298,0.331932773109244,0.382352941176471,0.389014167056382,0.12469302835453,0.42733447607757,0.41312761178067,0.41312761178067,0.178799634963038,0.178799634963038,0.178799634963038,0.178799634963038,0.252773660270551,0.252773660270551,0.252773660270551,0.252773660270551,0.234528931498231,0.234528931498231,0.234528931498231,0.234528931498231
0.114919631652431,0.396437508836763,0.425867221071991,0.399223633292807,0.124796130044461,0.434701807727482,0.420647648804132,0.393353790859143,0.208576462686348,0.208576462686348,0.208576462686348,0.208576462686348,0.28767798089123,0.28767798089123,0.28767798089123,0.28767798089123,0.233549683248457,0.233549683248457,0.233549683248457,0.233549683248457
0.496426979423266,0.496426979423266,0.496426979423266,0.496426979423266,0.530315298154623,0.530315298154623,0.530315298154623,0.530315298154623,0.101667798556527,0.101667798556527,0.101667798556527,0.101667798556527,0.330808044436877,0.330808044436877,0.330808044436877,0.330808044436877,0.40747728261715,0.40747728261715,0.40747728261715,0.40747728261715
