0.344468539261465,0.344468539261465,0.344468539261465,0.344468539261465,0.388574727505568,0.388574727505568,0.388574727505568,0.388574727505568,0.542704725088543,0.542704725088543,0.542704725088543,0.542704725088543,0.551674045674734,0.551674045674734,0.551674045674734,0.551674045674734,0.20037648221124,0.20037648221124,0.20037648221124,0.20037648221124
0.687297776680501,0.676405577367023,0.676405577367023,0.693833096268589,0.650264299014674,0.685119336817806,0.693833096268589,0.71343905503285,0.654621178740066,0.719974374620937,0.700368415856676,0.68294089695511,0.588411818416958,0.688142087086884,0.632078743716918,0.62989539745192,0.41752699927093,0.51667589091838,0.58277515201668,0.578368534610127
0.366126704903128,0.366126704903128,0.366126704903128,0.366126704903128,0.391445796297018,0.391445796297018,0.391445796297018,0.391445796297018,0.513787569633022,0.513787569633022,0.513787569633022,0.513787569633022,0.553724129416346,0.553724129416346,0.553724129416346,0.553724129416346,0.253218991364039,0.253218991364039,0.253218991364039,0.253218991364039
0.201839044317458,0.201839044317458,0.201839044317458,0.201839044317458,0.27131920229843,0.27131920229843,0.27131920229843,0.27131920229843,0.406058035744399,0.406058035744399,0.406058035744399,0.406058035744399,0.319369840677466,0.319369840677466,0.319369840677466,0.319369840677466,0.319307669428553,0.319307669428553,0.319307669428553,0.319307669428553
0.618209152930862,0.583115391421707,0.666437155610944,0.58903863629089,0.608258567156062,0.70314035750723,0.699378654832665,0.627836575662136,0.661258482046566,0.66815844768505,0.66815844768505,0.66815844768505,0.353726684018145,0.353726684018145,0.353726684018145,0.353726684018145,0.247335408815837,0.247335408815837,0.247335408815837,0.247335408815837
0.659810582407747,0.645407755738498,0.60284344299219,0.571108237466196,0.677907158325649,0.715357730767481,0.72058453190231,0.692630875659301,0.699877925060907,0.703644658764139,0.703644658764139,0.703644658764139,0.596821444946452,0.596821444946452,0.596821444946452,0.596821444946452,0.380748712286889,0.380748712286889,0.380748712286889,0.380748712286889
0.665442142320978,0.650840206552252,0.681833122081045,0.637246840586254,0.684794511796933,0.77039382577155,0.779838441562533,0.742696620782578,0.724275804570851,0.722763327569244,0.722763327569244,0.722763327569244,0.451036143385859,0.451036143385859,0.451036143385859,0.451036143385859,0.464338729099583,0.464338729099583,0.464338729099583,0.464338729099583
0.482524429587103,0.513022587664843,0.384494635765796,0.42806343301971,0.534806986291801,0.517379467390235,0.543520745742584,0.547877625467975,0.513022587664843,0.506487268076756,0.506487268076756,0.506487268076756,0.297715409498038,0.297715409498038,0.297715409498038,0.297715409498038,0.309564872810373,0.309564872810373,0.309564872810373,0.309564872810373
0.668655664539803,0.701812143773181,0.611184433868613,0.607183863152047,0.721299092441659,0.732758191057668,0.726126895210992,0.710957105218033,0.681918256233154,0.697391279875398,0.697391279875398,0.697391279875398,0.348096548161481,0.348096548161481,0.348096548161481,0.348096548161481,0.215023741096673,0.215023741096673,0.215023741096673,0.215023741096673
0.492833487499144,0.481635105962192,0.417752610545942,0.424331391814382,0.531873688443509,0.499109395520911,0.488187964546712,0.492556536936392,0.460309736855145,0.447189269296328,0.447189269296328,0.447189269296328,0.393510873977154,0.393510873977154,0.393510873977154,0.393510873977154,0.328342436156357,0.328342436156357,0.328342436156357,0.328342436156357
0.388851515491187,0.33656895878649,0.358353357413447,0.319141439884924,0.395386835079274,0.399743714804666,0.399743714804666,0.362710237138838,0.445490951921276,0.484702869449799,0.484702869449799,0.484702869449799,0.450446734816735,0.450446734816735,0.450446734816735,0.450446734816735,0.320581416326756,0.320581416326756,0.320581416326756,0.320581416326756
0.472971501240816,0.558288977366005,0.4184816969504,0.46425313255435,0.516853467327122,0.567012242637349,0.569193058955185,0.54520407945899,0.471056324652567,0.477598773606075,0.477598773606075,0.477598773606075,0.0891567615872266,0.0891567615872266,0.0891567615872266,0.0891567615872266,0.0842792584469231,0.0842792584469231,0.0842792584469231,0.0842792584469231
0.35181803782536,0.35181803782536,0.35181803782536,0.35181803782536,0.408457474255449,0.408457474255449,0.408457474255449,0.408457474255449,0.449847831646667,0.449847831646667,0.449847831646667,0.449847831646667,0.46815471456383,0.46815471456383,0.46815471456383,0.46815471456383,0.171956819500817,0.171956819500817,0.171956819500817,0.171956819500817
0.343104278374577,0.343104278374577,0.343104278374577,0.343104278374577,0.421528113431623,0.421528113431623,0.421528113431623,0.421528113431623,0.486881309312495,0.486881309312495,0.486881309312495,0.486881309312495,0.461514222158669,0.461514222158669,0.461514222158669,0.461514222158669,0.159739880987559,0.159739880987559,0.159739880987559,0.159739880987559
0.327855199335707,0.327855199335707,0.327855199335707,0.327855199335707,0.380137756040404,0.380137756040404,0.380137756040404,0.380137756040404,0.48905974917519,0.48905974917519,0.48905974917519,0.48905974917519,0.446019739879961,0.446019739879961,0.446019739879961,0.446019739879961,0.153129954877729,0.153129954877729,0.153129954877729,0.153129954877729
0.547877625467975,0.560948264644149,0.515201027527539,0.526093226841018,0.558769824781454,0.574018903820324,0.532628546429105,0.497773508625973,0.513022587664843,0.563126704506845,0.508665707939452,0.482524429587103,0.422477502277111,0.509811352877031,0.511994699142029,0.527278122997015,0.252278846525179,0.287531785777606,0.342614503359523,0.342614503359523
0.65244273887737,0.6371936598385,0.617587701074238,0.589267982859194,0.645907419289283,0.643728979426587,0.604517061898064,0.597981742309977,0.569662024094932,0.630658340250413,0.595803302447281,0.576197343683019,0.402827385892129,0.453044349987083,0.435577579867099,0.437760926132097,0.316174798920203,0.320581416326756,0.353631046875906,0.309564872810373
0.658978058465457,0.635015219975804,0.641550539563891,0.602338622035368,0.650264299014674,0.656799618602761,0.654621178740066,0.617587701074238,0.574018903820324,0.66769181791624,0.597981742309977,0.602338622035368,0.437760926132097,0.468327773842069,0.472694466372065,0.448677657457087,0.329394651139863,0.37125751650212,0.38447736872178,0.362444281689013
0.46192127684579,0.46192127684579,0.46192127684579,0.46192127684579,0.556505157342785,0.556505157342785,0.556505157342785,0.556505157342785,0.61954341376376,0.61954341376376,0.61954341376376,0.61954341376376,0.501543649836529,0.501543649836529,0.501543649836529,0.501543649836529,0.320166670712595,0.320166670712595,0.320166670712595,0.320166670712595
0.470390138197781,0.470390138197781,0.470390138197781,0.470390138197781,0.555527827505332,0.555527827505332,0.555527827505332,0.555527827505332,0.605547687008451,0.605547687008451,0.605547687008451,0.605547687008451,0.476395810807338,0.476395810807338,0.476395810807338,0.476395810807338,0.297107210706421,0.297107210706421,0.297107210706421,0.297107210706421
0.528149569447555,0.528149569447555,0.528149569447555,0.528149569447555,0.544398155054014,0.544398155054014,0.544398155054014,0.544398155054014,0.61480950979315,0.61480950979315,0.61480950979315,0.61480950979315,0.457346369559265,0.457346369559265,0.457346369559265,0.457346369559265,0.274204388589381,0.274204388589381,0.274204388589381,0.274204388589381
0.591624514469491,0.587201153613644,0.591624514469491,0.592294151938474,0.596722519429603,0.582777792757798,0.582000859526604,0.582660350797138,0.602682916609108,0.615194824898844,0.618107368336127,0.627011401316264,0.405780816476846,0.449094499134487,0.458213169167675,0.468719862088888,0.22875109158862,0.288407949949966,0.271442776423498,0.253097992856861
0.541619156214367,0.583619258154857,0.580535849095115,0.589248322535676,0.585230673483577,0.609540902406009,0.612408405516023,0.591536665535814,0.564137483232377,0.588306748937654,0.600690037536368,0.604783991355501,0.297710994680068,0.36620312004182,0.387262724389273,0.389602680427879,0.174138378051958,0.28110909599816,0.264456991394354,0.240225222970501
0.506311809413575,0.578976930209042,0.546720923388411,0.556344898185027,0.559799510267564,0.592207630162192,0.584507250706832,0.517026074551936,0.524465052137011,0.529413733092289,0.542954718346723,0.535039620508913,0.299437483524541,0.330315843759039,0.338147055906124,0.361363342606598,0.195382659760292,0.242802430970017,0.245358246032859,0.219800095404436
0.410635914118144,0.704725295582067,0.807111969128766,0.833253247481115,0.62194458079963,0.761364732012156,0.804933529266071,0.839788567069202,0.752650972561373,0.757007852286765,0.746115652973286,0.719974374620937,0,0,0,0,0,0,0,0
