0.388987753036634,0.388987753036634,0.388987753036634,0.388987753036634,0.399708954797492,0.399708954797492,0.399708954797492,0.399708954797492,0.377181542175274,0.377181542175274,0.377181542175274,0.377181542175274,0.190657822094912,0.190657822094912,0.190657822094912,0.190657822094912,0.192547524320816,0.192547524320816,0.192547524320816,0.192547524320816
0.353919148468968,0.358701839664495,0.392180678033181,0.396963369228707,0.387397986837654,0.411311442815287,0.43522489879292,0.459138354770553,0.318039974354414,0.342133911805506,0.342133911805506,0.351771486785943,0.329747797164321,0.308976282382316,0.298590524991314,0.298590524991314,0.367427977989141,0.335707577011661,0.325134110019168,0.325134110019168
0.482300641584584,0.482300641584584,0.482300641584584,0.482300641584584,0.509133618955628,0.509133618955628,0.509133618955628,0.509133618955628,0.465889982574617,0.465889982574617,0.465889982574617,0.465889982574617,0.0905608533913031,0.0905608533913031,0.0905608533913031,0.0905608533913031,0.0830387988398403,0.0830387988398403,0.0830387988398403,0.0830387988398403
0.502168580365544,0.502168580365544,0.502168580365544,0.502168580365544,0.636343384811939,0.636343384811939,0.636343384811939,0.636343384811939,0.432894397795874,0.432894397795874,0.432894397795874,0.432894397795874,0,0,0,0,0,0,0,0
0.627636090700944,0.627636090700944,0.627636090700944,0.627636090700944,0.607579247812893,0.607579247812893,0.607579247812893,0.607579247812893,0.560442930776312,0.560442930776312,0.560442930776312,0.560442930776312,0.411938467552174,0.411938467552174,0.411938467552174,0.411938467552174,0.356475645028395,0.356475645028395,0.356475645028395,0.356475645028395
0.765336054533032,0.765336054533032,0.765336054533032,0.765336054533032,0.866669748164583,0.866669748164583,0.866669748164583,0.866669748164583,0.867785453133451,0.867785453133451,0.867785453133451,0.867785453133451,-0.0965074344684959,-0.0965074344684959,-0.0965074344684959,-0.0965074344684959,-0.0842730123620778,-0.0842730123620778,-0.0842730123620778,-0.0842730123620778
0.667053772138118,0.667053772138118,0.667053772138118,0.667053772138118,0.64757774959394,0.64757774959394,0.64757774959394,0.64757774959394,0.614451910970371,0.614451910970371,0.614451910970371,0.614451910970371,-0.0827842178653893,-0.0827842178653893,-0.0827842178653893,-0.0827842178653893,-0.041061231452097,-0.041061231452097,-0.041061231452097,-0.041061231452097
0.230407373153913,0.230407373153913,0.230407373153913,0.230407373153913,0.351290540224807,0.351290540224807,0.351290540224807,0.351290540224807,0.475798220678097,0.475798220678097,0.475798220678097,0.475798220678097,-0.105950668037514,-0.105950668037514,-0.105950668037514,-0.105950668037514,-0.135571364597118,-0.135571364597118,-0.135571364597118,-0.135571364597118
0.586955724873013,0.586955724873013,0.586955724873013,0.586955724873013,0.438393786478368,0.438393786478368,0.438393786478368,0.438393786478368,0.600396183497461,0.600396183497461,0.600396183497461,0.600396183497461,0.497110503630295,0.497110503630295,0.497110503630295,0.497110503630295,0.425411568751644,0.425411568751644,0.425411568751644,0.425411568751644
0.590241313759756,0.590241313759756,0.590241313759756,0.590241313759756,0.767836045333487,0.767836045333487,0.767836045333487,0.767836045333487,0.708088192874933,0.708088192874933,0.708088192874933,0.708088192874933,-0.00945173767266923,-0.00945173767266923,-0.00945173767266923,-0.00945173767266923,-0.0764215165198059,-0.0764215165198059,-0.0764215165198059,-0.0764215165198059
0.268808602012899,0.268808602012899,0.268808602012899,0.268808602012899,0.255046556601572,0.255046556601572,0.255046556601572,0.255046556601572,0.118646502395036,0.118646502395036,0.118646502395036,0.118646502395036,0.134585983723329,0.134585983723329,0.134585983723329,0.134585983723329,0.102370214083538,0.102370214083538,0.102370214083538,0.102370214083538
0.587653322048087,0.587653322048087,0.587653322048087,0.587653322048087,0.569812315932662,0.569812315932662,0.569812315932662,0.569812315932662,0.667008347093008,0.667008347093008,0.667008347093008,0.667008347093008,0,0,0,0,0,0,0,0
0.439764104200734,0.439764104200734,0.439764104200734,0.439764104200734,0.447534523848042,0.447534523848042,0.447534523848042,0.447534523848042,0.265966017708808,0.265966017708808,0.265966017708808,0.265966017708808,0.283489625289564,0.283489625289564,0.283489625289564,0.283489625289564,0.218574240881068,0.218574240881068,0.218574240881068,0.218574240881068
0.414892886923816,0.414892886923816,0.414892886923816,0.414892886923816,0.404224731217586,0.404224731217586,0.404224731217586,0.404224731217586,0.283298791433046,0.283298791433046,0.283298791433046,0.283298791433046,0.237673120192261,0.237673120192261,0.237673120192261,0.237673120192261,0.192637713681662,0.192637713681662,0.192637713681662,0.192637713681662
0.422413517448841,0.422413517448841,0.422413517448841,0.422413517448841,0.409036930398748,0.409036930398748,0.409036930398748,0.409036930398748,0.341411364034697,0.341411364034697,0.341411364034697,0.341411364034697,0.226218993917935,0.226218993917935,0.226218993917935,0.226218993917935,0.198064128151568,0.198064128151568,0.198064128151568,0.198064128151568
0.387397986837654,0.425659516401867,0.401746060424234,0.425659516401867,0.396963369228707,0.411311442815287,0.411311442815287,0.43522489879292,0.183113924628299,0.293946036903322,0.29876482439354,0.29876482439354,0.236275980645301,0.246661738036303,0.246661738036303,0.246661738036303,0.150671904643029,0.182392305620509,0.182392305620509,0.171818838628015
0.377832604446601,0.430442207597393,0.43522489879292,0.468703737161606,0.40652875161976,0.430442207597393,0.444790281183973,0.459138354770553,0.231301799530483,0.313221186864196,0.322858761844632,0.351771486785943,0.319362039773319,0.319362039773319,0.319362039773319,0.319362039773319,0.362141244492894,0.351567777500401,0.351567777500401,0.351567777500401
0.416094134010814,0.4495729723795,0.43522489879292,0.454355663575026,0.40652875161976,0.42087682520634,0.444790281183973,0.42087682520634,0.24093937451092,0.322858761844632,0.322858761844632,0.342133911805506,0.319362039773319,0.319362039773319,0.319362039773319,0.319362039773319,0.362141244492894,0.351567777500401,0.351567777500401,0.351567777500401
0.330747271346267,0.330747271346267,0.330747271346267,0.330747271346267,0.334794250557013,0.334794250557013,0.334794250557013,0.334794250557013,0.295962657611965,0.295962657611965,0.295962657611965,0.295962657611965,0.121357607282428,0.121357607282428,0.121357607282428,0.121357607282428,0.133108717016251,0.133108717016251,0.133108717016251,0.133108717016251
0.287972811223233,0.287972811223233,0.287972811223233,0.287972811223233,0.306722814591599,0.306722814591599,0.306722814591599,0.306722814591599,0.327547963313055,0.327547963313055,0.327547963313055,0.327547963313055,0.172904747511714,0.172904747511714,0.172904747511714,0.172904747511714,0.186571829360163,0.186571829360163,0.186571829360163,0.186571829360163
0.296242188018966,0.296242188018966,0.296242188018966,0.296242188018966,0.285172524379866,0.285172524379866,0.285172524379866,0.285172524379866,0.341849228902914,0.341849228902914,0.341849228902914,0.341849228902914,0.182250950079914,0.182250950079914,0.182250950079914,0.182250950079914,0.213224947840187,0.213224947840187,0.213224947840187,0.213224947840187
0.333333333333333,0.358709976033403,0.345911082966642,0.309499390022785,0.301935735222361,0.356589147286822,0.336530421229623,0.336530421229623,0.388821391033848,0.378764873383026,0.386621573784777,0.38105867344255,0.184127819942485,0.184127819942485,0.0779024741990481,0.184127819942485,0.184127819942485,0.184127819942485,0.184127819942485,0.184127819942485
0.282341229695334,0.33427710232623,0.351835002785313,0.298762285521273,0.289447915676184,0.34385847956222,0.36175661177094,0.355132528072457,0.41362591629552,0.404762503803474,0.404762503803474,0.404762503803474,0.248921944093507,0.248921944093507,0.248921944093507,0.248921944093507,0.248921944093507,0.248921944093507,0.248921944093507,0.248921944093507
0.241936569024326,0.363093722874443,0.374352442963573,0.298762285521273,0.269842896503294,0.374352442963573,0.385611163052703,0.383317649348049,0.407716974634156,0.404762503803474,0.410671445464838,0.395353138420838,0.284482221821151,0.284482221821151,0.284482221821151,0.284482221821151,0.284482221821151,0.284482221821151,0.284482221821151,0.284482221821151
0.363879222043928,0.363879222043928,0.363879222043928,0.363879222043928,0,0,0,0,0.19322727774875,0.19322727774875,0.19322727774875,0.19322727774875,0.256851806843427,0.256851806843427,0.256851806843427,0.256851806843427,0.220976902810881,0.220976902810881,0.220976902810881,0.220976902810881
