1,1,1,1,1,1,1,1,1,1,1,1,1,1,1,1,1,1,1,1
0.984126984126984,0.984126984126984,0.984126984126984,0.984126984126984,0.984126984126984,0.984126984126984,0.984126984126984,0.984126984126984,0.984126984126984,0.984126984126984,0.984126984126984,0.984126984126984,0.984126984126984,0.984126984126984,0.984126984126984,0.984126984126984,0.984126984126984,0.984126984126984,0.984126984126984,0.984126984126984
1,1,1,1,1,1,1,1,1,1,1,1,1,1,1,1,1,1,1,1
1,1,1,1,1,1,1,1,1,1,1,1,1,1,1,1,1,1,1,1
0.980926430517711,0.980926430517711,0.980926430517711,0.980926430517711,0.980926430517711,0.980926430517711,0.980926430517711,0.980926430517711,0.980926430517711,0.980926430517711,0.980926430517711,0.980926430517711,0.980926430517711,0.980926430517711,0.980926430517711,0.980926430517711,0.980926430517711,0.980926430517711,0.980926430517711,0.980926430517711
0.95522475990456,0.95522475990456,0.95522475990456,0.95522475990456,0.95522475990456,0.95522475990456,0.95522475990456,0.95522475990456,0.95522475990456,0.95522475990456,0.95522475990456,0.95522475990456,0.95522475990456,0.95522475990456,0.95522475990456,0.95522475990456,0.95522475990456,0.95522475990456,0.95522475990456,0.95522475990456
0.973336794092531,0.973336794092531,0.973336794092531,0.973336794092531,0.973336794092531,0.973336794092531,0.973336794092531,0.973336794092531,0.973336794092531,0.973336794092531,0.973336794092531,0.973336794092531,0.973336794092531,0.973336794092531,0.973336794092531,0.973336794092531,0.973336794092531,0.973336794092531,0.973336794092531,0.973336794092531
0.920634920634921,0.920634920634921,0.920634920634921,0.920634920634921,0.920634920634921,0.920634920634921,0.920634920634921,0.920634920634921,0.920634920634921,0.920634920634921,0.920634920634921,0.920634920634921,0.920634920634921,0.920634920634921,0.920634920634921,0.920634920634921,0.920634920634921,0.920634920634921,0.920634920634921,0.920634920634921
0.904255319148936,0.904255319148936,0.904255319148936,0.904255319148936,0.904255319148936,0.904255319148936,0.904255319148936,0.904255319148936,0.904255319148936,0.904255319148936,0.904255319148936,0.904255319148936,0.904255319148936,0.904255319148936,0.904255319148936,0.904255319148936,0.904255319148936,0.904255319148936,0.904255319148936,0.904255319148936
0.957104557640751,0.957104557640751,0.957104557640751,0.957104557640751,0.957104557640751,0.957104557640751,0.957104557640751,0.957104557640751,0.957104557640751,0.957104557640751,0.957104557640751,0.957104557640751,0.957104557640751,0.957104557640751,0.957104557640751,0.957104557640751,0.957104557640751,0.957104557640751,0.957104557640751,0.957104557640751
0.931216931216931,0.931216931216931,0.931216931216931,0.931216931216931,0.931216931216931,0.931216931216931,0.931216931216931,0.931216931216931,0.931216931216931,0.931216931216931,0.931216931216931,0.931216931216931,0.931216931216931,0.931216931216931,0.931216931216931,0.931216931216931,0.931216931216931,0.931216931216931,0.931216931216931,0.931216931216931
0.947089947089947,0.947089947089947,0.947089947089947,0.947089947089947,0.947089947089947,0.947089947089947,0.947089947089947,0.947089947089947,0.947089947089947,0.947089947089947,0.947089947089947,0.947089947089947,0.947089947089947,0.947089947089947,0.947089947089947,0.947089947089947,0.947089947089947,0.947089947089947,0.947089947089947,0.947089947089947
1,1,1,1,1,1,1,1,1,1,1,1,1,1,1,1,1,1,1,1
1,1,1,1,1,1,1,1,1,1,1,1,1,1,1,1,1,1,1,1
1,1,1,1,1,1,1,1,1,1,1,1,1,1,1,1,1,1,1,1
0.957671957671958,0.957671957671958,0.957671957671958,0.957671957671958,0.957671957671958,0.957671957671958,0.957671957671958,0.957671957671958,0.957671957671958,0.957671957671958,0.957671957671958,0.957671957671958,0.957671957671958,0.957671957671958,0.957671957671958,0.957671957671958,0.957671957671958,0.957671957671958,0.957671957671958,0.957671957671958
0.957671957671958,0.957671957671958,0.957671957671958,0.957671957671958,0.957671957671958,0.957671957671958,0.957671957671958,0.957671957671958,0.957671957671958,0.957671957671958,0.957671957671958,0.957671957671958,0.957671957671958,0.957671957671958,0.957671957671958,0.957671957671958,0.957671957671958,0.957671957671958,0.957671957671958,0.957671957671958
0.968253968253968,0.968253968253968,0.968253968253968,0.968253968253968,0.968253968253968,0.968253968253968,0.968253968253968,0.968253968253968,0.968253968253968,0.968253968253968,0.968253968253968,0.968253968253968,0.968253968253968,0.968253968253968,0.968253968253968,0.968253968253968,0.968253968253968,0.968253968253968,0.968253968253968,0.968253968253968
1,1,1,1,1,1,1,1,1,1,1,1,1,1,1,1,1,1,1,1
1,1,1,1,1,1,1,1,1,1,1,1,1,1,1,1,1,1,1,1
1,1,1,1,1,1,1,1,1,1,1,1,1,1,1,1,1,1,1,1
0.978260869565217,0.978260869565217,0.978260869565217,0.978260869565217,0.978260869565217,0.978260869565217,0.978260869565217,0.978260869565217,0.978260869565217,0.978260869565217,0.978260869565217,0.978260869565217,0.978260869565217,0.978260869565217,0.978260869565217,0.978260869565217,0.978260869565217,0.978260869565217,0.978260869565217,0.978260869565217
0.987378250226446,0.987378250226446,0.987378250226446,0.987378250226446,0.987378250226446,0.987378250226446,0.987378250226446,0.987378250226446,0.987378250226446,0.987378250226446,0.987378250226446,0.987378250226446,0.987378250226446,0.987378250226446,0.987378250226446,0.987378250226446,0.987378250226446,0.987378250226446,0.987378250226446,0.987378250226446
0.976539589442815,0.976539589442815,0.976539589442815,0.976539589442815,0.976539589442815,0.976539589442815,0.976539589442815,0.976539589442815,0.976539589442815,0.976539589442815,0.976539589442815,0.976539589442815,0.976539589442815,0.976539589442815,0.976539589442815,0.976539589442815,0.976539589442815,0.976539589442815,0.976539589442815,0.976539589442815
1,1,1,1,1,1,1,1,1,1,1,1,1,1,1,1,1,1,1,1
