0.454905237945447,0.454905237945447,0.454905237945447,0.454905237945447,0.483883786170314,0.483883786170314,0.483883786170314,0.483883786170314,0.404368042151594,0.404368042151594,0.404368042151594,0.404368042151594,0.110963258602356,0.110963258602356,0.110963258602356,0.110963258602356,0.081199794294115,0.081199794294115,0.081199794294115,0.081199794294115
0.464739610946717,0.576556660197055,0.569568094618909,0.555590963462617,0.555590963462617,0.60451092250964,0.548602397884471,0.499682438837448,0.599543773479808,0.641864510431324,0.592490317321222,0.599543773479808,0.436178372144979,0.459969919716524,0.452039403859342,0.459969919716524,0.487034577896685,0.503405488078086,0.495220032987385,0.503405488078086
0.413076204924413,0.413076204924413,0.413076204924413,0.413076204924413,0.355628765399413,0.355628765399413,0.355628765399413,0.355628765399413,0.34339517715198,0.34339517715198,0.34339517715198,0.34339517715198,0.0124505982344909,0.0124505982344909,0.0124505982344909,0.0124505982344909,-0.0213371481874662,-0.0213371481874662,-0.0213371481874662,-0.0213371481874662
0.485741392575133,0.485741392575133,0.485741392575133,0.485741392575133,0.398395127159401,0.398395127159401,0.398395127159401,0.398395127159401,0.488733612735698,0.488733612735698,0.488733612735698,0.488733612735698,0.320652881111661,0.320652881111661,0.320652881111661,0.320652881111661,0,0,0,0
0.643640211927019,0.643640211927019,0.643640211927019,0.643640211927019,0.638713842265628,0.638713842265628,0.638713842265628,0.638713842265628,0.561879349758419,0.561879349758419,0.561879349758419,0.561879349758419,0.669277074738492,0.669277074738492,0.669277074738492,0.669277074738492,0.496445807724093,0.496445807724093,0.496445807724093,0.496445807724093
0.836403357296742,0.836403357296742,0.836403357296742,0.836403357296742,0.836403357296742,0.836403357296742,0.836403357296742,0.836403357296742,0.333648721173148,0.333648721173148,0.333648721173148,0.333648721173148,0,0,0,0,-0.1072154452713,-0.1072154452713,-0.1072154452713,-0.1072154452713
0.785316657012382,0.785316657012382,0.785316657012382,0.785316657012382,0.781087499282033,0.781087499282033,0.781087499282033,0.781087499282033,0.395678821698318,0.395678821698318,0.395678821698318,0.395678821698318,0.190501098051584,0.190501098051584,0.190501098051584,0.190501098051584,0.0713040579109746,0.0713040579109746,0.0713040579109746,0.0713040579109746
-0.108903403874413,-0.108903403874413,-0.108903403874413,-0.108903403874413,-0.108903403874413,-0.108903403874413,-0.108903403874413,-0.108903403874413,0.101602777152883,0.101602777152883,0.101602777152883,0.101602777152883,0.263626019138277,0.263626019138277,0.263626019138277,0.263626019138277,0.191986911947076,0.191986911947076,0.191986911947076,0.191986911947076
0.209131594251518,0.209131594251518,0.209131594251518,0.209131594251518,0.28124593709687,0.28124593709687,0.28124593709687,0.28124593709687,0.105377897535087,0.105377897535087,0.105377897535087,0.105377897535087,0.455545862898046,0.455545862898046,0.455545862898046,0.455545862898046,0.377545211124212,0.377545211124212,0.377545211124212,0.377545211124212
0.496787192851811,0.496787192851811,0.496787192851811,0.496787192851811,0.496787192851811,0.496787192851811,0.496787192851811,0.496787192851811,0.441698622661614,0.441698622661614,0.441698622661614,0.441698622661614,0.243938176399851,0.243938176399851,0.243938176399851,0.243938176399851,0.121659812934495,0.121659812934495,0.121659812934495,0.121659812934495
0.137007508100068,0.137007508100068,0.137007508100068,0.137007508100068,0.102255402782164,0.102255402782164,0.102255402782164,0.102255402782164,0.309637109134871,0.309637109134871,0.309637109134871,0.309637109134871,0.188107988625192,0.188107988625192,0.188107988625192,0.188107988625192,0.125208855617658,0.125208855617658,0.125208855617658,0.125208855617658
0.1835292447622,0.1835292447622,0.1835292447622,0.1835292447622,0.104359766629487,0.104359766629487,0.104359766629487,0.104359766629487,0.0944290852290285,0.0944290852290285,0.0944290852290285,0.0944290852290285,0.365906953464649,0.365906953464649,0.365906953464649,0.365906953464649,0,0,0,0
0.454860239962038,0.454860239962038,0.454860239962038,0.454860239962038,0.410094903375777,0.410094903375777,0.410094903375777,0.410094903375777,0.55524804840442,0.55524804840442,0.55524804840442,0.55524804840442,0.158300028811961,0.158300028811961,0.158300028811961,0.158300028811961,0.125208855617658,0.125208855617658,0.125208855617658,0.125208855617658
0.418048550356617,0.418048550356617,0.418048550356617,0.418048550356617,0.481282784864341,0.481282784864341,0.481282784864341,0.481282784864341,0.484062401173084,0.484062401173084,0.484062401173084,0.484062401173084,0.150182078616476,0.150182078616476,0.150182078616476,0.150182078616476,0.133556112658836,0.133556112658836,0.133556112658836,0.133556112658836
0.432100602469445,0.432100602469445,0.432100602469445,0.432100602469445,0.446152654582272,0.446152654582272,0.446152654582272,0.446152654582272,0.434232448111149,0.434232448111149,0.434232448111149,0.434232448111149,0.117710277834535,0.117710277834535,0.117710277834535,0.117710277834535,0.100167084494127,0.100167084494127,0.100167084494127,0.100167084494127
0.178208422242726,0.283036905914918,0.283036905914918,0.283036905914918,0.310991168227502,0.269059774758626,0.26207120918048,0.26207120918048,0.282138246343439,0.296245158660611,0.289191702502025,0.296245158660611,0.321807194683652,0.321807194683652,0.313762014816561,0.321807194683652,0.369871377540905,0.369871377540905,0.361559661191671,0.369871377540905
0.213151250133457,0.38786538958711,0.338945430540087,0.345933996118233,0.29701403707121,0.359911127274525,0.317979733805649,0.317979733805649,0.282138246343439,0.218657140916165,0.211603684757579,0.211603684757579,0.353987914152017,0.329852374550743,0.321807194683652,0.329852374550743,0.361559661191671,0.361559661191671,0.353247944842438,0.361559661191671
0.276048340336772,0.436785348634133,0.443773914212279,0.345933996118233,0.255082643602333,0.401842520743402,0.359911127274525,0.324968299383795,0.282138246343439,0.218657140916165,0.211603684757579,0.218657140916165,0.3700782738862,0.345942734284926,0.362033094019108,0.345942734284926,0.403118242937841,0.378183093890139,0.369871377540905,0.378183093890139
0.534731439601507,0.534731439601507,0.534731439601507,0.534731439601507,0.50770857204681,0.50770857204681,0.50770857204681,0.50770857204681,0.55524423827642,0.55524423827642,0.55524423827642,0.55524423827642,0.18015587792486,0.18015587792486,0.18015587792486,0.18015587792486,-0.0378867615212041,-0.0378867615212041,-0.0378867615212041,-0.0378867615212041
0.421208740307272,0.421208740307272,0.421208740307272,0.421208740307272,0.399422081325861,0.399422081325861,0.399422081325861,0.399422081325861,0.479813503128073,0.479813503128073,0.479813503128073,0.479813503128073,0.224767624780484,0.224767624780484,0.224767624780484,0.224767624780484,0.0506938684088117,0.0506938684088117,0.0506938684088117,0.0506938684088117
0.302880239950475,0.302880239950475,0.302880239950475,0.302880239950475,0.302880239950475,0.302880239950475,0.302880239950475,0.302880239950475,0.432802079161965,0.432802079161965,0.432802079161965,0.432802079161965,0.179527059678463,0.179527059678463,0.179527059678463,0.179527059678463,0.0251696807416141,0.0251696807416141,0.0251696807416141,0.0251696807416141
0.121353057699307,0.371413903867575,0.39347809617654,0.37876863463723,0.275802403862061,0.34934971155861,0.341994980788955,0.341994980788955,0.40426031432204,0.367845792538848,0.352518884516396,0.352518884516396,0.276079888795043,0.276079888795043,0.276079888795043,0.276079888795043,0.102295433857513,0.102295433857513,0.102295433857513,0.102295433857513
-0.0466484859386273,0.302808499079248,0.467371579879174,0.317762005206618,-0.0476265479809866,0.280378239888192,0.385052782779784,0.325238758270303,0.298721243552291,0.361036776713087,0.314946975430566,0.319422196398168,0.400943326531473,0.400943326531473,0.400943326531473,0.400943326531473,0.194986156474318,0.194986156474318,0.194986156474318,0.194986156474318
-0.0279259269766369,0.245284765294685,0.343398671412559,0.313209777222444,-0.0488046880781358,0.237737541747156,0.310019457512899,0.292777781801385,0.328160082782825,0.279145263119541,0.271391228032887,0.279145263119541,0.468908225278662,0.465430678646903,0.465430678646903,0.465430678646903,0.267477274944075,0.262431940540739,0.262431940540739,0.262431940540739
0.506566150762395,0.506566150762395,0.506566150762395,0.506566150762395,0.511986532214674,0.511986532214674,0.511986532214674,0.511986532214674,0.37922932759609,0.37922932759609,0.37922932759609,0.37922932759609,0.551169355666993,0.551169355666993,0.551169355666993,0.551169355666993,0.404995264195971,0.404995264195971,0.404995264195971,0.404995264195971
