0.626859101678464,0.626859101678464,0.626859101678464,0.626859101678464,0.652836108517873,0.652836108517873,0.652836108517873,0.652836108517873,0.749149912019354,0.749149912019354,0.749149912019354,0.749149912019354,0.508874462877385,0.508874462877385,0.508874462877385,0.508874462877385,0.47464000502912,0.47464000502912,0.47464000502912,0.47464000502912
0.858908626677349,0.858908626677349,0.798224865009928,0.77021697500958,0.858908626677349,0.858908626677349,0.798224865009928,0.77021697500958,0.868244590010799,0.830900736677001,0.802892846676653,0.788888901676478,0.84023670001045,0.826232755010276,0.802892846676653,0.802892846676653,0.84023670001045,0.821564773343551,0.798224865009928,0.779552938343029
0.686926440357908,0.686926440357908,0.686926440357908,0.686926440357908,0.686926440357908,0.686926440357908,0.686926440357908,0.686926440357908,0.755582530098156,0.755582530098156,0.755582530098156,0.755582530098156,0.508836300717595,0.508836300717595,0.508836300717595,0.508836300717595,0.445588848117706,0.445588848117706,0.445588848117706,0.445588848117706
0.624540731394172,0.624540731394172,0.624540731394172,0.624540731394172,0.624540731394172,0.624540731394172,0.624540731394172,0.624540731394172,0.730355293275317,0.730355293275317,0.730355293275317,0.730355293275317,0.661173162060038,0.661173162060038,0.661173162060038,0.661173162060038,0.641556557028755,0.641556557028755,0.641556557028755,0.641556557028755
0.891431781604149,0.891431781604149,0.891431781604149,0.885272596072814,0.891431781604149,0.891431781604149,0.891431781604149,0.885272596072814,0.880943608780706,0.880943608780706,0.880943608780706,0.880943608780706,0.904250724550835,0.904250724550835,0.904250724550835,0.904250724550835,0.904871209592984,0.904871209592984,0.904871209592984,0.904871209592984
0.832203513780943,0.832203513780943,0.832203513780943,0.841741662936026,0.832203513780943,0.832203513780943,0.832203513780943,0.841741662936026,0.830536628837499,0.830536628837499,0.830536628837499,0.830536628837499,0.840385120062701,0.840385120062701,0.840385120062701,0.840385120062701,0.775958507513892,0.775958507513892,0.775958507513892,0.775958507513892
0.875673713927046,0.875673713927046,0.875673713927046,0.875673713927046,0.875673713927046,0.875673713927046,0.875673713927046,0.875673713927046,0.855563993111886,0.855563993111886,0.855563993111886,0.855563993111886,0.885064316757363,0.885064316757363,0.885064316757363,0.885064316757363,0.876977963951558,0.876977963951558,0.876977963951558,0.876977963951558
0.653517433341461,0.653517433341461,0.653517433341461,0.67218936000836,0.653517433341461,0.653517433341461,0.653517433341461,0.67218936000836,0.742209085009231,0.742209085009231,0.742209085009231,0.742209085009231,0.555489818340242,0.555489818340242,0.555489818340242,0.555489818340242,0.569493763340416,0.569493763340416,0.569493763340416,0.569493763340416
0.798134552604776,0.798134552604776,0.798134552604776,0.845927040784702,0.798134552604776,0.798134552604776,0.798134552604776,0.845927040784702,0.855485538420688,0.855485538420688,0.855485538420688,0.855485538420688,0.778948643562399,0.778948643562399,0.778948643562399,0.778948643562399,0.783847691635118,0.783847691635118,0.783847691635118,0.783847691635118
0.806204531970816,0.806204531970816,0.806204531970816,0.806204531970816,0.806204531970816,0.806204531970816,0.806204531970816,0.806204531970816,0.81090543303187,0.81090543303187,0.81090543303187,0.81090543303187,0.707485609688675,0.707485609688675,0.707485609688675,0.707485609688675,0.674579302261295,0.674579302261295,0.674579302261295,0.674579302261295
0.546153855006793,0.546153855006793,0.546153855006793,0.588165690007315,0.546153855006793,0.546153855006793,0.546153855006793,0.588165690007315,0.700197250008709,0.700197250008709,0.700197250008709,0.700197250008709,0.462130185005748,0.462130185005748,0.462130185005748,0.462130185005748,0.574161745007141,0.574161745007141,0.574161745007141,0.574161745007141
0.76088101167613,0.76088101167613,0.76088101167613,0.77021697500958,0.76088101167613,0.76088101167613,0.76088101167613,0.77021697500958,0.784220920009754,0.784220920009754,0.784220920009754,0.784220920009754,0.550821836673517,0.550821836673517,0.550821836673517,0.550821836673517,0.578829726673866,0.578829726673866,0.578829726673866,0.578829726673866
0.611505598340939,0.611505598340939,0.611505598340939,0.611505598340939,0.614568182414949,0.614568182414949,0.614568182414949,0.614568182414949,0.765548993342855,0.765548993342855,0.765548993342855,0.765548993342855,0.471466148339197,0.471466148339197,0.471466148339197,0.471466148339197,0.480802111672647,0.480802111672647,0.480802111672647,0.480802111672647
0.588165690007315,0.588165690007315,0.588165690007315,0.588165690007315,0.611505598340939,0.611505598340939,0.611505598340939,0.611505598340939,0.751545048342681,0.751545048342681,0.751545048342681,0.751545048342681,0.490138075006096,0.490138075006096,0.490138075006096,0.490138075006096,0.429454313338675,0.429454313338675,0.429454313338675,0.429454313338675
0.602169635007489,0.602169635007489,0.602169635007489,0.602169635007489,0.620841561674388,0.620841561674388,0.620841561674388,0.620841561674388,0.723537158342332,0.723537158342332,0.723537158342332,0.723537158342332,0.476134130005922,0.476134130005922,0.476134130005922,0.476134130005922,0.4154503683385,0.4154503683385,0.4154503683385,0.4154503683385
0.751545048342681,0.728205140009057,0.718869176675608,0.700197250008709,0.751545048342681,0.728205140009057,0.690861286675259,0.718869176675608,0.690861286675259,0.746877066675956,0.690861286675259,0.690861286675259,0.616173580007664,0.690861286675259,0.695529268341984,0.709533213342158,0.574161745007141,0.686193305008534,0.690861286675259,0.700197250008709
0.807560828343377,0.821564773343551,0.798224865009928,0.784220920009754,0.807560828343377,0.826232755010276,0.816896791676827,0.821564773343551,0.732873121675782,0.826232755010276,0.816896791676827,0.816896791676827,0.765548993342855,0.746877066675956,0.774884956676304,0.779552938343029,0.648849451674737,0.751545048342681,0.751545048342681,0.788888901676478
0.826232755010276,0.830900736677001,0.826232755010276,0.784220920009754,0.826232755010276,0.830900736677001,0.826232755010276,0.826232755010276,0.774884956676304,0.835568718343726,0.821564773343551,0.816896791676827,0.779552938343029,0.812228810010102,0.765548993342855,0.816896791676827,0.653517433341461,0.807560828343377,0.742209085009231,0.788888901676478
0.83018155264573,0.83018155264573,0.83018155264573,0.83018155264573,0.83018155264573,0.83018155264573,0.83018155264573,0.83018155264573,0.873245725405451,0.873245725405451,0.873245725405451,0.873245725405451,0.683702539872792,0.683702539872792,0.683702539872792,0.683702539872792,0.678870719803019,0.678870719803019,0.678870719803019,0.678870719803019
0.818993501826418,0.818993501826418,0.818993501826418,0.818993501826418,0.818993501826418,0.818993501826418,0.818993501826418,0.818993501826418,0.833488962035735,0.833488962035735,0.833488962035735,0.833488962035735,0.698198000082109,0.698198000082109,0.698198000082109,0.698198000082109,0.628826031751615,0.628826031751615,0.628826031751615,0.628826031751615
0.824803156450354,0.824803156450354,0.824803156450354,0.824803156450354,0.824803156450354,0.824803156450354,0.824803156450354,0.824803156450354,0.855939315134033,0.855939315134033,0.855939315134033,0.855939315134033,0.716841519155138,0.716841519155138,0.716841519155138,0.716841519155138,0.624814567371708,0.624814567371708,0.624814567371708,0.624814567371708
0.802408473096195,0.78687405799737,0.755346392562694,0.749179492344801,0.802408473096195,0.78687405799737,0.755346392562694,0.749179492344801,0.778877432829444,0.824568623649938,0.797702265042845,0.792996056989495,0.581579418679352,0.771303645429454,0.816527097256245,0.831636354709795,0.543286123622275,0.776021098918319,0.783583640882794,0.806684546595943
0.737503774554881,0.692991078608937,0.683523995587859,0.642034030275932,0.737503774554881,0.692991078608937,0.683523995587859,0.642034030275932,0.680221927987512,0.724932247300063,0.726693932151302,0.688211829790944,0.578877074479536,0.711639217335259,0.732997738588512,0.723183312913039,0.494405741722865,0.726064336605568,0.753642435311946,0.767607169984919
0.694917291296513,0.675546774465948,0.635038376043582,0.655243969979255,0.694917291296513,0.675546774465948,0.635038376043582,0.655243969979255,0.68216994043569,0.652966811409252,0.686971699619115,0.694520876138458,0.523618931300574,0.623030760720653,0.678056847839162,0.677150767387372,0.47070057758327,0.652121691182318,0.703883495145631,0.715845096952365
0.9519324648635,0.923727058497174,0.937829761680337,0.956633365924554,0.9519324648635,0.923727058497174,0.937829761680337,0.956633365924554,0.937829761680337,0.937829761680337,0.937829761680337,0.956633365924554,0.87671804788663,0.904923454252956,0.937829761680337,0.947231563802445,0.866762557767937,0.895103567831194,0.932891581248869,0.937615082926079
