0.306857809610639,0.306857809610639,0.306857809610639,0.306857809610639,0.488699474565091,0.488699474565091,0.488699474565091,0.488699474565091,0.521129638688538,0.521129638688538,0.521129638688538,0.521129638688538,0.510310363079829,0.510310363079829,0.510310363079829,0.510310363079829,0.0549857399228215,0.0549857399228215,0.0549857399228215,0.0549857399228215
0.412819776739471,0.476330511622467,0.497500756583465,0.497500756583465,0.412819776739471,0.476330511622467,0.497500756583465,0.497500756583465,0.328138796895477,0.328138796895477,0.328138796895477,0.328138796895477,0.340734167999968,0.340734167999968,0.234254740499978,0.340734167999968,0.345288264918825,0.345288264918825,0.345288264918825,0.345288264918825
0.274164884554433,0.274164884554433,0.274164884554433,0.274164884554433,0.274164884554433,0.274164884554433,0.274164884554433,0.274164884554433,0.490374369976751,0.490374369976751,0.490374369976751,0.490374369976751,0.386632300878334,0.386632300878334,0.386632300878334,0.386632300878334,0.0276342224096559,0.0276342224096559,0.0276342224096559,0.0276342224096559
0.533113989983183,0.533113989983183,0.533113989983183,0.533113989983183,0.533113989983183,0.533113989983183,0.533113989983183,0.533113989983183,0.651583765535002,0.651583765535002,0.651583765535002,0.651583765535002,0.290190500044005,0.290190500044005,0.290190500044005,0.290190500044005,0,0,0,0
0.817193292953864,0.817193292953864,0.817193292953864,0.817193292953864,0.817193292953864,0.817193292953864,0.817193292953864,0.817193292953864,0.551293071453752,0.551293071453752,0.551293071453752,0.551293071453752,0.168763185138904,0.168763185138904,0.168763185138904,0.168763185138904,0.320713490294909,0.320713490294909,0.320713490294909,0.320713490294909
0.880131149312599,0.880131149312599,0.880131149312599,0.880131149312599,0.880131149312599,0.880131149312599,0.880131149312599,0.880131149312599,0.891199061150647,0.891199061150647,0.891199061150647,0.891199061150647,-0.0125748863706964,-0.0125748863706964,-0.0125748863706964,-0.0125748863706964,-0.406081224368123,-0.406081224368123,-0.406081224368123,-0.406081224368123
0.855467461602815,0.855467461602815,0.855467461602815,0.855467461602815,0.855467461602815,0.855467461602815,0.855467461602815,0.855467461602815,0.631241726453597,0.631241726453597,0.631241726453597,0.631241726453597,0.125389206961577,0.125389206961577,0.125389206961577,0.125389206961577,-0.255321460594083,-0.255321460594083,-0.255321460594083,-0.255321460594083
-0.258648322445425,-0.258648322445425,-0.258648322445425,-0.258648322445425,-0.258648322445425,-0.258648322445425,-0.258648322445425,-0.258648322445425,-0.085183541999992,-0.085183541999992,-0.085183541999992,-0.085183541999992,-0.0418242888406514,-0.0418242888406514,-0.0418242888406514,-0.0418242888406514,0.0531212715259731,0.0531212715259731,0.0531212715259731,0.0531212715259731
0.743535828629182,0.743535828629182,0.743535828629182,0.743535828629182,0.743535828629182,0.743535828629182,0.743535828629182,0.743535828629182,0.233940634354284,0.233940634354284,0.233940634354284,0.233940634354284,0.184163702206452,0.184163702206452,0.184163702206452,0.184163702206452,0.370479286817474,0.370479286817474,0.370479286817474,0.370479286817474
0.0875848247257149,0.0875848247257149,0.0875848247257149,0.0875848247257149,0.0875848247257149,0.0875848247257149,0.0875848247257149,0.0875848247257149,0.605662058757725,0.605662058757725,0.605662058757725,0.605662058757725,0.0481508521685324,0.0481508521685324,0.0481508521685324,0.0481508521685324,-0.320497186574144,-0.320497186574144,-0.320497186574144,-0.320497186574144
0.0215540268704521,0.0215540268704521,0.0215540268704521,0.0215540268704521,0.0215540268704521,0.0215540268704521,0.0215540268704521,0.0215540268704521,0.0768581355211053,0.0768581355211053,0.0768581355211053,0.0768581355211053,0.0697071480677524,0.0697071480677524,0.0697071480677524,0.0697071480677524,0.185924450340906,0.185924450340906,0.185924450340906,0.185924450340906
0.44113312773978,0.44113312773978,0.44113312773978,0.44113312773978,0.44113312773978,0.44113312773978,0.44113312773978,0.44113312773978,0.063887656499994,0.063887656499994,0.063887656499994,0.063887656499994,0.431967730194575,0.431967730194575,0.431967730194575,0.431967730194575,0,0,0,0
0.384290677605527,0.384290677605527,0.384290677605527,0.384290677605527,0.384290677605527,0.384290677605527,0.384290677605527,0.384290677605527,0.43918769225743,0.43918769225743,0.43918769225743,0.43918769225743,0.486939438144377,0.486939438144377,0.486939438144377,0.486939438144377,0.185924450340906,0.185924450340906,0.185924450340906,0.185924450340906
0.274493341146805,0.274493341146805,0.274493341146805,0.274493341146805,0.274493341146805,0.274493341146805,0.274493341146805,0.274493341146805,0.503459061856079,0.503459061856079,0.503459061856079,0.503459061856079,0.461311046663094,0.461311046663094,0.461311046663094,0.461311046663094,0.0531212715259731,0.0531212715259731,0.0531212715259731,0.0531212715259731
0.274493341146805,0.274493341146805,0.274493341146805,0.274493341146805,0.274493341146805,0.274493341146805,0.274493341146805,0.274493341146805,0.503459061856079,0.503459061856079,0.503459061856079,0.503459061856079,0.461311046663094,0.461311046663094,0.461311046663094,0.461311046663094,0.0531212715259731,0.0531212715259731,0.0531212715259731,0.0531212715259731
0.116436347285492,0.201117327129486,0.201117327129486,0.201117327129486,0.116436347285492,0.201117327129486,0.201117327129486,0.201117327129486,0.0105851224804993,0.0317553674414978,0.0317553674414978,0.0317553674414978,0.021295885499998,0.042591770999996,0.042591770999996,0.042591770999996,0.292166993392852,0.292166993392852,0.292166993392852,0.292166993392852
0.201117327129486,0.349309041856476,0.370479286817474,0.370479286817474,0.201117327129486,0.349309041856476,0.370479286817474,0.370479286817474,-0.0317553674414978,0.201117327129486,0.201117327129486,0.201117327129486,-0.021295885499998,0.21295885499998,0.10647942749999,0.21295885499998,0.265606357629865,0.265606357629865,0.265606357629865,0.265606357629865
0.222287572090485,0.370479286817474,0.391649531778473,0.391649531778473,0.243457817051483,0.370479286817474,0.391649531778473,0.391649531778473,-0.0105851224804993,0.222287572090485,0.222287572090485,0.222287572090485,0.10647942749999,0.234254740499978,0.234254740499978,0.234254740499978,0.265606357629865,0.265606357629865,0.265606357629865,0.265606357629865
0.699798426945113,0.699798426945113,0.699798426945113,0.699798426945113,0.699798426945113,0.699798426945113,0.699798426945113,0.699798426945113,0.61981326398174,0.61981326398174,0.61981326398174,0.61981326398174,0.345340936427753,0.345340936427753,0.345340936427753,0.345340936427753,0.0529256124024963,0.0529256124024963,0.0529256124024963,0.0529256124024963
0.656061025261043,0.656061025261043,0.656061025261043,0.656061025261043,0.656061025261043,0.656061025261043,0.656061025261043,0.656061025261043,0.434461178086528,0.434461178086528,0.434461178086528,0.434461178086528,0.434461178086528,0.434461178086528,0.434461178086528,0.434461178086528,0,0,0,0
0.659300852496699,0.659300852496699,0.659300852496699,0.659300852496699,0.659300852496699,0.659300852496699,0.659300852496699,0.659300852496699,0.436606678433907,0.436606678433907,0.436606678433907,0.436606678433907,0.436606678433907,0.436606678433907,0.436606678433907,0.436606678433907,0,0,0,0
0.537707808165833,0.5029801193668,0.5029801193668,0.5029801193668,0.537707808165833,0.5029801193668,0.5029801193668,0.5029801193668,0.367620996842447,0.512019652854481,0.512019652854481,0.367620996842447,0.367620996842447,0.367620996842447,0.367620996842447,0.367620996842447,0.264628062012482,0.264628062012482,0.264628062012482,0.264628062012482
0.253037705427372,0.328030512630522,0.328030512630522,0.328030512630522,0.253037705427372,0.328030512630522,0.328030512630522,0.328030512630522,0.233940634354284,0.323380833381777,0.233940634354284,0.233940634354284,0.233940634354284,0.233940634354284,0.233940634354284,0.233940634354284,0.317553674414978,0.317553674414978,0.317553674414978,0.317553674414978
0.240555709262382,0.328030512630522,0.328030512630522,0.328030512630522,0.240555709262382,0.328030512630522,0.328030512630522,0.328030512630522,0.233940634354284,0.233940634354284,0.233940634354284,0.233940634354284,0.233940634354284,0.233940634354284,0.233940634354284,0.233940634354284,0.317553674414978,0.317553674414978,0.317553674414978,0.317553674414978
0.852879332839356,0.852879332839356,0.852879332839356,0.852879332839356,0.852879332839356,0.852879332839356,0.852879332839356,0.852879332839356,0.590421600989384,0.590421600989384,0.590421600989384,0.590421600989384,0.431174444509036,0.431174444509036,0.431174444509036,0.431174444509036,0.317553674414978,0.317553674414978,0.317553674414978,0.317553674414978
