0.780948992668112,0.780948992668112,0.780948992668112,0.780948992668112,0.780948992668112,0.780948992668112,0.780948992668112,0.780948992668112,0.780948992668112,0.780948992668112,0.780948992668112,0.780948992668112,0.876934652258838,0.876934652258838,0.876934652258838,0.876934652258838,0.876934652258838,0.876934652258838,0.876934652258838,0.876934652258838
0.952992419900106,0.967237448598164,0.978633471556611,0.975784465816999,0.952992419900106,0.967237448598164,0.978633471556611,0.975784465816999,0.952992419900106,0.967237448598164,0.978633471556611,0.975784465816999,0.91025733380593,0.913106339545542,0.924502362503989,0.927351368243601,0.91025733380593,0.913106339545542,0.924502362503989,0.927351368243601
0.780948992668112,0.780948992668112,0.780948992668112,0.780948992668112,0.780948992668112,0.780948992668112,0.780948992668112,0.780948992668112,0.780948992668112,0.780948992668112,0.780948992668112,0.780948992668112,0.876934652258838,0.876934652258838,0.876934652258838,0.876934652258838,0.876934652258838,0.876934652258838,0.876934652258838,0.876934652258838
0.876855564520299,0.876855564520299,0.876855564520299,0.876855564520299,0.876855564520299,0.876855564520299,0.876855564520299,0.876855564520299,0.876855564520299,0.876855564520299,0.876855564520299,0.876855564520299,0.873888202203818,0.873888202203818,0.873888202203818,0.873888202203818,0.873888202203818,0.873888202203818,0.873888202203818,0.873888202203818
0.661291033457088,0.658358478984994,0.658358478984994,0.792093704245974,0.661291033457088,0.658358478984994,0.658358478984994,0.792093704245974,0.661291033457088,0.658358478984994,0.658358478984994,0.792093704245974,0.806734992679356,0.806734992679356,0.806734992679356,0.806734992679356,0.806734992679356,0.806734992679356,0.806734992679356,0.806734992679356
0.782294002471362,0.782294002471362,0.782294002471362,0.845317910297828,0.782294002471362,0.782294002471362,0.782294002471362,0.845317910297828,0.782294002471362,0.782294002471362,0.782294002471362,0.845317910297828,0.825939357808279,0.825939357808279,0.825939357808279,0.825939357808279,0.825939357808279,0.825939357808279,0.825939357808279,0.825939357808279
0.7313225939306,0.742075698324132,0.742075698324132,0.828181378643308,0.7313225939306,0.742075698324132,0.742075698324132,0.828181378643308,0.7313225939306,0.742075698324132,0.742075698324132,0.828181378643308,0.797414616171873,0.797414616171873,0.797414616171873,0.797414616171873,0.797414616171873,0.797414616171873,0.797414616171873,0.797414616171873
0.850428213274085,0.839032190315639,0.839032190315639,0.84188119605525,0.850428213274085,0.839032190315639,0.839032190315639,0.84188119605525,0.850428213274085,0.839032190315639,0.839032190315639,0.84188119605525,0.659544828720103,0.659544828720103,0.659544828720103,0.659544828720103,0.659544828720103,0.659544828720103,0.659544828720103,0.659544828720103
0.918104395916805,0.920977962101208,0.920977962101208,0.912357263547999,0.918104395916805,0.920977962101208,0.920977962101208,0.912357263547999,0.918104395916805,0.920977962101208,0.920977962101208,0.912357263547999,0.843391675122323,0.843391675122323,0.843391675122323,0.843391675122323,0.843391675122323,0.843391675122323,0.843391675122323,0.843391675122323
0.877697841726619,0.886330935251799,0.886330935251799,0.894964028776978,0.877697841726619,0.886330935251799,0.886330935251799,0.894964028776978,0.877697841726619,0.886330935251799,0.886330935251799,0.894964028776978,0.84415935967016,0.84415935967016,0.84415935967016,0.84415935967016,0.84415935967016,0.84415935967016,0.84415935967016,0.84415935967016
0.759260029606512,0.759260029606512,0.759260029606512,0.753562018127288,0.759260029606512,0.759260029606512,0.759260029606512,0.753562018127288,0.759260029606512,0.759260029606512,0.759260029606512,0.753562018127288,0.693732897595443,0.693732897595443,0.693732897595443,0.693732897595443,0.693732897595443,0.693732897595443,0.693732897595443,0.693732897595443
0.833334178836415,0.830485173096804,0.830485173096804,0.847579207534474,0.833334178836415,0.830485173096804,0.830485173096804,0.847579207534474,0.833334178836415,0.830485173096804,0.830485173096804,0.847579207534474,0.648148805761656,0.648148805761656,0.648148805761656,0.648148805761656,0.648148805761656,0.648148805761656,0.648148805761656,0.648148805761656
0.770656052564958,0.770656052564958,0.770656052564958,0.770656052564958,0.770656052564958,0.770656052564958,0.770656052564958,0.770656052564958,0.770656052564958,0.770656052564958,0.770656052564958,0.770656052564958,0.787750087002628,0.787750087002628,0.787750087002628,0.787750087002628,0.787750087002628,0.787750087002628,0.787750087002628,0.787750087002628
0.753562018127288,0.753562018127288,0.753562018127288,0.753562018127288,0.753562018127288,0.753562018127288,0.753562018127288,0.753562018127288,0.753562018127288,0.753562018127288,0.753562018127288,0.753562018127288,0.861824236232532,0.861824236232532,0.861824236232532,0.861824236232532,0.861824236232532,0.861824236232532,0.861824236232532,0.861824236232532
0.750713012387677,0.750713012387677,0.750713012387677,0.750713012387677,0.750713012387677,0.750713012387677,0.750713012387677,0.750713012387677,0.750713012387677,0.750713012387677,0.750713012387677,0.750713012387677,0.867522247711755,0.867522247711755,0.867522247711755,0.867522247711755,0.867522247711755,0.867522247711755,0.867522247711755,0.867522247711755
0.915955345285154,0.921653356764377,0.921653356764377,0.918804351024766,0.915955345285154,0.921653356764377,0.921653356764377,0.918804351024766,0.915955345285154,0.921653356764377,0.921653356764377,0.918804351024766,0.901710316587095,0.915955345285154,0.913106339545542,0.907408328066319,0.901710316587095,0.915955345285154,0.913106339545542,0.907408328066319
0.947294408420882,0.947294408420882,0.944445402681271,0.944445402681271,0.947294408420882,0.947294408420882,0.944445402681271,0.944445402681271,0.947294408420882,0.947294408420882,0.944445402681271,0.944445402681271,0.918804351024766,0.930200373983212,0.924502362503989,0.901710316587095,0.918804351024766,0.930200373983212,0.924502362503989,0.901710316587095
0.955841425639717,0.964388442858552,0.952992419900106,0.952992419900106,0.955841425639717,0.964388442858552,0.952992419900106,0.952992419900106,0.955841425639717,0.964388442858552,0.952992419900106,0.952992419900106,0.935898385462436,0.930200373983212,0.921653356764377,0.904559322326707,0.935898385462436,0.930200373983212,0.921653356764377,0.904559322326707
0.912357263547999,0.912357263547999,0.912357263547999,0.912357263547999,0.912357263547999,0.912357263547999,0.912357263547999,0.912357263547999,0.912357263547999,0.912357263547999,0.912357263547999,0.912357263547999,0.900862998810386,0.900862998810386,0.900862998810386,0.900862998810386,0.900862998810386,0.900862998810386,0.900862998810386,0.900862998810386
0.894322712588984,0.894322712588984,0.894322712588984,0.894322712588984,0.894322712588984,0.894322712588984,0.894322712588984,0.894322712588984,0.894322712588984,0.894322712588984,0.894322712588984,0.894322712588984,0.923079069906958,0.923079069906958,0.923079069906958,0.923079069906958,0.923079069906958,0.923079069906958,0.923079069906958,0.923079069906958
0.896512550228266,0.896512550228266,0.896512550228266,0.896512550228266,0.896512550228266,0.896512550228266,0.896512550228266,0.896512550228266,0.896512550228266,0.896512550228266,0.896512550228266,0.896512550228266,0.910801753066835,0.910801753066835,0.910801753066835,0.910801753066835,0.910801753066835,0.910801753066835,0.910801753066835,0.910801753066835
0.944320972923168,0.932442721691429,0.940565674273665,0.93462213130827,0.944320972923168,0.932442721691429,0.940565674273665,0.93462213130827,0.944320972923168,0.932442721691429,0.940565674273665,0.93462213130827,0.83568981114624,0.91381973092939,0.940565674273665,0.958396303169848,0.83568981114624,0.91381973092939,0.940565674273665,0.958396303169848
0.921300921849525,0.914214368116673,0.931552555613197,0.93553574761719,0.921300921849525,0.914214368116673,0.931552555613197,0.93553574761719,0.921300921849525,0.914214368116673,0.931552555613197,0.93553574761719,0.790918392410803,0.879013904657962,0.929246431666822,0.932391089642006,0.790918392410803,0.879013904657962,0.929246431666822,0.932391089642006
0.919914321479842,0.931399017602992,0.933656957928803,0.940129449838188,0.919914321479842,0.931399017602992,0.933656957928803,0.940129449838188,0.919914321479842,0.931399017602992,0.933656957928803,0.940129449838188,0.795134098514102,0.874901676847178,0.912763711291476,0.929784807867111,0.795134098514102,0.874901676847178,0.912763711291476,0.929784807867111
0.972702153420465,0.972702153420465,0.972702153420465,0.972702153420465,0.972702153420465,0.972702153420465,0.972702153420465,0.972702153420465,0.972702153420465,0.972702153420465,0.972702153420465,0.972702153420465,0.94109292539203,0.94109292539203,0.94109292539203,0.94109292539203,0.94109292539203,0.94109292539203,0.94109292539203,0.94109292539203
