0.505224802281456,0.505224802281456,0.505224802281456,0.505224802281456,0.580947501931113,0.580947501931113,0.580947501931113,0.580947501931113,0.664277054851544,0.664277054851544,0.664277054851544,0.664277054851544,0.463348204314594,0.463348204314594,0.463348204314594,0.463348204314594,0.463348204314594,0.463348204314594,0.463348204314594,0.463348204314594
0.748533920609501,0.765941686205071,0.731126155013931,0.731126155013931,0.748533920609501,0.765941686205071,0.731126155013931,0.731126155013931,0.765941686205071,0.80075721739621,0.713718389418361,0.713718389418361,0.661495092631652,0.678902858227222,0.678902858227222,0.678902858227222,0.661495092631652,0.678902858227222,0.678902858227222,0.678902858227222
0.552004876566776,0.552004876566776,0.552004876566776,0.552004876566776,0.623802597781232,0.623802597781232,0.623802597781232,0.623802597781232,0.700825557885152,0.700825557885152,0.700825557885152,0.700825557885152,0.138984246873956,0.138984246873956,0.138984246873956,0.138984246873956,0.138984246873956,0.138984246873956,0.138984246873956,0.138984246873956
0.677229050543504,0.677229050543504,0.677229050543504,0.677229050543504,0.757654882328434,0.757654882328434,0.757654882328434,0.757654882328434,0.757654882328434,0.757654882328434,0.757654882328434,0.757654882328434,0.0269190951029083,0.0269190951029083,0.0269190951029083,0.0269190951029083,0.0269190951029083,0.0269190951029083,0.0269190951029083,0.0269190951029083
0.813119623433464,0.813119623433464,0.813119623433464,0.813119623433464,0.813119623433464,0.813119623433464,0.813119623433464,0.813119623433464,0.859775226582139,0.859775226582139,0.859775226582139,0.859775226582139,0.328866678429223,0.328866678429223,0.328866678429223,0.328866678429223,0.328866678429223,0.328866678429223,0.328866678429223,0.328866678429223
0.87885017060795,0.87885017060795,0.87885017060795,0.87885017060795,0.857224780646215,0.857224780646215,0.857224780646215,0.857224780646215,0.8336913831353,0.8336913831353,0.8336913831353,0.8336913831353,0.452757013778361,0.452757013778361,0.452757013778361,0.452757013778361,0.452757013778361,0.452757013778361,0.452757013778361,0.452757013778361
0.846014078636545,0.846014078636545,0.846014078636545,0.846014078636545,0.873304855366756,0.873304855366756,0.873304855366756,0.873304855366756,0.84389590751323,0.84389590751323,0.84389590751323,0.84389590751323,0.416967169382665,0.416967169382665,0.416967169382665,0.416967169382665,0.416967169382665,0.416967169382665,0.416967169382665,0.416967169382665
0.748533920609501,0.748533920609501,0.748533920609501,0.748533920609501,0.80075721739621,0.80075721739621,0.80075721739621,0.80075721739621,0.750129791469346,0.750129791469346,0.750129791469346,0.750129791469346,0.470009671080384,0.470009671080384,0.470009671080384,0.470009671080384,0.470009671080384,0.470009671080384,0.470009671080384,0.470009671080384
0.837290816486533,0.837290816486533,0.837290816486533,0.837290816486533,0.837290816486533,0.837290816486533,0.837290816486533,0.837290816486533,0.884997973462763,0.884997973462763,0.884997973462763,0.884997973462763,0.302683735539608,0.302683735539608,0.302683735539608,0.302683735539608,0.302683735539608,0.302683735539608,0.302683735539608,0.302683735539608
0.700724262997667,0.700724262997667,0.700724262997667,0.700724262997667,0.735788599479493,0.735788599479493,0.735788599479493,0.735788599479493,0.724582989459191,0.724582989459191,0.724582989459191,0.724582989459191,0.179894884392938,0.179894884392938,0.179894884392938,0.179894884392938,0.179894884392938,0.179894884392938,0.179894884392938,0.179894884392938
0.550854215716352,0.550854215716352,0.550854215716352,0.550854215716352,0.638291392814185,0.638291392814185,0.638291392814185,0.638291392814185,0.550854215716352,0.550854215716352,0.550854215716352,0.550854215716352,0.498391909457652,0.498391909457652,0.498391909457652,0.498391909457652,0.498391909457652,0.498391909457652,0.498391909457652,0.498391909457652
0.765723609578583,0.765723609578583,0.765723609578583,0.765723609578583,0.781453745307946,0.781453745307946,0.781453745307946,0.781453745307946,0.769153195829974,0.769153195829974,0.769153195829974,0.769153195829974,0.30249507099101,0.30249507099101,0.30249507099101,0.30249507099101,0.30249507099101,0.30249507099101,0.30249507099101,0.30249507099101
0.574456264653803,0.574456264653803,0.574456264653803,0.574456264653803,0.574456264653803,0.574456264653803,0.574456264653803,0.574456264653803,0.795678311590286,0.795678311590286,0.795678311590286,0.795678311590286,0.393467296940251,0.393467296940251,0.393467296940251,0.393467296940251,0.393467296940251,0.393467296940251,0.393467296940251,0.393467296940251
0.539640733462663,0.539640733462663,0.539640733462663,0.539640733462663,0.539640733462663,0.539640733462663,0.539640733462663,0.539640733462663,0.673266263653319,0.673266263653319,0.673266263653319,0.673266263653319,0.480904474038085,0.480904474038085,0.480904474038085,0.480904474038085,0.480904474038085,0.480904474038085,0.480904474038085,0.480904474038085
0.539640733462663,0.539640733462663,0.539640733462663,0.539640733462663,0.539640733462663,0.539640733462663,0.539640733462663,0.539640733462663,0.673266263653319,0.673266263653319,0.673266263653319,0.673266263653319,0.498391909457652,0.498391909457652,0.498391909457652,0.498391909457652,0.498391909457652,0.498391909457652,0.498391909457652,0.498391909457652
0.678902858227222,0.661495092631652,0.644087327036082,0.678902858227222,0.678902858227222,0.661495092631652,0.644087327036082,0.678902858227222,0.731126155013931,0.713718389418361,0.731126155013931,0.731126155013931,0.591864030249373,0.591864030249373,0.591864030249373,0.591864030249373,0.591864030249373,0.591864030249373,0.591864030249373,0.591864030249373
0.661495092631652,0.644087327036082,0.644087327036082,0.644087327036082,0.661495092631652,0.644087327036082,0.644087327036082,0.644087327036082,0.696310623822791,0.78334945180064,0.696310623822791,0.678902858227222,0.591864030249373,0.574456264653803,0.574456264653803,0.574456264653803,0.591864030249373,0.574456264653803,0.574456264653803,0.574456264653803
0.696310623822791,0.696310623822791,0.609271795844942,0.609271795844942,0.696310623822791,0.696310623822791,0.609271795844942,0.609271795844942,0.731126155013931,0.748533920609501,0.644087327036082,0.644087327036082,0.557048499058233,0.557048499058233,0.557048499058233,0.539640733462663,0.557048499058233,0.557048499058233,0.557048499058233,0.539640733462663
0.638673643250543,0.638673643250543,0.638673643250543,0.638673643250543,0.644904753178935,0.644904753178935,0.644904753178935,0.644904753178935,0.705185908699369,0.705185908699369,0.705185908699369,0.705185908699369,0.280262718092229,0.280262718092229,0.280262718092229,0.280262718092229,0.280262718092229,0.280262718092229,0.280262718092229,0.280262718092229
0.595406802834868,0.595406802834868,0.595406802834868,0.595406802834868,0.632619728012047,0.632619728012047,0.632619728012047,0.632619728012047,0.690492924350068,0.690492924350068,0.690492924350068,0.690492924350068,0.302683735539608,0.302683735539608,0.302683735539608,0.302683735539608,0.302683735539608,0.302683735539608,0.302683735539608,0.302683735539608
0.651226190600637,0.651226190600637,0.651226190600637,0.651226190600637,0.688439115777816,0.688439115777816,0.688439115777816,0.688439115777816,0.709943429261338,0.709943429261338,0.709943429261338,0.709943429261338,0.302683735539608,0.302683735539608,0.302683735539608,0.302683735539608,0.302683735539608,0.302683735539608,0.302683735539608,0.302683735539608
0.60380045451627,0.60380045451627,0.618422438029278,0.612447201880762,0.60380045451627,0.528325397701736,0.612447201880762,0.612447201880762,0.640775162246472,0.660491321084825,0.667335973545036,0.691863388423008,0.228440928173368,0.228440928173368,0.238236766173395,0.238236766173395,0.228440928173368,0.228440928173368,0.238236766173395,0.238236766173395
0.708142077174631,0.765559002350953,0.765559002350953,0.765559002350953,0.734376645159768,0.765559002350953,0.765559002350953,0.765559002350953,0.732561234800832,0.793608004367568,0.793608004367568,0.752910157989744,0.170169118695282,0.170169118695282,0.170169118695282,0.159908649721357,0.170169118695282,0.170169118695282,0.170169118695282,0.159908649721357
0.727281052233405,0.734376645159768,0.727281052233405,0.727281052233405,0.727281052233405,0.734376645159768,0.727281052233405,0.727281052233405,0.732561234800832,0.752910157989744,0.752910157989744,0.752910157989744,0.251285020990704,0.231636061361073,0.205596835356031,0.215547550347357,0.251285020990704,0.231636061361073,0.205596835356031,0.215547550347357
0.804114704731336,0.874037722534061,0.891518476984743,0.891518476984743,0.769153195829974,0.874037722534061,0.891518476984743,0.891518476984743,0.783531135382736,0.872568764403501,0.872568764403501,0.872568764403501,0.277066492870798,0.277066492870798,0.277066492870798,0.277066492870798,0.277066492870798,0.277066492870798,0.277066492870798,0.277066492870798
