0.75895704392423,0.75895704392423,0.75895704392423,0.75895704392423,0.768560216710053,0.768560216710053,0.768560216710053,0.768560216710053,0.827699980833035,0.827699980833035,0.827699980833035,0.827699980833035,0.63517126734641,0.63517126734641,0.63517126734641,0.63517126734641,0.63517126734641,0.63517126734641,0.63517126734641,0.63517126734641
0.790004388925463,0.843338018557562,0.865560364237603,0.892227179053653,0.790004388925463,0.843338018557562,0.865560364237603,0.892227179053653,0.754448635837398,0.825560142013529,0.830004611149537,0.854449191397583,0.69667053706929,0.754448635837398,0.750004166701389,0.747781932133385,0.69667053706929,0.754448635837398,0.750004166701389,0.747781932133385
0.769071576805193,0.769071576805193,0.769071576805193,0.769071576805193,0.769071576805193,0.769071576805193,0.769071576805193,0.769071576805193,0.824304448247031,0.824304448247031,0.824304448247031,0.824304448247031,0.641574495997779,0.641574495997779,0.641574495997779,0.641574495997779,0.641574495997779,0.641574495997779,0.641574495997779,0.641574495997779
0.695656064574277,0.695656064574277,0.695656064574277,0.695656064574277,0.695656064574277,0.695656064574277,0.695656064574277,0.695656064574277,0.856192079476033,0.856192079476033,0.856192079476033,0.856192079476033,0.731468298396884,0.731468298396884,0.731468298396884,0.731468298396884,0.731468298396884,0.731468298396884,0.731468298396884,0.731468298396884
0.817669141594124,0.817669141594124,0.817669141594124,0.817669141594124,0.817669141594124,0.817669141594124,0.817669141594124,0.817669141594124,0.817930440518123,0.817930440518123,0.817930440518123,0.817930440518123,0.779359518219071,0.779359518219071,0.779359518219071,0.779359518219071,0.779359518219071,0.779359518219071,0.779359518219071,0.779359518219071
0.804299157149868,0.804299157149868,0.804299157149868,0.804299157149868,0.804299157149868,0.804299157149868,0.804299157149868,0.804299157149868,0.812359934113597,0.812359934113597,0.812359934113597,0.812359934113597,0.773226173818043,0.773226173818043,0.773226173818043,0.773226173818043,0.773226173818043,0.773226173818043,0.773226173818043,0.773226173818043
0.805804073289723,0.805804073289723,0.805804073289723,0.805804073289723,0.805804073289723,0.805804073289723,0.805804073289723,0.805804073289723,0.804471282350205,0.804471282350205,0.804471282350205,0.804471282350205,0.789250067494998,0.789250067494998,0.789250067494998,0.789250067494998,0.789250067494998,0.789250067494998,0.789250067494998,0.789250067494998
0.710003944477315,0.710003944477315,0.710003944477315,0.710003944477315,0.710003944477315,0.710003944477315,0.710003944477315,0.710003944477315,0.752226401269393,0.752226401269393,0.752226401269393,0.752226401269393,0.618892327189146,0.618892327189146,0.618892327189146,0.618892327189146,0.618892327189146,0.618892327189146,0.618892327189146,0.618892327189146
0.835942185694329,0.835942185694329,0.835942185694329,0.835942185694329,0.835942185694329,0.835942185694329,0.835942185694329,0.835942185694329,0.858263739384431,0.858263739384431,0.858263739384431,0.858263739384431,0.74665597093392,0.74665597093392,0.74665597093392,0.74665597093392,0.74665597093392,0.74665597093392,0.74665597093392,0.74665597093392
0.84281407823422,0.84281407823422,0.84281407823422,0.84281407823422,0.84281407823422,0.84281407823422,0.84281407823422,0.84281407823422,0.85462471453788,0.85462471453788,0.85462471453788,0.85462471453788,0.83726614835105,0.83726614835105,0.83726614835105,0.83726614835105,0.83726614835105,0.83726614835105,0.83726614835105,0.83726614835105
0.716670648181328,0.716670648181328,0.716670648181328,0.716670648181328,0.716670648181328,0.716670648181328,0.716670648181328,0.716670648181328,0.76111533954141,0.76111533954141,0.76111533954141,0.76111533954141,0.645559142005196,0.645559142005196,0.645559142005196,0.645559142005196,0.645559142005196,0.645559142005196,0.645559142005196,0.645559142005196
0.6477813765732,0.6477813765732,0.6477813765732,0.6477813765732,0.6477813765732,0.6477813765732,0.6477813765732,0.6477813765732,0.687781598797274,0.687781598797274,0.687781598797274,0.687781598797274,0.587781043237089,0.587781043237089,0.587781043237089,0.587781043237089,0.587781043237089,0.587781043237089,0.587781043237089,0.587781043237089
0.714448413613323,0.714448413613323,0.714448413613323,0.714448413613323,0.714448413613323,0.714448413613323,0.714448413613323,0.714448413613323,0.754448635837398,0.754448635837398,0.754448635837398,0.754448635837398,0.587781043237089,0.587781043237089,0.587781043237089,0.587781043237089,0.587781043237089,0.587781043237089,0.587781043237089,0.587781043237089
0.72333735188534,0.72333735188534,0.72333735188534,0.72333735188534,0.72333735188534,0.72333735188534,0.72333735188534,0.72333735188534,0.790004388925463,0.790004388925463,0.790004388925463,0.790004388925463,0.618892327189146,0.618892327189146,0.618892327189146,0.618892327189146,0.618892327189146,0.618892327189146,0.618892327189146,0.618892327189146
0.727781821021348,0.727781821021348,0.727781821021348,0.727781821021348,0.727781821021348,0.727781821021348,0.727781821021348,0.727781821021348,0.801115561765484,0.801115561765484,0.801115561765484,0.801115561765484,0.627781265461163,0.627781265461163,0.627781265461163,0.627781265461163,0.627781265461163,0.627781265461163,0.627781265461163,0.627781265461163
0.821115672877521,0.827782376581533,0.830004611149537,0.830004611149537,0.821115672877521,0.827782376581533,0.830004611149537,0.830004611149537,0.834449080285546,0.84778248769357,0.852226956829579,0.84778248769357,0.661114783981225,0.738892993861369,0.770004277813426,0.774448746949435,0.661114783981225,0.738892993861369,0.770004277813426,0.774448746949435
0.758893104973406,0.787782154357459,0.79889332719748,0.801115561765484,0.758893104973406,0.787782154357459,0.79889332719748,0.801115561765484,0.812226734605505,0.803337796333488,0.801115561765484,0.812226734605505,0.701115006205299,0.683337129661266,0.714448413613323,0.712226179045319,0.701115006205299,0.683337129661266,0.714448413613323,0.712226179045319
0.763337574109414,0.790004388925463,0.803337796333488,0.807782265469496,0.763337574109414,0.790004388925463,0.805560030901492,0.807782265469496,0.807782265469496,0.805560030901492,0.794448858061472,0.796671092629476,0.714448413613323,0.683337129661266,0.712226179045319,0.712226179045319,0.714448413613323,0.683337129661266,0.712226179045319,0.712226179045319
0.879824565384368,0.879824565384368,0.879824565384368,0.879824565384368,0.879824565384368,0.879824565384368,0.879824565384368,0.879824565384368,0.87088098657487,0.87088098657487,0.87088098657487,0.87088098657487,0.774053575227961,0.774053575227961,0.774053575227961,0.774053575227961,0.774053575227961,0.774053575227961,0.774053575227961,0.774053575227961
0.84016351353655,0.84016351353655,0.84016351353655,0.84016351353655,0.84016351353655,0.84016351353655,0.84016351353655,0.84016351353655,0.832496263202913,0.832496263202913,0.832496263202913,0.832496263202913,0.711887434271895,0.711887434271895,0.711887434271895,0.711887434271895,0.711887434271895,0.711887434271895,0.711887434271895,0.711887434271895
0.818854112705109,0.818854112705109,0.818854112705109,0.818854112705109,0.818854112705109,0.818854112705109,0.818854112705109,0.818854112705109,0.817045982080479,0.817045982080479,0.817045982080479,0.817045982080479,0.733301119585157,0.733301119585157,0.733301119585157,0.733301119585157,0.733301119585157,0.733301119585157,0.733301119585157,0.733301119585157
0.825450973852591,0.818694212811506,0.836999569114781,0.853438556933484,0.825450973852591,0.818694212811506,0.836999569114781,0.853438556933484,0.839618529103059,0.854730271697294,0.873096585572561,0.889893992753519,0.728318203958726,0.790262131462725,0.825308979526659,0.83408631004908,0.728318203958726,0.790262131462725,0.825308979526659,0.83408631004908
0.835752189167407,0.842699175744314,0.871184256897496,0.875454752137542,0.835752189167407,0.842699175744314,0.871184256897496,0.875454752137542,0.847848788330386,0.869087034319383,0.885955020151162,0.880098453897944,0.722009057415062,0.804385929737586,0.818923024853326,0.820635601005107,0.722009057415062,0.804385929737586,0.818923024853326,0.820635601005107
0.871775543402945,0.866539654253378,0.874393487977728,0.878720452879232,0.871775543402945,0.866539654253378,0.874393487977728,0.878720452879232,0.88412910201981,0.890524160455221,0.897373976479693,0.892567052441728,0.713680353842807,0.8233805937706,0.835330414156922,0.838033748830569,0.713680353842807,0.8233805937706,0.835330414156922,0.838033748830569
0.876259081338753,0.876259081338753,0.876259081338753,0.876259081338753,0.876259081338753,0.876259081338753,0.876259081338753,0.876259081338753,0.900785416948743,0.900785416948743,0.900785416948743,0.900785416948743,0.883316568744485,0.883316568744485,0.883316568744485,0.883316568744485,0.883316568744485,0.883316568744485,0.883316568744485,0.883316568744485
