0.331314698642954,0.331314698642954,0.331314698642954,0.331314698642954,0.359511694272142,0.359511694272142,0.359511694272142,0.359511694272142,0.423488591625942,0.423488591625942,0.423488591625942,0.423488591625942,0.382400323765745,0.382400323765745,0.382400323765745,0.382400323765745,0.382400323765745,0.382400323765745,0.382400323765745,0.382400323765745
0.710974574095395,0.735704124498713,0.686245023692077,0.686245023692077,0.710974574095395,0.735704124498713,0.686245023692077,0.686245023692077,0.612056372482123,0.710974574095395,0.661515473288759,0.686245023692077,0.6491506980871,0.673880248490418,0.673880248490418,0.673880248490418,0.6491506980871,0.673880248490418,0.673880248490418,0.673880248490418
0.479673802204935,0.479673802204935,0.479673802204935,0.479673802204935,0.479673802204935,0.479673802204935,0.479673802204935,0.479673802204935,0.390191392131124,0.390191392131124,0.390191392131124,0.390191392131124,0.350238014308365,0.350238014308365,0.350238014308365,0.350238014308365,0.350238014308365,0.350238014308365,0.350238014308365,0.350238014308365
0.556414884074657,0.556414884074657,0.556414884074657,0.556414884074657,0.556414884074657,0.556414884074657,0.556414884074657,0.556414884074657,0.683595429006007,0.683595429006007,0.683595429006007,0.683595429006007,0.602623010319269,0.602623010319269,0.602623010319269,0.602623010319269,0.602623010319269,0.602623010319269,0.602623010319269,0.602623010319269
0.777390012314044,0.777390012314044,0.777390012314044,0.777390012314044,0.777390012314044,0.777390012314044,0.777390012314044,0.777390012314044,0.752731688833845,0.752731688833845,0.752731688833845,0.752731688833845,0.660582645720607,0.660582645720607,0.660582645720607,0.660582645720607,0.660582645720607,0.660582645720607,0.660582645720607,0.660582645720607
0.604214651483847,0.604214651483847,0.604214651483847,0.604214651483847,0.604214651483847,0.604214651483847,0.604214651483847,0.604214651483847,0.719507715921704,0.719507715921704,0.719507715921704,0.719507715921704,0.481748002322288,0.481748002322288,0.481748002322288,0.481748002322288,0.481748002322288,0.481748002322288,0.481748002322288,0.481748002322288
0.688688185731154,0.688688185731154,0.688688185731154,0.688688185731154,0.688688185731154,0.688688185731154,0.688688185731154,0.688688185731154,0.706047444589934,0.706047444589934,0.706047444589934,0.706047444589934,0.370439669719909,0.370439669719909,0.370439669719909,0.370439669719909,0.370439669719909,0.370439669719909,0.370439669719909,0.370439669719909
0.491290112253085,0.491290112253085,0.491290112253085,0.491290112253085,0.491290112253085,0.491290112253085,0.491290112253085,0.491290112253085,0.727606875108999,0.727606875108999,0.727606875108999,0.727606875108999,0.598151238791018,0.598151238791018,0.598151238791018,0.598151238791018,0.598151238791018,0.598151238791018,0.598151238791018,0.598151238791018
0.761250231992616,0.761250231992616,0.761250231992616,0.761250231992616,0.761250231992616,0.761250231992616,0.761250231992616,0.761250231992616,0.735207273585098,0.735207273585098,0.735207273585098,0.735207273585098,0.632040554370379,0.632040554370379,0.632040554370379,0.632040554370379,0.632040554370379,0.632040554370379,0.632040554370379,0.632040554370379
0.661975901867895,0.661975901867895,0.661975901867895,0.661975901867895,0.661975901867895,0.661975901867895,0.661975901867895,0.661975901867895,0.66927873013271,0.66927873013271,0.66927873013271,0.66927873013271,0.53404121590088,0.53404121590088,0.53404121590088,0.53404121590088,0.53404121590088,0.53404121590088,0.53404121590088,0.53404121590088
0.174699991986975,0.174699991986975,0.174699991986975,0.174699991986975,0.174699991986975,0.174699991986975,0.174699991986975,0.174699991986975,0.54905711767335,0.54905711767335,0.54905711767335,0.54905711767335,0.443678254708057,0.443678254708057,0.443678254708057,0.443678254708057,0.443678254708057,0.443678254708057,0.443678254708057,0.443678254708057
0.54935804205746,0.54935804205746,0.54935804205746,0.54935804205746,0.54935804205746,0.54935804205746,0.54935804205746,0.54935804205746,0.756413654134837,0.756413654134837,0.756413654134837,0.756413654134837,0.660618147862971,0.660618147862971,0.660618147862971,0.660618147862971,0.660618147862971,0.660618147862971,0.660618147862971,0.660618147862971
0.154559690020738,0.278207442037329,0.216383566029033,0.216383566029033,0.154559690020738,0.352396093247283,0.216383566029033,0.216383566029033,0.426584744457237,0.52550294607051,0.52550294607051,0.52550294607051,0.476043845263873,0.488408620465532,0.513138170868851,0.513138170868851,0.476043845263873,0.488408620465532,0.513138170868851,0.513138170868851
0.426584744457237,0.537867721272169,0.550232496473828,0.327666542843965,0.426584744457237,0.537867721272169,0.550232496473828,0.587326822078805,0.463679070062214,0.574962046877146,0.574962046877146,0.636785922885441,0.364760868448942,0.550232496473828,0.574962046877146,0.550232496473828,0.364760868448942,0.550232496473828,0.574962046877146,0.550232496473828
0.500773395667191,0.599691597280464,0.612056372482123,0.612056372482123,0.500773395667191,0.599691597280464,0.612056372482123,0.636785922885441,0.488408620465532,0.636785922885441,0.636785922885441,0.661515473288759,0.377125643650601,0.574962046877146,0.599691597280464,0.574962046877146,0.377125643650601,0.574962046877146,0.599691597280464,0.574962046877146
0.154559690020738,0.278207442037329,0.216383566029033,0.216383566029033,0.154559690020738,0.352396093247283,0.216383566029033,0.216383566029033,0.426584744457237,0.52550294607051,0.52550294607051,0.52550294607051,0.476043845263873,0.488408620465532,0.513138170868851,0.513138170868851,0.476043845263873,0.488408620465532,0.513138170868851,0.513138170868851
0.426584744457237,0.537867721272169,0.550232496473828,0.327666542843965,0.426584744457237,0.537867721272169,0.550232496473828,0.587326822078805,0.463679070062214,0.574962046877146,0.574962046877146,0.636785922885441,0.364760868448942,0.550232496473828,0.574962046877146,0.550232496473828,0.364760868448942,0.550232496473828,0.574962046877146,0.550232496473828
0.500773395667191,0.599691597280464,0.612056372482123,0.612056372482123,0.500773395667191,0.599691597280464,0.612056372482123,0.636785922885441,0.488408620465532,0.636785922885441,0.636785922885441,0.661515473288759,0.377125643650601,0.574962046877146,0.599691597280464,0.574962046877146,0.377125643650601,0.574962046877146,0.599691597280464,0.574962046877146
0.595159272285137,0.595159272285137,0.595159272285137,0.595159272285137,0.595159272285137,0.595159272285137,0.595159272285137,0.595159272285137,0.593821259434118,0.593821259434118,0.593821259434118,0.593821259434118,0.487509776818238,0.487509776818238,0.487509776818238,0.487509776818238,0.487509776818238,0.487509776818238,0.487509776818238,0.487509776818238
0.595159272285137,0.595159272285137,0.595159272285137,0.595159272285137,0.595159272285137,0.595159272285137,0.595159272285137,0.595159272285137,0.593821259434118,0.593821259434118,0.593821259434118,0.593821259434118,0.470098713360444,0.470098713360444,0.470098713360444,0.470098713360444,0.470098713360444,0.470098713360444,0.470098713360444,0.470098713360444
0.551405455188824,0.551405455188824,0.551405455188824,0.551405455188824,0.551405455188824,0.551405455188824,0.551405455188824,0.551405455188824,0.622098462264314,0.622098462264314,0.622098462264314,0.622098462264314,0.493511117796049,0.493511117796049,0.493511117796049,0.493511117796049,0.493511117796049,0.493511117796049,0.493511117796049,0.493511117796049
0.508618094286099,0.522364529266804,0.522364529266804,0.522364529266804,0.508618094286099,0.522364529266804,0.522364529266804,0.522364529266804,0.526578414838918,0.549857399228215,0.549857399228215,0.549857399228215,0.492828133744596,0.492828133744596,0.492828133744596,0.492828133744596,0.492828133744596,0.492828133744596,0.492828133744596,0.492828133744596
0.447563391091568,0.461549747063179,0.405604323176733,0.405604323176733,0.447563391091568,0.461549747063179,0.405604323176733,0.405604323176733,0.478620269866506,0.507042253521127,0.489522459006402,0.489522459006402,0.457444568444304,0.457444568444304,0.457444568444304,0.457444568444304,0.457444568444304,0.457444568444304,0.457444568444304,0.457444568444304
0.464788732394366,0.405604323176733,0.405604323176733,0.349658899290287,0.464788732394366,0.405604323176733,0.405604323176733,0.349658899290287,0.478620269866506,0.489522459006402,0.489522459006402,0.489522459006402,0.457444568444304,0.457444568444304,0.457444568444304,0.457444568444304,0.457444568444304,0.457444568444304,0.457444568444304,0.457444568444304
0.690371381515716,0.855047123895611,0.855047123895611,0.867714488694065,0.690371381515716,0.855047123895611,0.855047123895611,0.867714488694065,0.707710151500306,0.720461685761572,0.733213220022839,0.707710151500306,0.570699263069772,0.601113089778288,0.585522620552104,0.585522620552104,0.570699263069772,0.601113089778288,0.585522620552104,0.585522620552104
