0.493361053519062,0.493361053519062,0.493361053519062,0.493361053519062,0.569231300833165,0.569231300833165,0.569231300833165,0.569231300833165,0.690917151034483,0.690917151034483,0.690917151034483,0.690917151034483,0.513367491113086,0.513367491113086,0.513367491113086,0.513367491113086,0.415692355159633,0.415692355159633,0.415692355159633,0.415692355159633
0.683686779714463,0.860233745615413,0.863695450829157,0.881003976897878,0.486369582531048,0.856772040401669,0.863695450829157,0.881003976897878,0.413673773042422,0.867157156042901,0.853310335187925,0.874080566470389,0.372133310477492,0.790999641340531,0.815231577836739,0.836001809119204,0.34443966876754,0.548680276378442,0.704457010996928,0.801384756981763
0.493361053519062,0.493361053519062,0.493361053519062,0.493361053519062,0.565639936159139,0.565639936159139,0.565639936159139,0.565639936159139,0.689750962444425,0.689750962444425,0.689750962444425,0.689750962444425,0.544439667307738,0.544439667307738,0.544439667307738,0.544439667307738,0.428712215651569,0.428712215651569,0.428712215651569,0.428712215651569
0.474198897189105,0.474198897189105,0.474198897189105,0.474198897189105,0.700681952563006,0.700681952563006,0.700681952563006,0.700681952563006,0.723915856469769,0.723915856469769,0.723915856469769,0.723915856469769,0.638317930229537,0.638317930229537,0.638317930229537,0.638317930229537,0.62734398300496,0.62734398300496,0.62734398300496,0.62734398300496
0.832996312010174,0.834787701928475,0.8002304995806,0.8002304995806,0.777112729592716,0.789273832492137,0.814043721841744,0.796673919582464,0.848111630905606,0.848111630905606,0.848111630905606,0.850022619554504,0.809258948641214,0.809258948641214,0.852133594926841,0.865629893274533,0.580479049909708,0.580479049909708,0.580479049909708,0.580479049909708
0.837402651800913,0.803176716667189,0.790521905356442,0.78699278970753,0.58829171790974,0.629374203564055,0.822283946196657,0.819773122289315,0.822551593604336,0.822551593604336,0.822551593604336,0.820046434712603,0.844003261041803,0.844003261041803,0.840464463301585,0.841463643572387,0.838462720420198,0.838462720420198,0.838462720420198,0.834917423505102
0.849180708050082,0.832454115097721,0.791257179674933,0.7877404810986,0.723376158709329,0.744343583599454,0.820212142816872,0.817729570714893,0.831707853974977,0.831707853974977,0.831707853974977,0.826683540620348,0.779988519608369,0.779988519608369,0.818463289633894,0.840444281012529,0.786278433379705,0.786278433379705,0.786278433379705,0.782783862564684
0.389441836546213,0.399826952187445,0.379056720904981,0.385980131332469,0.458675940821095,0.458675940821095,0.462137646034839,0.448290825179863,0.451752530393607,0.451752530393607,0.451752530393607,0.458675940821095,0.520986634668489,0.520986634668489,0.507139813813513,0.507139813813513,0.493292992958537,0.493292992958537,0.493292992958537,0.493292992958537
0.818710220959079,0.80812345086047,0.790478834029456,0.797536680761862,0.772834217198441,0.822239144325282,0.818710220959079,0.818710220959079,0.815181297592876,0.815181297592876,0.815181297592876,0.818710220959079,0.751660677001224,0.751660677001224,0.734016060170209,0.730487136804006,0.531381568372499,0.531381568372499,0.531381568372499,0.538710969315568
0.814871409816418,0.853014326871654,0.814871409816418,0.794066182331743,0.872864086121247,0.883275983768816,0.789568904940691,0.789568904940691,0.779157007293121,0.779157007293121,0.779157007293121,0.786098272391501,0.761803844547172,0.761803844547172,0.758333211997982,0.761803844547172,0.768745109645551,0.768745109645551,0.768745109645551,0.775686374743931
0.434444004324887,0.465599351248584,0.444829119966119,0.444829119966119,0.572912212874651,0.552141981592187,0.517524929454745,0.527910045095978,0.583297328515884,0.583297328515884,0.583297328515884,0.562527097233419,0.520986634668489,0.520986634668489,0.517524929454745,0.520986634668489,0.469061056462328,0.469061056462328,0.469061056462328,0.469061056462328
0.365209900050004,0.382518426118725,0.365209900050004,0.389441836546213,0.475984466889816,0.493292992958537,0.392903541759957,0.389441836546213,0.385980131332469,0.385980131332469,0.385980131332469,0.434444004324887,0.458675940821095,0.458675940821095,0.462137646034839,0.462137646034839,0.448290825179863,0.448290825179863,0.448290825179863,0.451752530393607
0.527910045095978,0.527910045095978,0.527910045095978,0.527910045095978,0.59714414937086,0.59714414937086,0.59714414937086,0.59714414937086,0.666378253645742,0.666378253645742,0.666378253645742,0.666378253645742,0.448290825179863,0.448290825179863,0.448290825179863,0.448290825179863,0.347901373981284,0.347901373981284,0.347901373981284,0.347901373981284
0.503678108599769,0.503678108599769,0.503678108599769,0.503678108599769,0.576373918088395,0.576373918088395,0.576373918088395,0.576373918088395,0.683686779714463,0.683686779714463,0.683686779714463,0.683686779714463,0.482907877317304,0.482907877317304,0.482907877317304,0.482907877317304,0.382518426118725,0.382518426118725,0.382518426118725,0.382518426118725
0.496754698172281,0.496754698172281,0.496754698172281,0.496754698172281,0.569450507660907,0.569450507660907,0.569450507660907,0.569450507660907,0.683686779714463,0.683686779714463,0.683686779714463,0.683686779714463,0.47944617210356,0.47944617210356,0.47944617210356,0.47944617210356,0.375595015691237,0.375595015691237,0.375595015691237,0.375595015691237
0.794461346554275,0.811769872622995,0.766767704844322,0.77369111527181,0.683686779714463,0.842925219546692,0.763305999630578,0.77369111527181,0.534833455523466,0.846386924760436,0.763305999630578,0.763305999630578,0.448290825179863,0.870618861256645,0.822154988264228,0.836001809119204,0.382518426118725,0.392903541759957,0.441367414752375,0.548680276378442
0.777152820485554,0.877542271684133,0.83254010390546,0.829078398691716,0.694071895355695,0.877542271684133,0.83254010390546,0.83254010390546,0.524448339882234,0.884465682111622,0.83254010390546,0.818693283050484,0.410212067828678,0.863695450829157,0.856772040401669,0.83254010390546,0.392903541759957,0.493292992958537,0.531371750309722,0.825616693477972
0.784076230913042,0.887927387325366,0.853310335187925,0.846386924760436,0.694071895355695,0.887927387325366,0.853310335187925,0.846386924760436,0.493292992958537,0.89138909253911,0.856772040401669,0.839463514332948,0.382518426118725,0.842925219546692,0.863695450829157,0.829078398691716,0.365209900050004,0.514063224241001,0.607529265012092,0.825616693477972
0.718356972267681,0.718356972267681,0.718356972267681,0.718356972267681,0.713745167032415,0.713745167032415,0.713745167032415,0.713745167032415,0.774423857908085,0.774423857908085,0.774423857908085,0.774423857908085,0.620239922396973,0.620239922396973,0.620239922396973,0.620239922396973,0.368219049738324,0.368219049738324,0.368219049738324,0.368219049738324
0.703186362714487,0.703186362714487,0.703186362714487,0.703186362714487,0.703186362714487,0.703186362714487,0.703186362714487,0.703186362714487,0.775783704785974,0.775783704785974,0.775783704785974,0.775783704785974,0.565163694436841,0.565163694436841,0.565163694436841,0.565163694436841,0.352273771657737,0.352273771657737,0.352273771657737,0.352273771657737
0.639278723321666,0.639278723321666,0.639278723321666,0.639278723321666,0.646323116967083,0.646323116967083,0.646323116967083,0.646323116967083,0.683923722080961,0.683923722080961,0.683923722080961,0.683923722080961,0.464007197591056,0.464007197591056,0.464007197591056,0.464007197591056,0.318108214878599,0.318108214878599,0.318108214878599,0.318108214878599
0.80331962271002,0.747105382746113,0.750124904656979,0.661433634598607,0.77178472397929,0.73985193242819,0.746474661811932,0.657738474628783,0.716278218894939,0.765239008540922,0.73666473988396,0.748983551556601,0.59786140589945,0.73917410183932,0.710477988765949,0.71029384182988,0.447692925974086,0.443898918126848,0.454121666243105,0.480874321210912
0.835437024442492,0.781079794751534,0.744061795000277,0.752900860241475,0.765150757208357,0.781079794751534,0.744061795000277,0.750329435034829,0.709570799057629,0.783677409925266,0.750329435034829,0.738065375310608,0.663887950656276,0.818097794502792,0.804056727913866,0.785530075196957,0.572499726500761,0.617696580355966,0.624363813222084,0.608433358882248
0.736834548768164,0.786196891809164,0.763547562502669,0.773576372906658,0.690154990933463,0.786196891809164,0.762419021374351,0.773576372906658,0.581525668502858,0.789905367713924,0.760962632229087,0.768734385748389,0.627825749060498,0.808447747237725,0.801030795428205,0.796226754210435,0.513581088677782,0.581525668502858,0.577528928513147,0.569535448533727
0.795129803842541,0.881745250884212,0.885209868765879,0.933714519109215,0.362052568634185,0.888674486647546,0.916391429700881,0.937179136990882,0.826311364777543,0.902532958174213,0.909462193937547,0.916391429700881,0.819382129014209,0.812452893250875,0.795129803842541,0.791665185960874,0.826311364777543,0.843634454185877,0.833240600540876,0.843634454185877
