0.723712054708259,0.723712054708259,0.723712054708259,0.723712054708259,0.723712054708259,0.723712054708259,0.723712054708259,0.723712054708259,0.808067924267761,0.808067924267761,0.808067924267761,0.808067924267761,0.925474203293592,0.925474203293592,0.925474203293592,0.925474203293592,0.925474203293592,0.925474203293592,0.925474203293592,0.925474203293592
0.934655297826123,0.942576105434819,0.942576105434819,0.942576105434819,0.934655297826123,0.942576105434819,0.942576105434819,0.942576105434819,0.934655297826123,0.942576105434819,0.942576105434819,0.942576105434819,0.918813682608731,0.926734490217427,0.926734490217427,0.926734490217427,0.918813682608731,0.926734490217427,0.926734490217427,0.926734490217427
0.808067924267761,0.808067924267761,0.808067924267761,0.808067924267761,0.808067924267761,0.808067924267761,0.808067924267761,0.808067924267761,0.808067924267761,0.808067924267761,0.808067924267761,0.808067924267761,0.886538959907363,0.886538959907363,0.886538959907363,0.886538959907363,0.886538959907363,0.886538959907363,0.886538959907363,0.886538959907363
0.937271311346806,0.937271311346806,0.937271311346806,0.937271311346806,0.937271311346806,0.937271311346806,0.937271311346806,0.937271311346806,0.937271311346806,0.937271311346806,0.937271311346806,0.937271311346806,0.935974360028244,0.935974360028244,0.935974360028244,0.935974360028244,0.935974360028244,0.935974360028244,0.935974360028244,0.935974360028244
0.966675057979632,0.966675057979632,0.966675057979632,0.966675057979632,0.966675057979632,0.966675057979632,0.966675057979632,0.966675057979632,0.966675057979632,0.966675057979632,0.966675057979632,0.966675057979632,0.751161845907388,0.751161845907388,0.751161845907388,0.751161845907388,0.751161845907388,0.751161845907388,0.751161845907388,0.751161845907388
0.991902834008097,0.991902834008097,0.991902834008097,0.991902834008097,0.991902834008097,0.991902834008097,0.991902834008097,0.991902834008097,0.991902834008097,0.991902834008097,0.991902834008097,0.991902834008097,0.989826795464865,0.989826795464865,0.989826795464865,0.989826795464865,0.989826795464865,0.989826795464865,0.989826795464865,0.989826795464865
0.964151078196411,0.964151078196411,0.964151078196411,0.964151078196411,0.964151078196411,0.964151078196411,0.964151078196411,0.964151078196411,0.964151078196411,0.964151078196411,0.964151078196411,0.964151078196411,0.852596407991868,0.852596407991868,0.852596407991868,0.852596407991868,0.852596407991868,0.852596407991868,0.852596407991868,0.852596407991868
0.82376399130438,0.82376399130438,0.82376399130438,0.82376399130438,0.82376399130438,0.82376399130438,0.82376399130438,0.82376399130438,0.82376399130438,0.82376399130438,0.82376399130438,0.82376399130438,0.74455591521742,0.74455591521742,0.74455591521742,0.74455591521742,0.74455591521742,0.74455591521742,0.74455591521742,0.74455591521742
0.908723978960855,0.908723978960855,0.908723978960855,0.908723978960855,0.908723978960855,0.908723978960855,0.908723978960855,0.908723978960855,0.908723978960855,0.908723978960855,0.908723978960855,0.908723978960855,0.808386619096795,0.808386619096795,0.808386619096795,0.808386619096795,0.808386619096795,0.808386619096795,0.808386619096795,0.808386619096795
0.985973923749129,0.985973923749129,0.985973923749129,0.985973923749129,0.985973923749129,0.985973923749129,0.985973923749129,0.985973923749129,0.985973923749129,0.985973923749129,0.985973923749129,0.985973923749129,0.977795735623777,0.977795735623777,0.977795735623777,0.977795735623777,0.977795735623777,0.977795735623777,0.977795735623777,0.977795735623777
0.815843183695684,0.815843183695684,0.815843183695684,0.815843183695684,0.815843183695684,0.815843183695684,0.815843183695684,0.815843183695684,0.815843183695684,0.815843183695684,0.815843183695684,0.815843183695684,0.74455591521742,0.74455591521742,0.74455591521742,0.74455591521742,0.74455591521742,0.74455591521742,0.74455591521742,0.74455591521742
0.831684798913076,0.831684798913076,0.831684798913076,0.831684798913076,0.831684798913076,0.831684798913076,0.831684798913076,0.831684798913076,0.831684798913076,0.831684798913076,0.831684798913076,0.831684798913076,0.792080760869596,0.792080760869596,0.792080760869596,0.792080760869596,0.792080760869596,0.792080760869596,0.792080760869596,0.792080760869596
0.797619047619048,0.797619047619048,0.797619047619048,0.797619047619048,0.797619047619048,0.797619047619048,0.797619047619048,0.797619047619048,0.813492063492063,0.813492063492063,0.813492063492063,0.813492063492063,0.813492063492063,0.813492063492063,0.813492063492063,0.813492063492063,0.813492063492063,0.813492063492063,0.813492063492063,0.813492063492063
0.726190476190476,0.726190476190476,0.726190476190476,0.726190476190476,0.726190476190476,0.726190476190476,0.726190476190476,0.726190476190476,0.797619047619048,0.797619047619048,0.797619047619048,0.797619047619048,0.813492063492063,0.813492063492063,0.813492063492063,0.813492063492063,0.813492063492063,0.813492063492063,0.813492063492063,0.813492063492063
0.726190476190476,0.726190476190476,0.726190476190476,0.726190476190476,0.726190476190476,0.726190476190476,0.726190476190476,0.726190476190476,0.805555555555556,0.805555555555556,0.805555555555556,0.805555555555556,0.861111111111111,0.861111111111111,0.861111111111111,0.861111111111111,0.861111111111111,0.861111111111111,0.861111111111111,0.861111111111111
0.82376399130438,0.871288836956555,0.871288836956555,0.871288836956555,0.82376399130438,0.871288836956555,0.871288836956555,0.871288836956555,0.82376399130438,0.871288836956555,0.871288836956555,0.871288836956555,0.839605606521772,0.887130452173947,0.887130452173947,0.887130452173947,0.839605606521772,0.887130452173947,0.887130452173947,0.887130452173947
0.831684798913076,0.847526414130467,0.855447221739163,0.855447221739163,0.831684798913076,0.847526414130467,0.855447221739163,0.855447221739163,0.831684798913076,0.847526414130467,0.855447221739163,0.855447221739163,0.815843183695684,0.839605606521772,0.839605606521772,0.839605606521772,0.815843183695684,0.839605606521772,0.839605606521772,0.839605606521772
0.855447221739163,0.871288836956555,0.871288836956555,0.871288836956555,0.855447221739163,0.871288836956555,0.871288836956555,0.871288836956555,0.855447221739163,0.871288836956555,0.871288836956555,0.871288836956555,0.855447221739163,0.871288836956555,0.871288836956555,0.871288836956555,0.855447221739163,0.871288836956555,0.871288836956555,0.871288836956555
0.819474302455771,0.819474302455771,0.819474302455771,0.819474302455771,0.819474302455771,0.819474302455771,0.819474302455771,0.819474302455771,0.819474302455771,0.819474302455771,0.819474302455771,0.819474302455771,0.921684350184013,0.921684350184013,0.921684350184013,0.921684350184013,0.921684350184013,0.921684350184013,0.921684350184013,0.921684350184013
0.827587909410779,0.827587909410779,0.827587909410779,0.827587909410779,0.827587909410779,0.827587909410779,0.827587909410779,0.827587909410779,0.827587909410779,0.827587909410779,0.827587909410779,0.827587909410779,0.921684350184013,0.921684350184013,0.921684350184013,0.921684350184013,0.921684350184013,0.921684350184013,0.921684350184013,0.921684350184013
0.843178938157326,0.843178938157326,0.843178938157326,0.843178938157326,0.843178938157326,0.843178938157326,0.843178938157326,0.843178938157326,0.843178938157326,0.843178938157326,0.843178938157326,0.843178938157326,0.923555792415875,0.923555792415875,0.923555792415875,0.923555792415875,0.923555792415875,0.923555792415875,0.923555792415875,0.923555792415875
0.868155944185817,0.876269551140824,0.876269551140824,0.876269551140824,0.868155944185817,0.876269551140824,0.876269551140824,0.876269551140824,0.868155944185817,0.876269551140824,0.876269551140824,0.876269551140824,0.87437736351286,0.87437736351286,0.87437736351286,0.87437736351286,0.87437736351286,0.87437736351286,0.87437736351286,0.87437736351286
0.884383158095832,0.900610372005847,0.900610372005847,0.900610372005847,0.884383158095832,0.900610372005847,0.900610372005847,0.900610372005847,0.884383158095832,0.900610372005847,0.900610372005847,0.900610372005847,0.828372203655081,0.828372203655081,0.828372203655081,0.828372203655081,0.828372203655081,0.828372203655081,0.828372203655081,0.828372203655081
0.858318031275032,0.86066296582387,0.86066296582387,0.86066296582387,0.858318031275032,0.86066296582387,0.86066296582387,0.86066296582387,0.858318031275032,0.86066296582387,0.86066296582387,0.86066296582387,0.866734382935604,0.866734382935604,0.866734382935604,0.866734382935604,0.866734382935604,0.866734382935604,0.866734382935604,0.866734382935604
0.965378784267083,0.965378784267083,0.965378784267083,0.965378784267083,0.965378784267083,0.965378784267083,0.965378784267083,0.965378784267083,0.965378784267083,0.965378784267083,0.965378784267083,0.965378784267083,0.749612549001226,0.749612549001226,0.749612549001226,0.749612549001226,0.749612549001226,0.749612549001226,0.749612549001226,0.749612549001226
