0.222107785670291,0.222107785670291,0.222107785670291,0.222107785670291,0.282776423600422,0.282776423600422,0.282776423600422,0.282776423600422,0.572967057456642,0.572967057456642,0.572967057456642,0.572967057456642,0.456514520513296,0.456514520513296,0.456514520513296,0.456514520513296,0.34030472520801,0.34030472520801,0.34030472520801,0.34030472520801
0.723835297244848,0.757934604609702,0.733135108344354,0.730035171311185,0.708335612079006,0.78273410087505,0.770334352742376,0.779634163841881,0.63703706031613,0.736235045377522,0.751734730543365,0.745534856477028,0.441741027226513,0.618437438117119,0.649436808448804,0.646336871415635,0.398341908762154,0.587438067785434,0.602937752951276,0.602937752951276
0.213649001959747,0.213649001959747,0.213649001959747,0.213649001959747,0.263944936272145,0.263944936272145,0.263944936272145,0.263944936272145,0.53497518449026,0.53497518449026,0.53497518449026,0.53497518449026,0.402143962411196,0.402143962411196,0.402143962411196,0.402143962411196,0.310397027438429,0.310397027438429,0.310397027438429,0.310397027438429
0.390161259542065,0.390161259542065,0.390161259542065,0.390161259542065,0.601112848440246,0.601112848440246,0.601112848440246,0.601112848440246,0.671643422657235,0.671643422657235,0.671643422657235,0.671643422657235,0.589145570653185,0.589145570653185,0.589145570653185,0.589145570653185,0.490302945007547,0.490302945007547,0.490302945007547,0.490302945007547
0.42681181717828,0.527201083530153,0.527201083530153,0.527201083530153,0.379652694417234,0.514735615187244,0.514735615187244,0.514735615187244,0.354458059264732,0.44508845047775,0.44508845047775,0.44508845047775,0.372967025169464,0.372967025169464,0.372967025169464,0.372967025169464,0.0984639016620583,0.0984639016620583,0.0984639016620583,0.0984639016620583
0.536109274368869,0.545732251316787,0.545732251316787,0.545732251316787,0.577226799836687,0.580678859798719,0.580678859798719,0.580678859798719,0.576697121744277,0.554393918140908,0.554393918140908,0.554393918140908,0.522849844060729,0.522849844060729,0.522849844060729,0.522849844060729,0.42266500897899,0.42266500897899,0.42266500897899,0.42266500897899
0.478041232488343,0.543441010222905,0.543441010222905,0.543441010222905,0.523323801857062,0.562992402230339,0.562992402230339,0.562992402230339,0.524171290350491,0.452401447263827,0.452401447263827,0.452401447263827,0.440173880997196,0.440173880997196,0.440173880997196,0.440173880997196,0.338932430340033,0.338932430340033,0.338932430340033,0.338932430340033
0.305343797767099,0.265044616335908,0.265044616335908,0.265044616335908,0.382842223596312,0.311543671833436,0.311543671833436,0.311543671833436,0.480875094219753,0.440543634704548,0.440543634704548,0.440543634704548,0.417610242747652,0.417610242747652,0.417610242747652,0.417610242747652,0.417610242747652,0.417610242747652,0.417610242747652,0.417610242747652
0.60597994463402,0.580796362519359,0.580796362519359,0.580796362519359,0.634311474513013,0.615423787927018,0.615423787927018,0.615423787927018,0.621719683455683,0.643755317806011,0.643755317806011,0.643755317806011,0.412786791034027,0.412786791034027,0.412786791034027,0.412786791034027,0.155454226508132,0.155454226508132,0.155454226508132,0.155454226508132
0.433520654606568,0.416143470366801,0.416143470366801,0.416143470366801,0.499016580842092,0.450561351374582,0.450561351374582,0.450561351374582,0.444303554827712,0.425530165187105,0.425530165187105,0.425530165187105,0.298208856610081,0.298208856610081,0.298208856610081,0.298208856610081,0.290685471407288,0.290685471407288,0.290685471407288,0.290685471407288
0.224745434904717,0.172046505340853,0.172046505340853,0.172046505340853,0.274344427435414,0.224745434904717,0.224745434904717,0.224745434904717,0.506839704923052,0.45295331455538,0.45295331455538,0.45295331455538,0.425031534891007,0.425031534891007,0.425031534891007,0.425031534891007,0.375392815487678,0.375392815487678,0.375392815487678,0.375392815487678
0.271244490402245,0.286744175568088,0.286744175568088,0.286744175568088,0.330143294032447,0.345642979198289,0.345642979198289,0.345642979198289,0.429341279093839,0.410741656894828,0.410741656894828,0.410741656894828,0.38594216062948,0.38594216062948,0.38594216062948,0.38594216062948,0.345642979198289,0.345642979198289,0.345642979198289,0.345642979198289
0.280544301501751,0.280544301501751,0.280544301501751,0.280544301501751,0.308443734800267,0.308443734800267,0.308443734800267,0.308443734800267,0.506839704923052,0.506839704923052,0.506839704923052,0.506839704923052,0.420715151615665,0.420715151615665,0.420715151615665,0.420715151615665,0.339066639022321,0.339066639022321,0.339066639022321,0.339066639022321
0.261944679302739,0.261944679302739,0.261944679302739,0.261944679302739,0.311543671833436,0.311543671833436,0.311543671833436,0.311543671833436,0.519239453055726,0.519239453055726,0.519239453055726,0.519239453055726,0.410741656894828,0.410741656894828,0.410741656894828,0.410741656894828,0.347876559656987,0.347876559656987,0.347876559656987,0.347876559656987
0.258844742269571,0.258844742269571,0.258844742269571,0.258844742269571,0.314643608866604,0.314643608866604,0.314643608866604,0.314643608866604,0.516139516022558,0.516139516022558,0.516139516022558,0.516139516022558,0.401441845795323,0.401441845795323,0.401441845795323,0.401441845795323,0.36035643623661,0.36035643623661,0.36035643623661,0.36035643623661
0.547138886354243,0.55333876042058,0.565738508553254,0.562638571520085,0.55333876042058,0.547138886354243,0.571938382619591,0.571938382619591,0.382842223596312,0.612237564050782,0.575038319652759,0.550238823387411,0.261944679302739,0.463440586458693,0.513039578989389,0.528539264155232,0.21854556083838,0.305343797767099,0.330143294032447,0.40764171986166
0.652536745481972,0.668036430647815,0.643236934382467,0.630837186249793,0.658736619548309,0.652536745481972,0.63703706031613,0.618437438117119,0.3642426013973,0.606037689984445,0.587438067785434,0.578138256685928,0.196846001606201,0.429341279093839,0.540939012287906,0.550238823387411,0.175146442374021,0.277444364468582,0.354942790297795,0.429341279093839
0.683536115813657,0.726935234278017,0.730035171311185,0.658736619548309,0.695935863946331,0.72073536021168,0.689735989879994,0.664936493614646,0.361142664364132,0.609137627017613,0.609137627017613,0.606037689984445,0.181346316440358,0.426241342060671,0.534739138221569,0.55333876042058,0.172046505340853,0.296043986667593,0.401441845795323,0.463440586458693
0.495473729293697,0.495473729293697,0.495473729293697,0.495473729293697,0.520561006726289,0.520561006726289,0.520561006726289,0.520561006726289,0.624046026135732,0.624046026135732,0.624046026135732,0.624046026135732,0.465355845301776,0.465355845301776,0.465355845301776,0.465355845301776,0.197696660228869,0.197696660228869,0.197696660228869,0.197696660228869
0.504083685278534,0.504083685278534,0.504083685278534,0.504083685278534,0.507224393598026,0.507224393598026,0.507224393598026,0.507224393598026,0.607727059821784,0.607727059821784,0.607727059821784,0.607727059821784,0.487267699656079,0.487267699656079,0.487267699656079,0.487267699656079,0.123623405563415,0.123623405563415,0.123623405563415,0.123623405563415
0.542187495395826,0.542187495395826,0.542187495395826,0.542187495395826,0.544197392040845,0.544197392040845,0.544197392040845,0.544197392040845,0.674198363840028,0.674198363840028,0.674198363840028,0.674198363840028,0.511197762728717,0.511197762728717,0.511197762728717,0.511197762728717,0.166135831596475,0.166135831596475,0.166135831596475,0.166135831596475
0.562859453546065,0.540291134896585,0.537036369023714,0.545054905843978,0.536906279895526,0.537036369023714,0.537036369023714,0.560250865232278,0.459410947720905,0.604254563197657,0.628169813464102,0.628169813464102,0.387947022519875,0.520140990064265,0.460316467245372,0.450345713442223,0.15468229301564,0.15468229301564,0.15468229301564,0.15468229301564
0.590013111548164,0.580012889318534,0.582214765100671,0.601175694695876,0.591229712300503,0.578825544324662,0.593462069343514,0.590109176296375,0.459705722871609,0.669526147033178,0.666681481975327,0.666681481975327,0.4277811085999,0.557232216816776,0.554741102635126,0.526695158344841,0.205606700653036,0.200785845487418,0.200785845487418,0.200785845487418
0.590303397698753,0.569748754598687,0.611059842545419,0.616323159752468,0.581314965653057,0.603845541343289,0.609852915465908,0.600221894610607,0.420227798602022,0.64444505286822,0.637421128586277,0.62919828246875,0.395055091058151,0.55297192643431,0.553646475810989,0.537153016897977,0.18858979900439,0.193232894359641,0.194137971416777,0.194137971416777
0.63230139204544,0.63230139204544,0.63230139204544,0.63230139204544,0.63230139204544,0.63230139204544,0.63230139204544,0.63230139204544,0.663759172744218,0.663759172744218,0.663759172744218,0.663759172744218,0.636906136485256,0.636906136485256,0.636906136485256,0.636906136485256,0.422085627566515,0.422085627566515,0.422085627566515,0.422085627566515
