0.30463743168209,0.30463743168209,0.30463743168209,0.30463743168209,0.344690993772856,0.344690993772856,0.344690993772856,0.344690993772856,0.5287134893261,0.5287134893261,0.5287134893261,0.5287134893261,0.47286402064042,0.47286402064042,0.47286402064042,0.47286402064042,0.395246764022891,0.395246764022891,0.395246764022891,0.395246764022891
0.699407760809739,0.762417468990797,0.762417468990797,0.756116498172691,0.724611644082162,0.762417468990797,0.762417468990797,0.756116498172691,0.737213585718374,0.762417468990797,0.762417468990797,0.762417468990797,0.617495140174364,0.737213585718374,0.730912614900268,0.74351455653648,0.422165044813086,0.548184461175201,0.567087373629518,0.604893198538153
0.380646189293134,0.380646189293134,0.380646189293134,0.380646189293134,0.394082803333853,0.394082803333853,0.394082803333853,0.394082803333853,0.46741771244723,0.46741771244723,0.46741771244723,0.46741771244723,0.390075213265314,0.390075213265314,0.390075213265314,0.390075213265314,0.382112523438848,0.382112523438848,0.382112523438848,0.382112523438848
0.421193159878625,0.421193159878625,0.421193159878625,0.421193159878625,0.444080375772212,0.444080375772212,0.444080375772212,0.444080375772212,0.485504844165363,0.485504844165363,0.485504844165363,0.485504844165363,0.484162895927602,0.484162895927602,0.484162895927602,0.484162895927602,0.475113122171946,0.475113122171946,0.475113122171946,0.475113122171946
0.626350716515751,0.730910754961102,0.783118666029752,0.783118666029752,0.624929692954962,0.750488721611846,0.750488721611846,0.750488721611846,0.710158001731069,0.710158001731069,0.710158001731069,0.710158001731069,0.738958512346587,0.738958512346587,0.738958512346587,0.738958512346587,0.66254593077707,0.66254593077707,0.66254593077707,0.66254593077707
0.65712656619584,0.700905106449623,0.77296077159865,0.77296077159865,0.665809047523172,0.765735125858828,0.765735125858828,0.765735125858828,0.750520328601371,0.750520328601371,0.750520328601371,0.750520328601371,0.562502124079039,0.562502124079039,0.562502124079039,0.562502124079039,0.550834090820383,0.550834090820383,0.550834090820383,0.550834090820383
0.661615418809156,0.73073115965843,0.779235914648686,0.779235914648686,0.654129787440884,0.764029041785055,0.764029041785055,0.764029041785055,0.726350429904387,0.726350429904387,0.726350429904387,0.726350429904387,0.698585209888323,0.698585209888323,0.698585209888323,0.698585209888323,0.737113091183831,0.737113091183831,0.737113091183831,0.737113091183831
0.598592227720047,0.560786402811413,0.642699023446787,0.642699023446787,0.62379611099247,0.655300965082999,0.655300965082999,0.655300965082999,0.592012311356609,0.592012311356609,0.592012311356609,0.592012311356609,0.365456307450134,0.365456307450134,0.365456307450134,0.365456307450134,0.294423235059704,0.294423235059704,0.294423235059704,0.294423235059704
0.652734587152797,0.756138086107695,0.788451679531101,0.788451679531101,0.652734587152797,0.788451679531101,0.788451679531101,0.788451679531101,0.775526242161739,0.775526242161739,0.775526242161739,0.775526242161739,0.615622948451732,0.615622948451732,0.615622948451732,0.615622948451732,0.639592107143575,0.639592107143575,0.639592107143575,0.639592107143575
0.460680154444841,0.470906324857209,0.55582490683422,0.55582490683422,0.460680154444841,0.531903948753521,0.531903948753521,0.531903948753521,0.612136643577392,0.612136643577392,0.612136643577392,0.612136643577392,0.633173823613304,0.633173823613304,0.633173823613304,0.633173823613304,0.633173823613304,0.633173823613304,0.633173823613304,0.633173823613304
0.409563103176874,0.390660190722557,0.390660190722557,0.390660190722557,0.466271840539826,0.396961161540663,0.396961161540663,0.396961161540663,0.346553394995817,0.346553394995817,0.346553394995817,0.346553394995817,0.428466015631192,0.428466015631192,0.428466015631192,0.428466015631192,0.308747570087182,0.308747570087182,0.308747570087182,0.308747570087182
0.497776694630355,0.504077665448461,0.617495140174364,0.617495140174364,0.522980577902778,0.604893198538153,0.604893198538153,0.604893198538153,0.548184461175201,0.548184461175201,0.548184461175201,0.548184461175201,0.378058249086345,0.378058249086345,0.378058249086345,0.378058249086345,0.365456307450134,0.365456307450134,0.365456307450134,0.365456307450134
0.321349511723394,0.321349511723394,0.321349511723394,0.321349511723394,0.325024653897248,0.325024653897248,0.325024653897248,0.325024653897248,0.41586407399498,0.41586407399498,0.41586407399498,0.41586407399498,0.398247910981839,0.398247910981839,0.398247910981839,0.398247910981839,0.327650482541499,0.327650482541499,0.327650482541499,0.327650482541499
0.277242715996653,0.277242715996653,0.277242715996653,0.277242715996653,0.315048540905288,0.315048540905288,0.315048540905288,0.315048540905288,0.478873782176038,0.478873782176038,0.478873782176038,0.478873782176038,0.44249767886871,0.44249767886871,0.44249767886871,0.44249767886871,0.296145628450971,0.296145628450971,0.296145628450971,0.296145628450971
0.333951453359605,0.333951453359605,0.333951453359605,0.333951453359605,0.37175727826824,0.37175727826824,0.37175727826824,0.37175727826824,0.510378636266566,0.510378636266566,0.510378636266566,0.510378636266566,0.410890701806659,0.410890701806659,0.410890701806659,0.410890701806659,0.289844657632865,0.289844657632865,0.289844657632865,0.289844657632865
0.598592227720047,0.611194169356259,0.598592227720047,0.598592227720047,0.642699023446787,0.611194169356259,0.611194169356259,0.611194169356259,0.655300965082999,0.661601935901105,0.62379611099247,0.62379611099247,0.522980577902778,0.62379611099247,0.642699023446787,0.66790290671921,0.466271840539826,0.541883490357095,0.567087373629518,0.617495140174364
0.636398052628682,0.655300965082999,0.642699023446787,0.62379611099247,0.648999994264893,0.655300965082999,0.642699023446787,0.62379611099247,0.642699023446787,0.642699023446787,0.62379611099247,0.604893198538153,0.529281548720884,0.62379611099247,0.655300965082999,0.636398052628682,0.340252424177711,0.491475723812249,0.522980577902778,0.504077665448461
0.661601935901105,0.712009702445951,0.680504848355422,0.680504848355422,0.674203877537316,0.712009702445951,0.680504848355422,0.686805819173528,0.636398052628682,0.693106789991633,0.661601935901105,0.661601935901105,0.554485431993307,0.648999994264893,0.674203877537316,0.705708731627845,0.321349511723394,0.510378636266566,0.529281548720884,0.522980577902778
0.601032837675348,0.601032837675348,0.601032837675348,0.601032837675348,0.602020566916346,0.602020566916346,0.602020566916346,0.602020566916346,0.665660024522159,0.665660024522159,0.665660024522159,0.665660024522159,0.632998374080239,0.632998374080239,0.632998374080239,0.632998374080239,0.591148757655541,0.591148757655541,0.591148757655541,0.591148757655541
0.555793806882579,0.555793806882579,0.555793806882579,0.555793806882579,0.594570118990666,0.594570118990666,0.594570118990666,0.594570118990666,0.665660024522159,0.665660024522159,0.665660024522159,0.665660024522159,0.615622948451732,0.615622948451732,0.615622948451732,0.615622948451732,0.560467310383545,0.560467310383545,0.560467310383545,0.560467310383545
0.56639049982549,0.56639049982549,0.56639049982549,0.56639049982549,0.624647808378968,0.624647808378968,0.624647808378968,0.624647808378968,0.674301885999327,0.674301885999327,0.674301885999327,0.674301885999327,0.587087234871222,0.587087234871222,0.587087234871222,0.587087234871222,0.538247009365259,0.538247009365259,0.538247009365259,0.538247009365259
0.672288363557575,0.702702702702703,0.7099348249886,0.703108528594478,0.718882606576417,0.722972972972973,0.730413714170963,0.703108528594478,0.658975722695049,0.72972972972973,0.750892603353327,0.737240010565084,0.623531990084007,0.65532445383563,0.682904799074074,0.680655178253789,0.623531990084007,0.630346547352684,0.641516629433221,0.641516629433221
0.665540540540541,0.679216491215054,0.672390194820933,0.672390194820933,0.679054054054054,0.679216491215054,0.672390194820933,0.672390194820933,0.65191130563857,0.692869084003297,0.692869084003297,0.679216491215054,0.562189304288253,0.650747558911216,0.657744844490907,0.657744844490907,0.582883389108679,0.608763845433073,0.627265310949447,0.61561737628559
0.64636302341594,0.63933959205452,0.653015305253547,0.646177448654033,0.673435820208231,0.63933959205452,0.653015305253547,0.646177448654033,0.64636302341594,0.65985316185306,0.666691018452574,0.666691018452574,0.560730828165897,0.630822181686634,0.656625106441091,0.644850080252083,0.553721692813823,0.584945974436315,0.641326309321743,0.653094863933343
0.737960694929714,0.737960694929714,0.737960694929714,0.737960694929714,0.809167428651002,0.809167428651002,0.809167428651002,0.809167428651002,0.763854052646546,0.763854052646546,0.763854052646546,0.763854052646546,0.700762292386547,0.700762292386547,0.700762292386547,0.700762292386547,0.626404641016903,0.626404641016903,0.626404641016903,0.626404641016903
