0.491611430244944,0.491611430244944,0.491611430244944,0.491611430244944,0.587310831352251,0.587310831352251,0.587310831352251,0.587310831352251,0.819694030908438,0.819694030908438,0.819694030908438,0.819694030908438,0.71839745668274,0.71839745668274,0.71839745668274,0.71839745668274,0.71839745668274,0.71839745668274,0.71839745668274,0.71839745668274
0.800709317929703,0.877886119657868,0.900396020161916,0.92612162073797,0.820003518361744,0.884317519801881,0.910043120377936,0.92612162073797,0.778199417425656,0.868239019441847,0.887533219873888,0.913258820449943,0.604551613537286,0.852160519081813,0.852160519081813,0.858591919225827,0.604551613537286,0.852160519081813,0.852160519081813,0.858591919225827
0.517243240026261,0.517243240026261,0.517243240026261,0.517243240026261,0.591637583849729,0.591637583849729,0.591637583849729,0.591637583849729,0.81558491213342,0.81558491213342,0.81558491213342,0.81558491213342,0.704029128018773,0.704029128018773,0.704029128018773,0.704029128018773,0.704029128018773,0.704029128018773,0.704029128018773,0.704029128018773
0.601511939256148,0.601511939256148,0.601511939256148,0.601511939256148,0.722192788760738,0.722192788760738,0.722192788760738,0.722192788760738,0.740571151019666,0.740571151019666,0.740571151019666,0.740571151019666,0.561665646401115,0.561665646401115,0.561665646401115,0.561665646401115,0.561665646401115,0.561665646401115,0.561665646401115,0.561665646401115
0.674662752914247,0.674662752914247,0.674662752914247,0.674662752914247,0.786576301207884,0.786576301207884,0.786576301207884,0.786576301207884,0.79249789730448,0.79249789730448,0.79249789730448,0.79249789730448,0.258646773234601,0.258646773234601,0.258646773234601,0.258646773234601,0.258646773234601,0.258646773234601,0.258646773234601,0.258646773234601
0.777030795743076,0.777030795743076,0.777030795743076,0.777030795743076,0.772449801398356,0.772449801398356,0.772449801398356,0.772449801398356,0.775092254355156,0.775092254355156,0.775092254355156,0.775092254355156,0.76642408067563,0.76642408067563,0.76642408067563,0.76642408067563,0.76642408067563,0.76642408067563,0.76642408067563,0.76642408067563
0.748685382069467,0.748685382069467,0.748685382069467,0.748685382069467,0.7751306315121,0.7751306315121,0.7751306315121,0.7751306315121,0.775418393005045,0.775418393005045,0.775418393005045,0.775418393005045,0.492344008748781,0.492344008748781,0.492344008748781,0.492344008748781,0.492344008748781,0.492344008748781,0.492344008748781,0.492344008748781
0.668865614977423,0.668865614977423,0.668865614977423,0.668865614977423,0.659218514761402,0.659218514761402,0.659218514761402,0.659218514761402,0.643140014401368,0.643140014401368,0.643140014401368,0.643140014401368,0.308707206912657,0.308707206912657,0.308707206912657,0.308707206912657,0.308707206912657,0.308707206912657,0.308707206912657,0.308707206912657
0.856761335460695,0.856761335460695,0.856761335460695,0.856761335460695,0.866478855333595,0.866478855333595,0.866478855333595,0.866478855333595,0.860000508751662,0.860000508751662,0.860000508751662,0.860000508751662,0.381137419157821,0.381137419157821,0.381137419157821,0.381137419157821,0.381137419157821,0.381137419157821,0.381137419157821,0.381137419157821
0.622498339656668,0.622498339656668,0.622498339656668,0.622498339656668,0.642993513301261,0.642993513301261,0.642993513301261,0.642993513301261,0.667770946177153,0.667770946177153,0.667770946177153,0.667770946177153,0.596472748234399,0.596472748234399,0.596472748234399,0.596472748234399,0.596472748234399,0.596472748234399,0.596472748234399,0.596472748234399
0.569178912745211,0.569178912745211,0.569178912745211,0.569178912745211,0.569178912745211,0.569178912745211,0.569178912745211,0.569178912745211,0.639924314329361,0.639924314329361,0.639924314329361,0.639924314329361,0.504864911305074,0.504864911305074,0.504864911305074,0.504864911305074,0.504864911305074,0.504864911305074,0.504864911305074,0.504864911305074
0.701022615697491,0.701022615697491,0.701022615697491,0.701022615697491,0.688159815409464,0.688159815409464,0.688159815409464,0.688159815409464,0.68172841526545,0.68172841526545,0.68172841526545,0.68172841526545,0.231530405184493,0.231530405184493,0.231530405184493,0.231530405184493,0.231530405184493,0.231530405184493,0.231530405184493,0.231530405184493
0.466276510440992,0.466276510440992,0.466276510440992,0.466276510440992,0.469492210512999,0.469492210512999,0.469492210512999,0.469492210512999,0.659218514761402,0.659218514761402,0.659218514761402,0.659218514761402,0.585257413105245,0.585257413105245,0.585257413105245,0.585257413105245,0.585257413105245,0.585257413105245,0.585257413105245,0.585257413105245
0.492002111017047,0.492002111017047,0.492002111017047,0.492002111017047,0.530590511881129,0.530590511881129,0.530590511881129,0.530590511881129,0.739611016561573,0.739611016561573,0.739611016561573,0.739611016561573,0.633492914185348,0.633492914185348,0.633492914185348,0.633492914185348,0.633492914185348,0.633492914185348,0.633492914185348,0.633492914185348
0.48878641094504,0.48878641094504,0.48878641094504,0.48878641094504,0.524159111737115,0.524159111737115,0.524159111737115,0.524159111737115,0.755689516921608,0.755689516921608,0.755689516921608,0.755689516921608,0.665649914905416,0.665649914905416,0.665649914905416,0.665649914905416,0.665649914905416,0.665649914905416,0.665649914905416,0.665649914905416
0.79427791778569,0.813572118217731,0.813572118217731,0.813572118217731,0.80392501800171,0.807140718073717,0.816787818289738,0.816787818289738,0.723532516201539,0.823219218433751,0.826434918505758,0.810356418145724,0.524159111737115,0.787846517641676,0.781415117497662,0.797493617857697,0.524159111737115,0.787846517641676,0.781415117497662,0.797493617857697
0.832866318649772,0.86502331936984,0.871454719513854,0.884317519801881,0.826434918505758,0.868239019441847,0.871454719513854,0.884317519801881,0.768552317209635,0.852160519081813,0.852160519081813,0.852160519081813,0.537021912025142,0.852160519081813,0.848944819009806,0.848944819009806,0.537021912025142,0.852160519081813,0.848944819009806,0.848944819009806
0.829650618577765,0.893964620017902,0.897180320089909,0.890748919945895,0.816787818289738,0.893964620017902,0.900396020161916,0.893964620017902,0.810356418145724,0.874670419585861,0.881101819729874,0.861807619297833,0.530590511881129,0.877886119657868,0.861807619297833,0.86502331936984,0.530590511881129,0.877886119657868,0.861807619297833,0.86502331936984
0.66726647788645,0.66726647788645,0.66726647788645,0.66726647788645,0.781063204015135,0.781063204015135,0.781063204015135,0.781063204015135,0.804923520083415,0.804923520083415,0.804923520083415,0.804923520083415,0.69238905822535,0.69238905822535,0.69238905822535,0.69238905822535,0.69238905822535,0.69238905822535,0.69238905822535,0.69238905822535
0.682391236514357,0.682391236514357,0.682391236514357,0.682391236514357,0.717905450107546,0.717905450107546,0.717905450107546,0.717905450107546,0.811685891788261,0.811685891788261,0.811685891788261,0.811685891788261,0.676059169008157,0.676059169008157,0.676059169008157,0.676059169008157,0.676059169008157,0.676059169008157,0.676059169008157,0.676059169008157
0.672711907400285,0.672711907400285,0.672711907400285,0.672711907400285,0.680332794072364,0.680332794072364,0.680332794072364,0.680332794072364,0.784325658996978,0.784325658996978,0.784325658996978,0.784325658996978,0.639738826624477,0.639738826624477,0.639738826624477,0.639738826624477,0.639738826624477,0.639738826624477,0.639738826624477,0.639738826624477
0.832722893623892,0.803731774153887,0.807059856034442,0.806075761027928,0.860309166123312,0.826061110474901,0.822730218900406,0.823700265437214,0.832722893623892,0.886017158815822,0.880277657406639,0.876949575526084,0.587350562109933,0.588667329116275,0.58176214050494,0.58176214050494,0.587350562109933,0.588667329116275,0.58176214050494,0.58176214050494
0.844635504295773,0.825135590496745,0.829348846204268,0.834844474699484,0.831759249955147,0.843540771310937,0.827887437410321,0.830357967651788,0.787308190775179,0.860176499891248,0.880065217079039,0.867127421102491,0.495947701562918,0.511584523810797,0.506690251055256,0.525636677066354,0.495947701562918,0.511584523810797,0.506690251055256,0.525636677066354
0.829060389008103,0.800722917489387,0.847435072033534,0.838670045879055,0.831565512097771,0.822170852779281,0.831455679892998,0.838670045879055,0.754885737858171,0.847799561829176,0.857917411595772,0.853098777851167,0.490827801252279,0.498321355469871,0.487081024143483,0.560694587460329,0.490827801252279,0.498321355469871,0.487081024143483,0.560694587460329
0.948548921989514,0.948548921989514,0.948548921989514,0.948548921989514,0.954990680373144,0.954990680373144,0.954990680373144,0.954990680373144,0.948548921989514,0.948548921989514,0.948548921989514,0.948548921989514,0.391971493645832,0.391971493645832,0.391971493645832,0.391971493645832,0.391971493645832,0.391971493645832,0.391971493645832,0.391971493645832
