0.55917553506318,0.55917553506318,0.55917553506318,0.55917553506318,0.545484379259532,0.545484379259532,0.545484379259532,0.545484379259532,0.727579051333946,0.727579051333946,0.727579051333946,0.727579051333946,0.64856561038321,0.64856561038321,0.64856561038321,0.64856561038321,0.398732378050718,0.398732378050718,0.398732378050718,0.398732378050718
0.841587503036965,0.881013223899958,0.899209710452109,0.929537188039026,0.841587503036965,0.881013223899958,0.899209710452109,0.929537188039026,0.83248925976089,0.865849485106499,0.887078719417342,0.905275205969492,0.544378222685172,0.602000430100316,0.631295099638815,0.641426150963309,0.498887006304796,0.538312727167789,0.57969886553372,0.559541961478631
0.54665841325881,0.54665841325881,0.54665841325881,0.54665841325881,0.54665841325881,0.54665841325881,0.54665841325881,0.54665841325881,0.728601782149645,0.728601782149645,0.728601782149645,0.728601782149645,0.627389330436488,0.627389330436488,0.627389330436488,0.627389330436488,0.385473731049851,0.385473731049851,0.385473731049851,0.385473731049851
0.728288973373376,0.728288973373376,0.728288973373376,0.728288973373376,0.728288973373376,0.728288973373376,0.728288973373376,0.728288973373376,0.774480663016507,0.774480663016507,0.774480663016507,0.774480663016507,0.747637884789707,0.747637884789707,0.747637884789707,0.747637884789707,0.650400537358687,0.650400537358687,0.650400537358687,0.650400537358687
0.890870960323516,0.890870960323516,0.890870960323516,0.890870960323516,0.890870960323516,0.890870960323516,0.890870960323516,0.890870960323516,0.891184198995805,0.891184198995805,0.891184198995805,0.891184198995805,0.794078012110497,0.794078012110497,0.794078012110497,0.794078012110497,0.777994217363103,0.777994217363103,0.777994217363103,0.777994217363103
0.932257618039741,0.932257618039741,0.932257618039741,0.932257618039741,0.932257618039741,0.932257618039741,0.932257618039741,0.932257618039741,0.930869157432991,0.930869157432991,0.930869157432991,0.930869157432991,0.877317736712205,0.877317736712205,0.877317736712205,0.877317736712205,0.838044133605668,0.838044133605668,0.838044133605668,0.838044133605668
0.878564252580382,0.878564252580382,0.878564252580382,0.878564252580382,0.878564252580382,0.878564252580382,0.878564252580382,0.878564252580382,0.887414945452387,0.887414945452387,0.887414945452387,0.887414945452387,0.81141077506245,0.81141077506245,0.81141077506245,0.81141077506245,0.741811456993014,0.741811456993014,0.741811456993014,0.741811456993014
0.620196916652466,0.620196916652466,0.620196916652466,0.620196916652466,0.620196916652466,0.620196916652466,0.620196916652466,0.620196916652466,0.650524394239384,0.650524394239384,0.650524394239384,0.650524394239384,0.589869439065549,0.589869439065549,0.589869439065549,0.589869439065549,0.365446104922358,0.365446104922358,0.365446104922358,0.365446104922358
0.873022934255188,0.873022934255188,0.873022934255188,0.873022934255188,0.873022934255188,0.873022934255188,0.873022934255188,0.873022934255188,0.885340718160023,0.885340718160023,0.885340718160023,0.885340718160023,0.789877892897551,0.789877892897551,0.789877892897551,0.789877892897551,0.626667256158486,0.626667256158486,0.626667256158486,0.626667256158486
0.85239475459344,0.85239475459344,0.85239475459344,0.85239475459344,0.85239475459344,0.85239475459344,0.85239475459344,0.85239475459344,0.877787786194601,0.877787786194601,0.877787786194601,0.877787786194601,0.819521035358862,0.819521035358862,0.819521035358862,0.819521035358862,0.802502903324592,0.802502903324592,0.802502903324592,0.802502903324592
0.559541961478631,0.559541961478631,0.559541961478631,0.559541961478631,0.559541961478631,0.559541961478631,0.559541961478631,0.559541961478631,0.683884619584993,0.683884619584993,0.683884619584993,0.683884619584993,0.602000430100316,0.602000430100316,0.602000430100316,0.602000430100316,0.377577095957125,0.377577095957125,0.377577095957125,0.377577095957125
0.620196916652466,0.620196916652466,0.620196916652466,0.620196916652466,0.620196916652466,0.620196916652466,0.620196916652466,0.620196916652466,0.623229664411158,0.623229664411158,0.623229664411158,0.623229664411158,0.544378222685172,0.544378222685172,0.544378222685172,0.544378222685172,0.353315113887591,0.353315113887591,0.353315113887591,0.353315113887591
0.571672952513398,0.571672952513398,0.571672952513398,0.571672952513398,0.532247231650405,0.532247231650405,0.532247231650405,0.532247231650405,0.671753628550226,0.671753628550226,0.671753628550226,0.671753628550226,0.623229664411158,0.623229664411158,0.623229664411158,0.623229664411158,0.380609843715817,0.380609843715817,0.380609843715817,0.380609843715817
0.553476465961247,0.553476465961247,0.553476465961247,0.553476465961247,0.553476465961247,0.553476465961247,0.553476465961247,0.553476465961247,0.705113853895836,0.705113853895836,0.705113853895836,0.705113853895836,0.644458898722,0.644458898722,0.644458898722,0.644458898722,0.423068312337501,0.423068312337501,0.423068312337501,0.423068312337501
0.550443718202556,0.550443718202556,0.550443718202556,0.550443718202556,0.550443718202556,0.550443718202556,0.550443718202556,0.550443718202556,0.714212097171911,0.714212097171911,0.714212097171911,0.714212097171911,0.653557141998076,0.653557141998076,0.653557141998076,0.653557141998076,0.423068312337501,0.423068312337501,0.423068312337501,0.423068312337501
0.829456512002198,0.874947728382575,0.865849485106499,0.871914980623883,0.829456512002198,0.874947728382575,0.865849485106499,0.871914980623883,0.820358268726123,0.865849485106499,0.850685746313041,0.844620250795657,0.565607456996014,0.726343088206678,0.793063538897897,0.823391016484815,0.326020384059365,0.59290218682424,0.650524394239384,0.659622637515459
0.829456512002198,0.865849485106499,0.881013223899958,0.893144214934725,0.829456512002198,0.865849485106499,0.881013223899958,0.893144214934725,0.790030791139205,0.862816737347808,0.859783989589116,0.859783989589116,0.565607456996014,0.692982862861069,0.756670565793596,0.793063538897897,0.495854258546104,0.605033177859007,0.656589889756767,0.67781912406761
0.835522007519582,0.890111467176033,0.890111467176033,0.902242458210801,0.835522007519582,0.887078719417342,0.890111467176033,0.899209710452109,0.790030791139205,0.874947728382575,0.874947728382575,0.877980476141266,0.565607456996014,0.692982862861069,0.753637818034904,0.786998043380513,0.532247231650405,0.617164168893774,0.665688133032843,0.683884619584993
0.777980774208603,0.777980774208603,0.777980774208603,0.777980774208603,0.777980774208603,0.777980774208603,0.777980774208603,0.777980774208603,0.848427852188122,0.848427852188122,0.848427852188122,0.848427852188122,0.756540359171358,0.756540359171358,0.756540359171358,0.756540359171358,0.487359056499434,0.487359056499434,0.487359056499434,0.487359056499434
0.76667908834447,0.76667908834447,0.76667908834447,0.76667908834447,0.76667908834447,0.76667908834447,0.76667908834447,0.76667908834447,0.820874118495864,0.820874118495864,0.820874118495864,0.820874118495864,0.717709565735641,0.717709565735641,0.717709565735641,0.717709565735641,0.500815911273595,0.500815911273595,0.500815911273595,0.500815911273595
0.750393225057754,0.750393225057754,0.750393225057754,0.750393225057754,0.750393225057754,0.750393225057754,0.750393225057754,0.750393225057754,0.821641464427263,0.821641464427263,0.821641464427263,0.821641464427263,0.698004375669739,0.698004375669739,0.698004375669739,0.698004375669739,0.46950940824415,0.46950940824415,0.46950940824415,0.46950940824415
0.875994100093152,0.879057016527044,0.885182849394828,0.885867710502613,0.875994100093152,0.879057016527044,0.885182849394828,0.885867710502613,0.903560347998181,0.908857356968944,0.899661498382411,0.895063569089145,0.767167726161569,0.872073922622814,0.888932996698124,0.894223317359132,0.517632877327771,0.637086618249565,0.635992724263478,0.592978723588654
0.842031573523003,0.848111302825742,0.854006985322061,0.857869403454397,0.842031573523003,0.848111302825742,0.854006985322061,0.857869403454397,0.856471138499086,0.856280756410963,0.861738579290139,0.849702506020537,0.641959030145724,0.858728075843502,0.857829539255141,0.839785544758719,0.457043455069061,0.639937106918239,0.700707207556087,0.689764634837947
0.794677397177029,0.851130291424455,0.86128293903588,0.878976929781004,0.794677397177029,0.851130291424455,0.86128293903588,0.878976929781004,0.820555111504078,0.871173184716134,0.832331931911772,0.848122866894198,0.613348229498104,0.811267739498053,0.804346984388177,0.830527561898435,0.412617370742766,0.662974319450238,0.695114677866325,0.690750639805628
0.852375752909919,0.852375752909919,0.852375752909919,0.852375752909919,0.852375752909919,0.852375752909919,0.852375752909919,0.852375752909919,0.913587656170955,0.913587656170955,0.913587656170955,0.913587656170955,0.861557538399075,0.861557538399075,0.861557538399075,0.861557538399075,0.714648970572589,0.714648970572589,0.714648970572589,0.714648970572589
