0.267698582397012,0.267698582397012,0.267698582397012,0.267698582397012,0.298366601333873,0.298366601333873,0.298366601333873,0.298366601333873,0.269607440629911,0.269607440629911,0.269607440629911,0.269607440629911,0.38768193174612,0.38768193174612,0.38768193174612,0.38768193174612,0.325966992633822,0.325966992633822,0.325966992633822,0.325966992633822
0.20265333964279,0.379157861267156,0.379157861267156,0.40530667928558,0.189578930633578,0.379157861267156,0.379157861267156,0.40530667928558,0.0196116135138184,0.444529906313217,0.392232270276368,0.392232270276368,0.138734047165361,0.336925543115876,0.336925543115876,0.284074477529072,0.138734047165361,0.336925543115876,0.336925543115876,0.336925543115876
0.321282339334434,0.321282339334434,0.321282339334434,0.321282339334434,0.322322553254148,0.322322553254148,0.322322553254148,0.322322553254148,0.270481373037356,0.270481373037356,0.270481373037356,0.270481373037356,0.364877578677235,0.364877578677235,0.364877578677235,0.364877578677235,0.337006737247146,0.337006737247146,0.337006737247146,0.337006737247146
0.447853433080742,0.447853433080742,0.447853433080742,0.447853433080742,0.420503605106345,0.420503605106345,0.420503605106345,0.420503605106345,0.382205815843213,0.382205815843213,0.382205815843213,0.382205815843213,0.208954473105952,0.208954473105952,0.208954473105952,0.208954473105952,0.198286252814374,0.198286252814374,0.198286252814374,0.198286252814374
0.525660148772165,0.601433541119597,0.601433541119597,0.601433541119597,0.580269695783653,0.580269695783653,0.580269695783653,0.580269695783653,0.475437841564633,0.475437841564633,0.475437841564633,0.475437841564633,0.0950609672006781,0.0950609672006781,0.0950609672006781,0.0950609672006781,-0.0137994129854571,-0.0137994129854571,-0.0137994129854571,-0.0137994129854571
0.675362469023241,0.782350582927913,0.782350582927913,0.782350582927913,0.795724097165997,0.795724097165997,0.795724097165997,0.795724097165997,0.577135600928184,0.577135600928184,0.577135600928184,0.577135600928184,0.411391590336779,0.411391590336779,0.411391590336779,0.411391590336779,0.411391590336779,0.411391590336779,0.411391590336779,0.411391590336779
0.62500676300797,0.710534004261692,0.710534004261692,0.710534004261692,0.71711302281967,0.71711302281967,0.71711302281967,0.71711302281967,0.710970128285145,0.710970128285145,0.710970128285145,0.710970128285145,0.269824094085649,0.269824094085649,0.269824094085649,0.269824094085649,0.19182307156157,0.19182307156157,0.19182307156157,0.19182307156157
0.366083452257944,0.235339362165821,0.235339362165821,0.235339362165821,0.379157861267156,0.379157861267156,0.379157861267156,0.379157861267156,0.294174202707276,0.294174202707276,0.294174202707276,0.294174202707276,0.436021291091134,0.436021291091134,0.436021291091134,0.436021291091134,0.367317192879775,0.367317192879775,0.367317192879775,0.367317192879775
0.488901207038705,0.355866864987357,0.355866864987357,0.355866864987357,0.555418378064379,0.555418378064379,0.555418378064379,0.555418378064379,0.180225422755833,0.180225422755833,0.180225422755833,0.180225422755833,0.192358805441695,0.192358805441695,0.192358805441695,0.192358805441695,0.0774368947152411,0.0774368947152411,0.0774368947152411,0.0774368947152411
0.641396792422472,0.681070820819738,0.681070820819738,0.681070820819738,0.681070820819738,0.681070820819738,0.681070820819738,0.681070820819738,0.575119440905224,0.575119440905224,0.575119440905224,0.575119440905224,0.429660661798073,0.429660661798073,0.429660661798073,0.429660661798073,0.379533584588298,0.379533584588298,0.379533584588298,0.379533584588298
0.141287696652508,0.0590401983753998,0.0590401983753998,0.0590401983753998,0.0852802865422442,0.0852802865422442,0.0852802865422442,0.0852802865422442,0.281099793698064,0.281099793698064,0.281099793698064,0.281099793698064,0.422808524694433,0.422808524694433,0.422808524694433,0.422808524694433,0.353712852402747,0.353712852402747,0.353712852402747,0.353712852402747
0.496827542350066,0.542587973882309,0.542587973882309,0.542587973882309,0.568736791900734,0.568736791900734,0.568736791900734,0.568736791900734,0.346471838744125,0.346471838744125,0.346471838744125,0.346471838744125,0.263346104145404,0.263346104145404,0.263346104145404,0.263346104145404,0.345015349331587,0.345015349331587,0.345015349331587,0.345015349331587
0.167573779750649,0.167573779750649,0.167573779750649,0.167573779750649,0.18071682129972,0.18071682129972,0.18071682129972,0.18071682129972,0.177120595126199,0.177120595126199,0.177120595126199,0.177120595126199,0.287888563165564,0.287888563165564,0.287888563165564,0.287888563165564,0.201805248425055,0.201805248425055,0.201805248425055,0.201805248425055
0.24730128052385,0.24730128052385,0.24730128052385,0.24730128052385,0.260490682151789,0.260490682151789,0.260490682151789,0.260490682151789,0.18008604512981,0.18008604512981,0.18008604512981,0.18008604512981,0.254797923721246,0.254797923721246,0.254797923721246,0.254797923721246,0.263372951334394,0.263372951334394,0.263372951334394,0.263372951334394
0.260490682151789,0.260490682151789,0.260490682151789,0.260490682151789,0.262400881668444,0.262400881668444,0.262400881668444,0.262400881668444,0.183680617167911,0.183680617167911,0.183680617167911,0.183680617167911,0.228325412165792,0.228325412165792,0.228325412165792,0.228325412165792,0.228302246638155,0.228302246638155,0.228302246638155,0.228302246638155
0.215727748652002,0.20265333964279,0.111132476578304,0.104595272073698,0.20265333964279,0.209190544147396,0.111132476578304,0.111132476578304,0.130744090092123,0.261488180184245,0.209190544147396,0.222264953156609,0.25764894473567,0.171765963157113,0.184978729553814,0.184978729553814,0.25764894473567,0.290680860727422,0.290680860727422,0.290680860727422
0.183041726128972,0.307248611716488,0.254950975679639,0.241876566670427,0.183041726128972,0.261488180184245,0.254950975679639,0.254950975679639,0.0196116135138184,0.294174202707276,0.241876566670427,0.254950975679639,0.231223411942268,0.231223411942268,0.231223411942268,0.231223411942268,0.231223411942268,0.231223411942268,0.231223411942268,0.231223411942268
0.20265333964279,0.346471838744125,0.320323020725701,0.320323020725701,0.196116135138184,0.320323020725701,0.320323020725701,0.320323020725701,0.0196116135138184,0.353009043248731,0.313785816221094,0.313785816221094,0.211404262347216,0.26425532793402,0.277468094330721,0.244436178338969,0.211404262347216,0.26425532793402,0.277468094330721,0.277468094330721
0.405112217527676,0.405112217527676,0.405112217527676,0.405112217527676,0.426524515516072,0.426524515516072,0.426524515516072,0.426524515516072,0.334017526275238,0.334017526275238,0.334017526275238,0.334017526275238,0.311635115465907,0.311635115465907,0.311635115465907,0.311635115465907,0.090957965757303,0.090957965757303,0.090957965757303,0.090957965757303
0.35919272353864,0.35919272353864,0.35919272353864,0.35919272353864,0.36712586116929,0.36712586116929,0.36712586116929,0.36712586116929,0.212854947282157,0.212854947282157,0.212854947282157,0.212854947282157,0.287320222144057,0.287320222144057,0.287320222144057,0.287320222144057,0.10021245198443,0.10021245198443,0.10021245198443,0.10021245198443
0.304840943310109,0.304840943310109,0.304840943310109,0.304840943310109,0.278041739502627,0.278041739502627,0.278041739502627,0.278041739502627,0.179311965135201,0.179311965135201,0.179311965135201,0.179311965135201,0.210172519732821,0.210172519732821,0.210172519732821,0.210172519732821,0.0818621691815727,0.0818621691815727,0.0818621691815727,0.0818621691815727
0.177934518716902,0.23584265687003,0.195297868455741,0.182057335001114,0.182057335001114,0.25488026900156,0.188677601728428,0.182057335001114,0.0644850019699945,0.135715467909922,0.109234401000669,0.146156012708187,0.152030284967074,0.166509359725843,0.153277722118492,0.12642878463581,0.141002346439424,0.12280849528595,0.126940076569306,0.126940076569306
0.239842821208935,0.193206717084976,0.2206259950723,0.193206717084976,0.239842821208935,0.213193618852387,0.179882115906701,0.186544416495839,0.0341549656143264,0.153232913550153,0.138770334367284,0.120341451857618,0.273646311999439,0.159948190464762,0.159948190464762,0.159948190464762,0.273646311999439,0.18249436200932,0.18249436200932,0.18249436200932
0.237675409467992,0.217566594420465,0.228005698635786,0.191457432744343,0.241566086423159,0.211610846717432,0.22129964867591,0.184739628086647,0.0308873743289494,0.114002849317893,0.191457432744343,0.110456886398082,0.306689479799083,0.195419511879048,0.157065116139122,0.159738756958313,0.306689479799083,0.306689479799083,0.220046936891672,0.220046936891672
0.561424080463091,0.561424080463091,0.561424080463091,0.561424080463091,0.481220640396935,0.481220640396935,0.481220640396935,0.481220640396935,0.494587880407961,0.494587880407961,0.494587880407961,0.494587880407961,0.0147409914003882,0.0147409914003882,0.0147409914003882,0.0147409914003882,-0.037229039552497,-0.037229039552497,-0.037229039552497,-0.037229039552497
