0.629372415576777,0.629372415576777,0.629372415576777,0.629372415576777,0.519981520833855,0.519981520833855,0.519981520833855,0.519981520833855,0.520936624261452,0.520936624261452,0.520936624261452,0.520936624261452,0.300245134839182,0.300245134839182,0.300245134839182,0.300245134839182,-0.229986462414145,-0.229986462414145,-0.229986462414145,-0.229986462414145
0.710889167536898,0.83103944937412,0.85106449634699,0.85106449634699,0.710889167536898,0.83103944937412,0.85106449634699,0.85106449634699,0.710889167536898,0.83103944937412,0.85106449634699,0.85106449634699,0.670839073591157,0.83103944937412,0.83103944937412,0.83103944937412,0.589154221320943,0.674849380785808,0.674849380785808,0.674849380785808
0.553398590529466,0.553398590529466,0.553398590529466,0.553398590529466,0.553398590529466,0.553398590529466,0.553398590529466,0.553398590529466,0.553398590529466,0.553398590529466,0.553398590529466,0.553398590529466,-0.0621836785808581,-0.0621836785808581,-0.0621836785808581,-0.0621836785808581,-0.243933022364847,-0.243933022364847,-0.243933022364847,-0.243933022364847
0.516537478612121,0.516537478612121,0.516537478612121,0.516537478612121,0.492512479606906,0.492512479606906,0.492512479606906,0.492512479606906,0.492512479606906,0.492512479606906,0.492512479606906,0.492512479606906,0.372953951857011,0.372953951857011,0.372953951857011,0.372953951857011,0,0,0,0
0.487599024802926,0.487599024802926,0.487599024802926,0.487599024802926,0.89733648424515,0.89733648424515,0.89733648424515,0.89733648424515,0.89733648424515,0.89733648424515,0.89733648424515,0.89733648424515,0.47253691838893,0.47253691838893,0.47253691838893,0.47253691838893,0.534048999000404,0.534048999000404,0.534048999000404,0.534048999000404
0.529294046535724,0.529294046535724,0.529294046535724,0.529294046535724,0.837401856169865,0.837401856169865,0.837401856169865,0.837401856169865,0.837401856169865,0.837401856169865,0.837401856169865,0.837401856169865,0.812365730749,0.812365730749,0.812365730749,0.812365730749,-0.102597835208515,-0.102597835208515,-0.102597835208515,-0.102597835208515
0.501745206004254,0.501745206004254,0.501745206004254,0.501745206004254,0.849569063765872,0.849569063765872,0.849569063765872,0.849569063765872,0.849569063765872,0.849569063765872,0.849569063765872,0.849569063765872,0.627181507505318,0.627181507505318,0.627181507505318,0.627181507505318,0.185220794297174,0.185220794297174,0.185220794297174,0.185220794297174
-0.0704238182012342,-0.0704238182012342,-0.0704238182012342,-0.0704238182012342,0.231392545518341,0.231392545518341,0.231392545518341,0.231392545518341,0.231392545518341,0.231392545518341,0.231392545518341,0.231392545518341,0.41316814406865,0.41316814406865,0.41316814406865,0.41316814406865,0.0326860225230307,0.0326860225230307,0.0326860225230307,0.0326860225230307
0.263684328037518,0.263684328037518,0.263684328037518,0.263684328037518,0.581905371504799,0.581905371504799,0.581905371504799,0.581905371504799,0.581905371504799,0.581905371504799,0.581905371504799,0.581905371504799,0.33942822680519,0.33942822680519,0.33942822680519,0.33942822680519,0.365870723259752,0.365870723259752,0.365870723259752,0.365870723259752
0.204490308677702,0.204490308677702,0.204490308677702,0.204490308677702,0.72109740428453,0.72109740428453,0.72109740428453,0.72109740428453,0.72109740428453,0.72109740428453,0.72109740428453,0.72109740428453,0.737869353296957,0.737869353296957,0.737869353296957,0.737869353296957,0.0435148356485837,0.0435148356485837,0.0435148356485837,0.0435148356485837
0.379892013907447,0.379892013907447,0.379892013907447,0.379892013907447,0.544169641543099,0.544169641543099,0.544169641543099,0.544169641543099,0.544169641543099,0.544169641543099,0.544169641543099,0.544169641543099,0.367344003757073,0.367344003757073,0.367344003757073,0.367344003757073,0.0330049180992225,0.0330049180992225,0.0330049180992225,0.0330049180992225
-0.171029272774426,-0.171029272774426,-0.171029272774426,-0.171029272774426,0.283189687921957,0.283189687921957,0.283189687921957,0.283189687921957,0.283189687921957,0.283189687921957,0.283189687921957,0.283189687921957,0.499886865028533,0.499886865028533,0.499886865028533,0.499886865028533,0,0,0,0
0.765944409567813,0.765944409567813,0.765944409567813,0.765944409567813,0.765944409567813,0.765944409567813,0.765944409567813,0.765944409567813,0.765944409567813,0.765944409567813,0.765944409567813,0.765944409567813,0.583852275690275,0.583852275690275,0.583852275690275,0.583852275690275,0.13201967239689,0.13201967239689,0.13201967239689,0.13201967239689
0.596446640352631,0.596446640352631,0.596446640352631,0.596446640352631,0.636883700715521,0.636883700715521,0.636883700715521,0.636883700715521,0.636883700715521,0.636883700715521,0.636883700715521,0.636883700715521,0.556009579989741,0.556009579989741,0.556009579989741,0.556009579989741,0.0108153939063879,0.0108153939063879,0.0108153939063879,0.0108153939063879
0.596446640352631,0.596446640352631,0.596446640352631,0.596446640352631,0.596446640352631,0.596446640352631,0.596446640352631,0.596446640352631,0.636883700715521,0.636883700715521,0.636883700715521,0.636883700715521,0.556009579989741,0.556009579989741,0.556009579989741,0.556009579989741,0.0108153939063879,0.0108153939063879,0.0108153939063879,0.0108153939063879
0.470588603862453,0.670839073591157,0.670839073591157,0.670839073591157,0.550688791753935,0.670839073591157,0.670839073591157,0.710889167536898,0.570713838726805,0.670839073591157,0.670839073591157,0.710889167536898,0.610763932672546,0.610763932672546,0.650814026618287,0.630788979645416,0.460611482123646,0.482035271989863,0.482035271989863,0.482035271989863
0.610763932672546,0.710889167536898,0.690864120564027,0.690864120564027,0.610763932672546,0.630788979645416,0.690864120564027,0.690864120564027,0.610763932672546,0.630788979645416,0.690864120564027,0.690864120564027,0.670839073591157,0.770964308455509,0.750939261482638,0.750939261482638,0.460611482123646,0.546306641588511,0.524882851722295,0.524882851722295
0.730914214509768,0.670839073591157,0.770964308455509,0.770964308455509,0.650814026618287,0.670839073591157,0.690864120564027,0.770964308455509,0.650814026618287,0.670839073591157,0.770964308455509,0.770964308455509,0.690864120564027,0.811014402401249,0.811014402401249,0.811014402401249,0.482035271989863,0.589154221320943,0.610578011187159,0.610578011187159
0.0544637751187874,0.0544637751187874,0.0544637751187874,0.0544637751187874,0.199581563753057,0.199581563753057,0.199581563753057,0.199581563753057,0.0451753951452626,0.0451753951452626,0.0451753951452626,0.0451753951452626,-0.0451753951452626,-0.0451753951452626,-0.0451753951452626,-0.0451753951452626,-0.2,-0.2,-0.2,-0.2
0,0,0,0,0.273048802114051,0.273048802114051,0.273048802114051,0.273048802114051,0.177997663795994,0.177997663795994,0.177997663795994,0.177997663795994,0.088998831897997,0.088998831897997,0.088998831897997,0.088998831897997,-0.140719508946058,-0.140719508946058,-0.140719508946058,-0.140719508946058
0.15628391946203,0.15628391946203,0.15628391946203,0.15628391946203,0.454858826147342,0.454858826147342,0.454858826147342,0.454858826147342,0.521749194749951,0.521749194749951,0.521749194749951,0.521749194749951,0.124232336649472,0.124232336649472,0.124232336649472,0.124232336649472,-0.142857142857143,-0.142857142857143,-0.142857142857143,-0.142857142857143
-0.188919773360781,-0.166052791038768,0.0115102313879033,0.149478497615644,-0.04400655746563,0.124554798650389,0.114807786698944,0.149478497615644,-0.04400655746563,0.124554798650389,0.114807786698944,0.149478497615644,0.121772046761763,0.121772046761763,0.121772046761763,0.121772046761763,-0.182036410923641,-0.182036410923641,-0.182036410923641,-0.182036410923641
-0.22996655275195,0.0202278348515684,0.507545921325376,0.549841414769158,0.129944424547263,0.283189687921957,0.507545921325376,0.549841414769158,0.129944424547263,0.283189687921957,0.504308361101542,0.549841414769158,0.297874652607464,0.297874652607464,0.297874652607464,0.297874652607464,-0.098058067569092,-0.098058067569092,-0.098058067569092,-0.098058067569092
-0.229778328111717,0.286086882160792,0.592018105207268,0.634298604992858,0.151415514689431,0.303277952721677,0.586337375261908,0.634298604992858,0.153273443270001,0.303277952721677,0.586337375261908,0.634298604992858,0.354746255773062,0.354746255773062,0.354746255773062,0.354746255773062,0,0,0,0
0,0,0,0,0,0,0,0,0.867753624173824,0.867753624173824,0.867753624173824,0.867753624173824,0.342458647102969,0.342458647102969,0.342458647102969,0.342458647102969,0.600030002250188,0.600030002250188,0.600030002250188,0.600030002250188
