0.943	1.067	0.710	1.017	0.617	1.000	0.993	1.233	0.650	1.326	0.967	1.076	0.993	1.417	0.993	
0.367	0.942	0.692	1.183	1.492	0.783	1.650	0.742	1.108	1.200	1.192	1.358	0.658	0.567	1.067	
1.100	1.283	0.500	2.517	0.833	0.667	0.700	0.917	0.550	1.150	0.467	1.283	0.950	1.033	1.050	
0.725	1.160	1.093	1.135	0.367	1.043	1.335	0.975	0.525	0.960	1.067	1.258	1.993	0.375	0.992	
0.926	1.300	0.876	0.750	0.843	0.676	1.300	0.933	0.560	1.033	1.143	1.117	1.683	0.876	0.983	
0.726	0.726	1.033	1.417	0.760	1.083	1.450	0.783	0.450	0.533	1.226	1.176	1.126	1.200	1.310	
0.950	1.260	0.783	1.217	0.767	1.783	0.760	1.117	1.200	0.476	1.450	1.293	0.926	0.510	0.510	
0.819	0.760	0.393	1.650	0.760	0.310	1.710	1.067	1.010	0.733	1.626	1.102	0.869	1.033	1.160	
0.542	0.760	0.885	1.685	0.976	1.710	0.742	1.475	1.317	0.200	1.158	1.158	0.708	0.760	0.926	
0.726	1.517	1.317	0.583	0.902	0.700	0.900	1.060	0.810	1.393	0.986	0.869	1.517	0.702	1.019	
0.700	1.417	1.167	1.210	0.983	0.643	1.800	1.202	0.876	0.986	0.702	0.793	0.902	0.767	0.852	
1.067	0.992	0.533	2.400	1.275	1.100	0.658	0.567	1.117	1.225	0.125	0.825	1.150	0.692	1.275	
1.200	0.742	0.625	2.150	0.292	1.283	0.708	0.825	0.658	1.400	0.875	0.333	1.500	1.450	0.958	
1.283	0.933	0.867	1.267	1.283	1.067	0.533	1.267	0.783	0.600	0.817	1.067	0.983	1.183	1.067	
0.767	0.667	0.893	0.700	1.036	1.152	1.517	0.843	1.036	0.676	1.433	0.952	1.260	1.343	0.726	
0.510	1.335	0.700	1.135	1.635	0.952	0.310	1.686	1.301	0.435	1.652	0.700	1.168	0.492	0.992	
1.043	0.676	1.376	0.733	0.750	1.010	1.033	0.667	1.067	0.900	0.876	1.483	1.310	1.317	0.760	
0.533	0.933	0.817	0.950	1.350	1.017	1.500	0.500	1.267	0.817	1.033	0.767	1.300	1.200	1.017	
0.760	0.993	1.183	1.017	0.783	1.067	1.433	1.476	1.117	0.960	0.917	0.743	0.417	1.176	0.960	
1.033	1.300	0.983	1.183	1.083	1.183	0.817	0.983	0.733	1.150	0.650	1.317	1.067	0.533	0.983	
0.685	0.801	0.593	1.200	1.492	0.983	1.018	0.817	0.983	0.792	1.626	1.135	0.992	1.218	0.667	
0.417	1.067	1.233	0.876	1.126	1.460	0.876	1.976	1.000	1.043	1.176	0.983	0.167	0.783	0.817	
0.843	0.518	0.793	1.833	0.900	0.768	0.775	1.075	0.876	1.025	0.975	1.733	0.918	0.975	0.993	
1.376	0.917	1.267	1.433	1.260	0.893	1.567	0.843	0.833	0.676	0.750	0.726	0.950	0.867	0.643	
1.617	1.010	0.760	0.843	0.786	1.567	0.843	1.186	0.817	0.793	1.043	0.786	1.067	0.793	1.093	
0.910	0.926	0.867	1.417	1.210	1.300	1.243	1.043	0.983	0.817	1.050	0.450	0.960	1.067	0.760	
1.819	1.433	0.843	0.685	0.968	1.043	1.418	0.518	0.450	1.385	0.718	1.176	0.525	1.061	0.960	
0.795	0.617	1.319	1.243	0.952	0.510	1.093	0.786	0.652	1.469	1.543	2.093	1.310	0.476	0.143	
0.983	0.575	0.533	1.710	0.968	1.225	0.858	0.942	0.926	0.893	0.900	0.635	1.310	1.475	1.068	
1.150	0.533	1.093	0.710	1.500	1.033	1.117	1.667	1.093	0.583	0.810	1.267	1.426	0.476	0.543	
0.650	0.983	0.817	1.217	0.933	1.267	1.350	1.017	0.967	0.833	0.900	1.067	1.150	0.783	1.067	
1.050	1.067	0.850	1.017	0.850	1.050	0.967	0.967	1.250	1.100	1.050	1.017	0.817	0.850	1.100	
0.726	0.810	1.083	1.283	0.500	0.617	1.393	1.283	1.000	0.810	0.750	1.226	0.843	1.500	1.176	
1.117	0.833	0.833	1.367	0.900	1.260	1.093	0.817	0.760	0.793	1.060	1.483	0.643	1.226	0.817	
1.643	0.726	1.743	1.501	0.710	0.926	0.661	1.251	0.851	0.992	0.726	0.968	0.835	0.542	0.926	
0.736	0.676	1.412	0.629	1.926	0.736	0.986	1.319	1.436	0.726	0.876	1.336	0.986	0.879	0.343	
1.260	0.510	1.067	1.117	0.817	0.783	1.317	0.960	1.650	0.843	1.093	1.367	0.817	0.726	0.676	
1.233	0.536	1.150	1.676	0.810	1.186	1.460	0.643	0.900	0.726	1.093	0.876	0.910	1.236	0.567	
0.492	0.700	0.492	1.242	0.742	1.408	1.117	1.900	0.658	1.933	1.033	1.208	0.525	1.025	0.525	
1.117	1.250	0.893	1.210	0.543	0.567	0.767	0.743	1.143	0.926	1.517	1.350	1.243	1.167	0.567	
1.250	0.367	1.243	1.460	1.233	1.233	0.367	0.560	1.460	0.867	0.900	1.093	1.450	0.643	0.876	
1.143	0.876	0.367	1.543	0.676	1.619	0.510	1.217	1.293	1.460	0.926	1.260	0.710	0.843	0.560	
1.183	1.150	0.767	1.183	1.250	1.067	1.450	0.767	1.033	0.900	1.033	0.933	0.617	1.100	0.567	
1.233	1.410	0.843	0.876	1.100	1.186	0.902	1.133	0.700	1.043	0.843	0.593	0.852	1.543	0.743	
1.167	1.093	0.533	1.533	1.176	1.060	0.867	0.676	0.710	1.333	0.510	1.250	1.093	1.267	0.733	
0.567	0.367	1.676	1.185	1.325	0.792	0.710	1.518	0.742	0.575	1.208	1.200	0.760	1.260	1.118	
1.126	1.200	1.250	0.733	0.567	1.093	1.210	0.743	0.850	1.517	1.300	0.950	0.593	0.893	0.976	
0.733	1.767	0.450	0.525	1.183	1.308	1.025	1.017	0.933	0.492	1.192	1.158	1.192	1.000	1.025	
1.250	1.100	0.817	1.117	0.767	1.017	1.033	0.767	0.900	1.300	0.983	0.850	1.067	1.017	1.017	
0.452	0.902	0.700	1.379	1.071	0.902	0.736	1.269	1.876	0.643	1.410	0.571	1.543	0.786	0.760	
0.652	1.286	0.619	1.043	1.426	0.533	1.567	1.417	0.533	1.733	1.233	0.952	1.119	0.343	0.543	
1.567	1.733	0.617	0.510	0.893	1.250	0.810	0.476	1.343	0.867	1.317	1.350	0.476	1.093	0.700	
1.442	0.543	0.583	0.911	0.950	0.793	0.768	1.475	1.186	0.777	1.069	1.636	1.292	0.742	0.835	
0.793	0.950	1.326	1.043	1.043	1.660	0.869	0.843	1.167	1.326	0.617	0.852	0.393	1.136	0.983	
1.261	0.769	0.961	2.108	1.844	0.611	1.061	1.108	0.736	0.942	0.653	0.575	0.875	0.561	0.933	
0.876	0.843	0.900	0.643	1.567	1.043	0.983	1.093	1.283	0.617	1.160	0.900	1.243	1.117	0.733	
0.867	1.267	1.283	0.667	1.067	1.283	1.033	1.167	1.200	1.333	1.117	0.733	0.700	0.617	0.667	
1.117	0.833	0.567	0.976	1.093	1.260	0.976	0.667	1.000	0.726	1.283	1.226	1.400	0.417	1.460	
1.117	0.500	1.333	0.867	1.267	0.617	1.450	1.200	0.833	1.283	1.117	0.733	1.150	0.917	0.617	
1.233	0.910	0.817	0.950	0.983	0.783	1.817	0.750	1.043	1.283	0.476	0.810	1.210	1.176	0.760	
0.817	0.435	1.042	0.851	0.450	1.226	1.268	1.950	1.083	1.085	1.400	1.135	1.135	0.750	0.375	
0.978	0.533	0.967	1.344	0.728	0.817	1.017	1.883	1.178	1.294	0.450	0.978	0.678	1.011	1.144	
1.283	1.976	0.510	0.310	1.143	1.167	1.319	0.783	0.619	1.476	0.726	0.676	1.476	0.310	1.226	
1.001	0.500	0.993	1.368	1.033	0.850	1.292	0.733	1.093	0.775	1.025	1.560	0.968	0.868	0.942	
1.326	0.167	0.567	1.126	0.943	1.310	1.019	1.126	0.960	2.043	0.910	0.743	0.910	1.319	0.533	
0.692	0.975	0.518	0.926	1.743	1.225	1.858	0.767	1.343	0.960	1.100	0.718	0.892	0.343	0.942	
1.226	0.976	1.117	1.210	0.926	0.783	0.733	1.233	0.833	1.150	0.833	0.676	1.650	1.260	0.393	
1.250	0.450	0.876	1.126	0.867	1.310	1.383	1.400	0.533	0.750	1.010	1.067	1.010	1.210	0.760	
0.950	1.200	0.450	1.283	0.750	1.067	1.183	1.117	1.233	1.150	0.817	1.283	0.950	0.783	0.783	
0.593	1.100	1.267	0.910	0.710	1.176	0.767	0.876	1.067	1.550	0.650	1.033	1.233	0.910	1.160	
0.833	1.367	0.833	0.833	1.200	1.000	0.700	1.333	0.667	1.250	1.283	0.500	0.700	1.250	1.250	
0.986	0.902	1.069	0.876	0.593	0.902	1.633	0.700	0.819	0.960	1.660	0.819	1.710	0.286	1.086	
0.725	0.885	1.126	0.767	1.576	1.442	0.792	0.500	1.183	0.968	0.843	0.885	1.425	1.268	0.617	
0.517	0.793	0.467	2.460	0.800	1.150	0.933	1.583	0.443	1.050	0.743	0.960	0.793	0.943	1.367	
0.667	1.036	0.976	0.926	0.500	0.583	1.236	1.343	1.450	0.652	1.500	0.833	0.952	1.202	1.143	
0.367	1.018	0.625	0.708	0.817	1.525	0.468	0.833	1.268	1.393	0.635	1.992	1.551	0.560	1.242	
0.543	1.410	1.350	0.760	1.426	0.843	1.333	0.726	0.902	0.617	0.710	1.626	0.810	1.093	0.852	
0.978	0.528	1.028	1.261	1.917	0.978	0.850	1.261	0.617	0.850	0.817	0.817	1.144	0.978	0.978	
0.867	1.150	1.033	1.233	0.817	1.200	0.817	0.783	1.000	0.700	1.200	1.167	0.850	1.283	0.900	
0.200	1.067	0.560	1.433	1.226	0.867	0.900	0.983	1.160	1.676	1.076	1.210	1.433	0.843	0.367	
0.869	0.867	1.293	1.293	1.510	0.700	1.019	1.376	1.200	0.843	0.976	1.019	0.250	1.110	0.676	
0.533	1.433	1.100	0.867	0.960	0.676	1.126	0.960	1.433	1.150	1.060	1.210	0.867	1.043	0.583	
1.143	0.510	0.926	1.510	1.692	0.817	1.158	0.268	0.742	0.858	1.960	0.533	1.092	1.301	0.492	
1.208	0.367	0.768	1.551	0.875	0.976	1.060	0.792	1.551	1.367	1.542	1.301	0.750	0.643	0.250	
0.926	0.736	0.750	1.350	0.876	1.567	1.010	0.843	1.633	0.902	0.726	0.760	1.210	0.810	0.902	
0.810	0.750	1.593	0.667	1.458	0.825	0.685	0.768	1.375	1.042	1.268	0.760	1.301	0.750	0.950	
1.694	0.528	1.278	1.254	1.976	0.587	0.560	0.694	1.361	0.833	0.810	0.587	1.194	0.893	0.750	
1.385	0.417	0.525	1.926	1.436	0.976	1.143	0.768	0.617	1.268	0.601	1.426	0.601	0.935	0.977	
0.935	0.367	0.983	1.176	1.876	0.268	0.801	1.408	1.275	0.968	1.725	0.676	1.267	0.658	0.617	
0.567	0.908	0.650	1.283	1.308	0.817	0.492	1.192	1.767	0.992	0.708	1.158	0.825	0.983	1.350	
1.083	1.275	0.575	1.817	0.617	1.058	0.858	1.075	1.225	0.958	1.317	0.617	0.492	1.033	1.000	
0.967	0.967	0.493	2.160	1.667	0.667	1.600	0.833	0.843	0.200	1.067	0.776	1.010	1.110	0.643	
1.017	1.217	0.400	1.300	1.100	1.183	0.983	0.900	1.217	0.983	0.983	0.800	0.783	1.317	0.817	
1.100	1.010	0.567	1.460	0.767	0.767	1.150	1.467	0.993	1.067	1.043	1.376	0.993	0.476	0.767	
0.767	0.400	0.652	1.493	1.036	0.993	1.093	0.960	1.410	1.293	0.743	0.743	1.260	1.450	0.710	
1.143	0.652	0.833	1.410	1.186	0.817	1.376	0.876	1.060	0.983	1.243	0.952	0.733	1.060	0.676	
1.317	1.117	1.367	0.950	1.000	0.700	1.283	0.700	0.500	1.400	0.867	1.367	0.867	0.833	0.733	
1.150	0.583	0.733	0.817	1.267	1.367	1.317	0.833	1.400	0.950	0.533	0.950	1.033	1.117	0.950	
1.300	1.100	0.700	1.033	1.033	1.317	1.317	0.933	0.567	0.567	1.217	0.567	1.183	1.067	1.100	
0.950	0.917	0.500	1.150	1.483	0.750	0.750	1.117	0.783	1.317	1.233	0.950	0.867	1.283	0.950	
1.200	0.817	1.017	1.267	1.233	0.950	1.267	0.817	1.017	0.817	0.767	1.117	1.033	0.867	0.817	
1.433	0.960	0.960	1.400	0.943	0.710	1.193	0.926	1.193	1.510	1.152	0.819	0.250	1.152	0.400	
1.133	1.233	1.017	1.100	0.867	0.983	1.183	0.783	1.233	1.117	0.817	0.867	1.050	0.600	1.017	
0.601	0.452	1.018	0.525	1.236	0.767	1.910	1.351	1.260	0.827	0.768	1.983	0.343	1.442	0.518	
1.243	0.417	1.110	1.100	1.817	0.900	1.517	1.010	0.983	0.876	1.033	0.910	0.510	0.343	1.233	
0.500	0.983	1.043	1.260	1.626	1.150	0.933	0.817	1.483	0.843	0.726	0.543	0.333	1.110	1.650	
1.017	0.567	0.900	0.733	0.617	1.400	1.183	1.350	1.133	0.967	1.017	1.150	0.933	1.067	0.967	
1.293	0.543	1.117	0.867	1.517	0.793	1.233	0.960	1.017	0.817	0.817	1.193	0.817	0.876	1.143	
0.992	0.792	0.692	1.208	1.767	1.208	0.783	0.867	1.075	0.950	0.492	0.783	1.208	1.367	0.817	
0.310	0.743	1.136	1.386	1.310	1.783	1.083	1.493	0.893	0.893	0.367	0.686	0.726	0.793	1.400	
1.217	1.750	0.617	0.742	0.942	1.108	0.908	1.000	0.875	0.992	0.725	0.950	1.400	0.958	0.817	
0.593	0.986	0.643	0.852	0.843	0.700	0.700	0.643	1.352	0.902	1.402	1.576	1.252	1.460	1.095	
1.025	1.067	1.025	1.150	1.633	0.925	0.617	0.825	1.492	0.950	0.742	0.767	0.617	1.225	0.942	
0.825	0.510	1.301	1.226	0.567	1.358	1.343	1.760	0.742	0.700	0.492	0.875	1.118	1.018	1.167	
1.267	1.042	0.617	1.308	0.658	1.933	0.900	0.658	0.692	0.983	0.625	1.067	1.042	1.350	0.858	
0.867	1.010	1.052	0.986	1.326	1.517	0.367	0.902	0.652	0.900	0.733	1.376	1.176	1.660	0.476	
1.242	0.917	0.700	1.067	2.033	1.117	0.692	0.658	0.833	1.408	0.292	0.658	1.075	1.158	1.150	
1.200	0.543	1.168	1.625	0.760	1.125	1.125	0.793	0.817	1.660	0.668	0.825	1.075	0.843	0.775	
1.176	1.210	0.652	0.650	1.136	1.760	0.629	0.986	1.336	1.260	0.819	1.460	0.986	0.343	0.600	
1.067	1.400	0.983	0.850	0.950	0.950	1.000	0.617	1.133	0.833	0.817	1.167	1.267	0.783	1.183	
0.333	1.019	0.733	1.433	1.376	1.210	0.733	1.010	1.543	0.343	1.276	1.319	0.910	0.819	0.943	
1.178	0.278	0.867	0.728	2.250	0.728	0.867	1.117	1.394	1.178	0.778	0.861	1.033	0.761	0.983	
0.876	0.983	0.676	1.467	1.183	0.967	1.100	0.367	0.926	0.393	1.010	0.933	1.243	1.160	1.717	
1.083	0.500	0.658	1.750	1.200	0.742	1.158	0.958	0.908	1.158	1.700	1.158	0.583	1.025	0.417	
1.210	1.293	0.593	1.317	1.017	0.876	1.567	1.067	0.867	0.760	0.893	1.043	0.867	1.100	0.533	
1.060	1.210	1.093	1.450	0.533	0.976	1.433	0.867	0.567	0.583	1.183	1.117	1.343	0.793	0.793	
0.867	1.343	0.760	1.250	0.760	1.583	0.867	0.810	0.786	0.976	0.686	1.617	0.726	0.736	1.236	
0.950	0.510	1.200	1.317	1.143	0.960	0.793	1.350	0.617	1.217	1.683	0.767	0.926	0.893	0.676	
1.017	0.793	1.326	0.817	0.983	1.033	1.733	0.843	1.250	0.593	1.043	0.967	1.150	0.510	0.943	
0.950	0.667	1.417	1.126	1.450	0.976	0.810	1.393	1.343	0.617	0.617	1.200	1.176	0.676	0.583	
0.343	1.150	0.876	1.367	0.733	1.233	1.160	0.926	0.933	1.110	1.817	1.200	0.850	0.760	0.543	
0.600	0.800	1.360	1.150	1.793	1.043	0.852	1.086	1.126	0.200	0.852	0.960	0.743	1.126	1.310	
0.876	0.960	0.867	0.583	0.983	1.260	0.850	1.317	1.483	1.093	1.550	0.950	0.560	0.993	0.676	
0.800	0.667	0.867	2.167	1.117	1.217	1.050	0.650	0.733	1.167	1.067	1.033	0.533	0.800	1.133	
1.392	0.810	1.260	0.533	0.911	1.902	0.742	0.783	0.986	1.218	1.152	0.375	0.827	1.475	0.635	
0.878	1.283	0.678	0.875	0.775	0.942	0.886	2.042	0.886	1.661	0.444	0.450	0.928	1.186	1.086	
0.444	0.833	1.171	1.694	0.893	0.810	1.171	0.310	0.671	0.583	1.278	1.893	0.778	1.694	0.778	
0.658	0.876	0.393	0.950	1.950	1.135	2.033	1.267	1.225	1.010	0.908	0.768	0.518	0.792	0.518	
0.676	0.760	1.010	1.210	1.260	0.952	0.950	1.102	1.483	1.460	0.952	0.733	0.367	0.726	1.360	
0.652	1.283	0.560	1.726	1.450	0.893	0.476	0.726	0.917	1.093	0.869	0.560	1.593	0.726	1.476	
0.518	0.543	1.486	1.361	1.819	1.744	1.101	0.692	0.786	0.635	1.476	0.819	1.161	0.343	0.518	
1.093	0.936	0.879	1.610	0.417	0.986	0.829	0.710	0.393	1.360	1.379	1.467	1.150	0.952	0.843	
1.017	0.367	0.542	1.633	0.583	0.892	1.033	1.350	0.908	0.892	1.192	1.750	0.658	0.858	1.325	
0.536	0.952	0.619	1.236	0.976	1.352	1.543	0.560	0.926	0.643	1.760	0.893	0.845	1.260	0.900	
0.850	0.850	1.193	0.960	0.710	1.043	1.417	1.143	1.010	0.850	1.067	1.093	1.067	0.850	0.900	
0.908	0.892	1.158	0.992	1.483	1.067	1.300	0.492	2.017	1.092	0.867	0.825	0.583	0.458	0.867	
1.210	1.660	0.850	0.810	0.825	1.658	1.085	1.067	0.476	1.075	0.935	0.668	0.992	0.950	0.742	
0.819	0.560	0.902	1.433	2.043	1.210	0.843	0.876	0.167	0.960	1.517	1.000	0.760	1.186	0.726	
0.793	1.017	0.676	0.960	1.433	0.667	1.243	0.900	0.976	1.517	0.983	0.983	1.093	0.943	0.817	
0.825	0.510	0.676	1.652	1.018	0.792	0.635	0.650	0.676	1.286	1.036	1.525	1.218	1.027	1.475	
0.542	1.000	1.025	0.950	1.683	0.892	1.233	0.867	1.192	0.908	1.225	1.075	1.192	0.567	0.650	
1.117	0.583	1.200	1.210	0.533	1.176	0.500	1.176	1.076	1.367	1.117	1.343	0.843	0.760	1.000	
0.833	0.560	0.843	0.976	1.750	1.426	0.593	0.310	1.176	0.786	1.236	1.010	0.810	1.650	1.043	
1.376	0.250	1.117	1.510	0.736	0.733	1.093	1.102	0.510	0.736	1.533	0.910	1.176	1.293	0.926	
1.260	0.617	1.043	1.267	0.617	1.010	1.010	0.617	0.867	1.060	1.510	1.310	0.500	1.000	1.317	
2.110	0.600	1.043	1.326	1.061	1.126	0.678	0.871	0.454	1.044	1.544	0.587	1.144	0.700	0.711	
0.676	0.926	0.567	1.433	1.036	1.293	1.293	1.900	0.843	0.343	1.126	0.926	1.393	0.686	0.560	
1.358	0.825	1.401	0.885	0.710	1.769	0.792	0.533	0.861	0.852	1.286	1.368	0.518	0.843	1.000	
1.283	1.228	0.811	1.067	0.861	2.033	0.617	0.900	0.928	0.728	0.728	1.033	0.761	1.211	0.811	
1.200	0.900	0.867	1.033	1.150	1.150	0.650	1.150	1.367	1.217	0.917	0.617	0.833	1.033	0.917	
0.760	0.700	0.793	1.483	1.400	0.950	1.067	0.843	0.926	1.210	0.817	0.976	1.117	0.667	1.293	
1.108	1.426	0.843	0.908	0.792	0.700	1.660	0.875	0.810	1.408	0.700	1.251	0.742	0.968	0.810	
0.652	0.850	0.886	1.200	1.600	0.986	1.043	1.017	0.593	1.600	0.926	1.043	1.136	0.876	0.593	
0.852	0.652	0.533	1.600	1.260	1.176	1.402	1.143	0.767	1.650	0.310	0.543	1.343	1.093	0.676	
1.000	0.650	1.217	1.117	1.283	0.800	0.917	0.783	0.983	1.350	1.300	1.167	0.983	0.533	0.917	
0.867	0.850	1.069	0.867	1.186	1.093	1.043	0.893	1.243	0.760	0.643	1.010	1.326	1.510	0.643	
0.892	0.310	0.718	1.910	1.751	0.936	1.410	1.501	0.810	1.017	0.918	0.661	0.811	0.458	0.900	
1.225	0.725	0.575	1.075	0.533	1.126	1.117	1.093	0.510	1.376	1.876	1.558	0.885	0.468	0.858	
0.933	0.650	2.233	0.325	1.142	0.792	1.158	0.625	1.192	1.033	0.325	1.292	1.217	0.867	1.217	
0.867	0.843	0.950	0.676	0.617	1.317	1.493	1.317	1.260	1.426	1.126	0.333	1.033	1.376	0.367	
0.875	0.942	1.200	0.900	1.817	1.108	0.867	1.075	0.983	0.575	0.500	0.983	1.108	1.408	0.658	
1.242	0.742	0.867	0.992	1.083	1.567	0.700	0.708	1.192	1.108	1.308	0.600	1.233	0.667	0.992	
0.926	0.867	1.593	0.583	0.500	0.726	0.917	1.117	1.317	1.176	1.393	1.367	0.676	1.310	0.533	
0.733	1.600	1.317	1.260	1.150	1.176	1.033	0.843	1.093	0.726	0.510	1.093	1.283	0.450	0.733	
1.293	0.593	1.150	0.876	0.733	0.750	1.450	0.676	1.176	0.917	1.033	0.917	1.033	1.160	1.243	
0.692	0.367	0.658	1.075	0.533	1.593	0.533	1.518	1.543	1.492	0.310	1.135	1.310	0.992	1.251	
0.310	1.267	1.033	1.692	0.417	0.935	0.801	0.417	0.643	1.742	1.493	1.492	0.908	1.018	0.835	
0.976	1.293	0.976	1.126	0.750	0.817	1.400	0.710	1.160	0.983	1.150	0.817	1.200	0.733	0.910	
0.593	1.243	1.393	1.743	0.393	1.333	1.019	0.993	0.817	0.993	0.910	0.910	0.943	0.960	0.760	
1.900	0.867	0.583	0.658	1.367	1.375	0.867	1.575	0.292	0.742	1.033	0.908	0.942	1.142	0.750	
0.933	0.950	1.150	1.050	1.300	0.733	0.500	0.933	0.967	0.650	1.017	1.150	1.350	1.383	0.933	
1.843	1.000	1.067	0.904	1.011	1.037	0.844	0.654	0.700	1.494	0.987	0.650	1.228	0.543	1.037	
0.593	1.250	0.643	1.036	1.143	1.476	1.010	1.036	0.417	1.093	1.167	1.593	1.510	0.643	0.393	
1.417	0.867	1.200	0.533	1.343	0.567	0.583	1.126	1.000	1.376	0.510	0.643	1.510	1.210	1.117	
1.100	1.400	1.210	0.767	1.010	1.683	0.643	0.733	1.010	1.010	0.310	0.817	0.983	1.510	0.817	
0.458	1.075	0.700	1.283	0.525	1.158	1.025	1.692	0.992	1.225	1.808	0.833	0.908	0.775	0.542	
0.643	0.700	1.426	0.500	0.733	1.260	1.617	0.510	1.083	1.126	1.200	1.317	0.843	1.033	1.010	
0.700	0.710	1.126	1.243	1.350	0.900	1.426	1.043	0.700	1.100	1.017	1.067	0.617	1.126	0.876	
1.150	0.783	0.167	2.033	1.117	0.917	0.733	0.817	1.000	0.783	1.233	1.083	1.150	1.283	0.750	
0.700	0.843	0.936	1.386	1.176	0.543	0.843	1.386	1.043	0.850	1.069	0.876	0.869	1.012	1.469	
0.310	0.567	0.869	1.433	1.310	0.952	0.702	1.236	1.510	1.650	0.367	1.233	0.667	1.436	0.760	
1.500	1.400	1.150	1.450	1.043	0.960	0.733	0.960	0.710	0.583	0.850	0.993	0.900	0.760	1.010	
0.676	1.136	0.726	1.650	1.293	0.833	1.186	1.036	0.893	1.067	0.700	0.619	1.000	0.652	1.533	
0.787	0.536	0.563	1.894	1.678	2.102	1.021	0.278	1.567	1.111	0.486	0.871	1.060	0.393	0.654	
0.650	0.543	0.668	1.283	1.552	1.368	0.668	1.075	1.685	0.911	0.200	0.876	1.418	1.036	1.068	
0.743	0.793	1.386	1.043	1.793	0.743	0.936	0.986	1.436	0.736	1.093	1.386	1.043	0.686	0.200	
1.242	0.760	1.301	0.710	1.310	1.260	0.726	0.935	1.135	1.801	0.601	0.268	0.333	1.769	0.851	
0.733	1.100	0.976	0.817	1.433	1.260	1.243	0.450	1.010	1.017	0.833	0.760	1.176	0.876	1.317	
0.992	0.625	1.135	1.135	1.067	1.760	0.575	1.085	0.976	0.825	1.325	0.783	0.843	0.700	1.176	
0.926	1.293	0.760	0.976	1.000	0.810	0.893	1.293	1.750	0.652	1.617	0.476	0.736	0.560	1.260	
0.843	0.783	0.867	1.850	1.233	1.033	0.643	0.900	1.150	1.233	1.460	0.926	1.010	0.310	0.760	
1.326	1.310	0.200	1.126	1.917	0.676	1.460	0.650	0.819	0.710	0.676	1.160	1.176	0.952	0.843	
1.326	0.510	1.433	1.126	0.819	0.760	1.200	1.236	0.643	1.626	1.010	0.567	1.069	0.783	0.893	
1.125	1.351	1.208	0.867	0.783	0.476	1.101	0.635	0.867	2.260	1.458	1.185	0.125	0.833	0.726	
0.650	0.593	1.443	0.926	1.069	0.786	1.469	1.076	1.069	1.610	0.829	0.486	1.019	0.993	0.983	
0.567	1.660	0.910	0.843	0.593	1.443	0.936	0.993	0.486	0.993	1.260	1.376	1.043	0.767	1.133	
0.617	1.067	1.600	1.010	0.793	1.043	0.976	1.383	0.760	0.793	0.893	1.017	1.300	0.983	0.767	
0.560	0.728	0.871	1.483	1.461	0.817	1.671	0.694	1.910	0.200	1.154	0.811	1.067	0.704	0.871	
0.743	0.710	1.460	1.593	0.893	1.136	1.293	1.250	0.952	0.760	0.536	0.900	1.033	0.650	1.093	
0.867	0.983	0.917	0.783	1.233	1.400	0.750	0.983	1.233	1.033	0.750	0.867	0.733	1.317	1.150	
1.233	0.333	0.867	1.200	0.950	1.117	1.400	0.900	0.667	1.533	1.483	0.950	0.783	0.833	0.750	
0.560	0.478	1.311	2.353	1.935	0.435	1.186	1.671	1.060	0.528	0.736	1.236	0.635	0.736	0.143	
1.283	1.300	1.067	0.867	1.217	0.767	1.167	1.100	0.567	0.983	0.600	1.250	1.033	0.600	1.200	
0.993	0.543	1.067	1.150	1.276	1.010	0.876	1.600	1.100	0.510	1.117	1.193	0.850	0.850	0.867	
1.626	0.510	1.510	0.510	1.317	0.700	1.376	0.952	0.476	1.069	1.010	1.426	1.176	0.700	0.643	
1.017	1.100	0.933	1.067	1.000	1.183	1.050	1.217	0.983	0.800	0.600	0.850	1.217	1.200	0.783	
1.267	0.760	0.876	1.383	1.000	0.617	0.600	0.993	0.817	1.326	1.043	1.243	0.960	0.967	1.150	
1.411	1.600	0.567	0.730	2.243	0.930	0.587	0.644	1.152	0.786	1.130	0.533	1.321	0.444	0.921	
1.776	0.700	0.933	1.201	0.868	1.025	0.525	0.658	1.001	1.051	1.100	0.650	1.292	1.126	1.093	
0.567	1.260	1.152	1.019	1.010	0.400	0.783	0.933	1.286	1.276	1.069	1.267	0.643	1.410	0.926	
0.733	1.200	0.676	1.450	0.533	1.283	1.010	1.343	1.376	1.310	0.700	0.810	0.700	1.067	0.810	
1.033	0.983	1.043	1.010	1.243	0.510	1.467	0.767	0.983	1.483	0.876	0.843	0.500	1.343	0.917	
0.567	0.619	0.767	1.126	1.043	1.567	1.510	1.186	0.510	0.593	1.093	0.960	1.550	0.843	1.069	
0.767	1.133	1.017	1.067	0.983	1.483	0.567	0.333	1.300	0.767	1.033	0.900	1.517	1.233	0.900	
1.017	0.567	0.710	1.093	1.150	1.293	1.267	0.710	1.233	0.993	0.710	1.100	0.600	1.043	1.517	
0.343	1.793	0.900	0.875	1.042	0.518	0.851	1.210	0.700	0.817	1.250	1.275	1.875	1.118	0.435	
0.783	1.117	0.583	0.733	1.117	0.950	1.317	1.033	1.183	1.200	1.117	0.700	1.283	1.233	0.650	
1.319	1.093	0.876	1.567	1.060	0.676	1.010	0.650	1.243	0.810	1.036	0.667	0.743	0.819	1.433	
0.900	0.900	0.726	1.176	0.733	1.143	0.867	1.126	0.926	1.200	1.567	0.700	0.593	1.317	1.126	
1.117	1.283	0.850	1.010	0.783	0.543	1.210	0.743	0.710	1.650	1.076	0.710	0.983	1.067	1.267	
0.742	1.017	1.600	0.918	0.435	0.926	1.400	2.150	0.542	0.825	1.293	0.835	0.685	1.010	0.625	
0.492	0.850	0.617	0.942	0.975	1.025	1.833	1.000	1.517	0.925	1.067	1.058	1.100	0.825	0.775	
0.900	1.100	1.383	0.917	0.926	0.926	1.217	0.700	0.733	1.060	1.326	0.960	0.710	1.110	1.033	
1.192	0.417	0.333	1.775	1.117	0.867	0.908	0.742	1.358	0.533	1.567	0.792	1.200	1.042	1.158	
1.326	1.376	0.686	1.576	1.176	1.476	0.619	0.643	0.533	0.733	1.293	1.117	0.510	0.926	1.010	
1.108	0.575	0.950	1.300	1.325	0.900	0.908	1.850	0.742	1.075	0.533	0.942	1.150	0.575	1.067	
0.867	0.950	0.811	2.233	0.444	1.350	0.728	1.061	0.894	1.211	0.678	0.778	1.128	0.950	0.917	
0.850	0.960	0.902	1.186	0.917	1.200	0.843	1.176	0.710	0.793	1.543	1.460	0.543	1.183	0.736	
0.868	0.450	1.368	1.061	1.943	0.543	1.010	1.493	0.811	0.468	0.325	0.918	0.968	1.043	1.733	
0.667	1.460	0.926	1.400	1.033	0.583	0.676	0.843	0.786	0.986	0.952	0.593	1.493	1.310	1.293	
0.617	0.950	1.093	1.426	0.760	1.143	0.310	0.976	0.593	1.760	1.260	1.069	0.833	0.976	1.236	
0.567	1.017	1.667	1.308	1.075	1.025	0.783	0.775	0.858	1.192	0.975	1.300	0.400	1.367	0.692	
1.733	0.900	0.800	2.483	0.410	0.800	1.093	0.910	0.610	0.743	0.600	0.967	1.333	0.876	0.743	
1.083	1.417	0.983	0.333	1.150	1.067	1.517	1.150	0.983	0.750	0.817	0.867	0.783	1.250	0.850	
1.400	0.742	0.950	1.101	1.200	1.585	0.792	1.060	0.801	0.875	1.635	0.768	1.000	0.560	0.533	
1.417	0.667	0.750	1.417	0.833	1.250	1.200	0.583	0.917	1.083	0.417	1.200	1.117	0.867	1.283	
0.875	0.950	0.583	1.817	0.792	1.192	1.650	1.358	0.500	0.500	0.908	1.408	1.408	0.767	0.292	
0.593	1.143	0.600	1.010	1.493	1.310	0.933	1.276	1.226	0.869	1.086	0.400	0.869	0.743	1.450	
1.067	1.367	1.217	1.117	1.200	0.617	0.767	0.783	1.000	1.150	0.783	0.900	0.817	1.233	0.983	
1.400	1.367	0.817	1.260	0.960	1.150	1.510	0.926	0.767	0.793	1.083	0.676	1.193	0.733	0.367	
0.583	0.900	0.617	1.450	0.867	1.200	0.733	1.317	1.183	0.783	0.950	1.317	0.917	0.983	1.200	
0.510	0.702	1.260	0.510	1.519	1.119	2.393	0.869	1.210	1.376	0.726	0.143	0.652	0.619	1.393	
0.950	0.542	0.710	1.275	0.908	1.760	1.468	1.018	1.010	1.317	0.968	0.533	0.685	0.417	1.442	
0.944	1.300	0.928	0.867	0.661	2.111	2.200	0.500	0.311	0.661	0.950	1.311	0.911	0.333	1.011	
1.392	0.625	0.858	1.876	0.801	0.542	1.010	0.825	0.900	1.358	1.326	1.093	0.617	0.935	0.843	
1.376	0.983	0.733	1.067	0.933	0.843	0.476	1.210	1.200	1.160	1.617	0.876	1.267	0.667	0.593	
1.475	0.750	0.525	0.918	1.876	0.851	0.668	0.768	1.150	0.910	0.950	0.692	1.158	1.350	0.960	
1.192	0.835	0.617	1.725	0.393	0.876	0.685	1.693	1.025	1.433	0.942	1.200	0.926	0.918	0.542	
1.426	0.500	1.310	0.676	1.152	1.310	1.000	1.393	0.810	0.976	0.986	1.176	0.667	0.726	0.893	
0.333	1.093	0.843	0.867	1.410	0.817	0.867	0.750	0.983	1.367	1.243	1.483	0.976	1.460	0.510	
0.600	0.910	0.710	1.183	1.183	1.233	0.743	1.210	1.100	0.910	1.500	0.600	0.910	0.960	1.250	
0.567	0.575	0.411	2.000	1.301	0.200	0.977	0.825	1.736	1.027	0.911	1.301	1.352	1.250	0.567	
1.143	0.702	0.726	1.117	1.236	0.619	1.319	1.202	1.286	0.533	1.702	0.810	1.369	0.560	0.676	
0.908	0.975	1.142	1.233	0.650	0.617	0.933	0.742	1.633	1.325	1.025	0.942	1.150	0.733	0.992	
1.567	1.750	0.760	1.069	1.733	0.869	0.893	1.150	0.786	0.667	0.893	0.893	0.560	1.102	0.310	
0.760	0.760	0.793	0.736	1.093	1.493	0.843	0.679	0.417	0.929	1.060	1.436	1.510	0.952	1.543	
0.733	0.960	0.700	1.067	1.433	0.976	1.093	0.876	1.300	0.583	1.210	1.067	1.033	0.710	1.260	
1.233	1.083	0.867	1.283	0.867	0.817	0.950	0.750	1.000	1.317	1.367	0.917	1.183	0.783	0.583	
0.800	1.643	0.343	1.100	1.275	1.775	1.001	1.108	0.993	0.892	0.710	0.468	0.567	1.075	1.251	
1.433	1.483	0.817	0.876	1.083	0.710	1.117	0.733	1.093	1.260	0.793	0.810	1.343	0.583	0.867	
0.767	0.750	1.183	1.033	1.150	1.233	0.733	1.317	1.017	0.917	0.617	0.867	1.067	0.900	1.450	
1.093	0.885	0.668	0.918	1.243	1.225	1.375	1.693	1.185	0.817	0.575	0.950	1.075	0.400	0.900	
0.833	1.200	1.683	0.492	1.192	1.325	1.183	0.692	0.750	1.408	0.942	0.992	0.567	0.700	1.042	
0.800	0.617	0.967	1.200	1.267	0.983	0.650	1.150	1.167	0.983	0.983	1.067	0.983	1.017	1.167	
0.676	1.310	1.736	0.843	1.393	0.817	0.593	1.352	1.436	1.402	0.879	0.736	0.510	1.010	0.310	
1.126	0.733	0.783	0.810	1.143	1.143	1.200	1.367	0.567	0.700	1.400	0.710	1.043	1.243	1.033	
1.217	0.783	1.317	0.817	0.700	0.983	0.933	0.917	1.217	1.567	1.100	0.367	0.767	1.033	1.283	
0.617	0.983	0.793	1.143	0.960	1.383	1.376	0.583	1.350	0.876	0.867	0.733	0.960	1.293	1.083	
1.017	0.961	0.978	1.183	1.300	2.333	0.928	1.000	1.011	0.361	0.878	0.817	0.511	0.761	0.961	
0.600	1.450	0.967	0.710	1.126	1.383	0.617	0.993	0.967	0.910	1.176	0.933	0.910	1.126	1.133	
0.702	0.810	0.869	1.102	1.033	0.617	1.433	1.683	0.976	0.760	0.952	1.733	1.152	0.867	0.310	
0.960	0.967	1.510	1.376	0.733	0.900	0.983	1.300	1.093	1.160	1.293	1.010	0.617	0.367	0.733	
0.817	0.668	0.625	1.926	1.392	0.908	0.768	0.908	0.885	0.742	1.117	0.900	1.243	1.093	1.010	
1.418	1.068	0.833	1.010	1.093	0.611	0.968	0.726	1.636	0.992	1.468	0.733	0.819	0.968	0.658	
0.817	1.100	0.767	0.950	1.267	0.917	1.150	1.500	0.367	1.100	0.617	1.150	1.083	0.900	1.317	
0.492	1.168	1.218	1.667	1.467	1.192	0.767	0.567	1.351	1.135	0.960	1.058	1.051	0.400	0.510	
1.543	1.293	0.917	0.952	1.260	0.893	0.783	0.560	0.702	1.426	0.760	0.926	0.617	1.310	1.060	
0.942	0.967	0.292	1.467	0.933	2.050	1.500	0.858	0.950	0.725	0.942	0.958	0.825	1.092	0.500	
0.676	0.726	0.500	1.267	0.867	0.960	1.083	1.517	0.876	1.210	0.900	1.043	0.993	1.033	1.350	
1.243	0.710	0.686	1.267	0.960	0.510	1.410	1.760	1.093	0.710	1.576	0.910	0.902	1.067	0.200	
0.867	1.292	1.067	1.325	0.450	0.968	1.108	1.093	0.533	1.135	0.533	1.135	1.443	0.918	1.135	
0.743	0.476	1.019	1.343	0.676	1.260	1.343	1.460	0.902	1.343	0.343	0.700	1.660	1.167	0.567	
0.617	1.233	0.900	0.950	1.267	1.317	0.983	0.900	0.600	1.133	1.200	0.733	1.117	0.817	1.233	
0.767	1.467	1.067	1.093	1.043	0.993	0.900	0.850	0.793	1.293	0.817	0.993	1.067	0.760	1.100	
1.102	1.236	0.143	1.986	0.960	1.736	0.560	0.343	1.260	0.843	0.710	1.369	1.069	1.033	0.652	
0.533	0.843	1.160	1.350	0.783	1.210	0.876	1.010	0.667	1.460	1.093	1.083	0.733	1.500	0.700	
0.617	0.867	0.900	0.950	0.843	1.433	1.533	1.067	1.260	0.726	0.843	0.750	1.126	1.010	1.076	
1.350	1.083	0.935	0.685	1.392	0.900	0.718	1.018	0.960	1.475	1.660	0.617	0.992	0.801	0.417	
0.367	0.533	1.317	1.643	1.367	0.333	0.533	1.367	1.060	1.226	1.210	0.843	1.183	0.676	1.343	
0.993	0.643	1.576	0.510	1.433	1.526	0.902	1.017	1.150	0.710	0.760	0.983	0.986	0.936	0.876	
0.908	0.375	1.075	0.892	1.117	1.967	0.817	1.317	1.117	1.142	1.108	0.833	0.900	0.858	0.575	
1.510	0.617	0.867	0.843	0.893	1.043	1.319	0.533	1.367	0.510	0.726	1.286	1.293	1.376	0.819	
0.343	0.543	0.843	1.543	0.910	0.793	1.233	1.019	1.210	0.960	1.017	1.743	1.143	0.736	0.967	
1.076	1.710	1.383	1.683	1.243	1.102	0.652	0.986	0.567	0.200	0.852	0.876	0.343	1.343	0.983	
1.317	0.650	0.833	1.000	0.950	1.167	1.250	1.283	0.567	0.750	1.250	1.150	0.533	1.150	1.150	
1.000	0.817	1.000	0.900	1.150	0.767	1.100	0.967	1.050	0.850	1.067	1.017	1.050	1.300	0.967	
1.067	1.767	0.917	1.158	0.575	0.700	1.158	0.992	0.692	0.900	1.042	0.850	1.233	0.792	1.158	
0.743	1.104	1.178	1.004	0.871	0.837	0.950	1.328	0.926	2.026	0.700	1.161	0.700	0.861	0.611	
0.976	0.643	0.917	1.533	1.283	0.417	1.583	1.117	1.176	0.917	0.726	0.843	0.726	1.226	0.917	
1.658	0.742	1.275	1.460	1.218	0.533	0.343	1.075	1.851	0.167	1.176	0.643	0.958	1.108	0.793	
0.817	0.900	1.117	1.033	1.100	1.150	0.733	0.700	0.733	0.817	1.233	1.100	1.400	1.133	1.033	
0.760	0.726	0.943	0.900	0.783	0.876	0.960	0.902	1.150	1.576	1.019	1.017	1.410	0.736	1.243	
0.593	0.825	0.143	1.150	1.551	1.843	0.468	0.685	0.768	2.176	1.186	0.801	1.118	0.685	1.010	
0.375	0.942	0.542	1.942	1.775	1.408	0.867	0.375	0.958	0.900	0.658	1.033	1.117	0.992	1.117	
0.750	0.950	1.233	1.033	1.233	0.983	0.767	1.533	0.983	1.450	0.833	0.900	0.333	1.267	0.750	
0.583	0.702	0.936	1.186	1.010	1.543	0.679	0.986	1.436	0.786	1.043	1.593	1.067	0.767	0.686	
1.150	0.311	0.543	2.110	0.900	1.061	0.821	0.871	1.628	1.267	1.037	0.654	0.844	0.643	1.161	
0.593	0.861	1.043	2.150	1.154	0.621	1.011	1.567	0.728	0.821	0.667	1.028	0.528	0.837	1.393	
0.869	0.950	0.333	1.152	1.319	1.567	1.486	1.067	0.533	0.286	1.150	0.986	0.417	1.319	1.567	
0.708	1.108	1.225	0.875	1.150	0.900	1.083	0.617	1.042	1.367	0.700	0.958	0.708	1.817	0.742	
0.543	0.787	1.043	1.093	2.133	1.128	0.671	1.261	1.633	1.254	0.821	1.178	0.694	0.311	0.450	
1.583	0.450	1.383	1.275	1.108	0.858	1.125	1.158	0.892	1.092	0.992	0.617	0.950	0.617	0.900	
1.250	1.300	0.800	1.067	1.017	1.033	0.800	1.017	1.167	0.817	0.867	1.017	1.017	0.817	1.017	
0.942	1.825	0.575	0.768	0.892	1.743	0.975	0.476	1.233	0.393	1.293	0.692	1.275	0.876	1.043	
1.476	1.210	0.533	1.592	1.158	0.343	1.018	1.192	0.900	0.500	1.242	0.885	0.767	0.835	1.351	
0.333	0.643	1.036	0.950	1.393	0.583	1.286	1.286	0.617	1.426	1.393	0.893	1.343	1.343	0.476	
0.454	0.379	0.903	1.728	1.928	2.051	1.185	0.686	0.792	0.900	0.754	1.287	0.653	0.658	0.643	
1.010	0.533	0.593	1.210	1.233	0.867	1.183	1.567	1.210	1.233	1.143	1.126	0.543	0.600	0.950	
1.400	1.033	0.867	1.126	0.783	0.783	0.960	1.243	0.810	1.176	0.533	0.676	1.176	1.100	1.333	
1.500	0.917	0.783	0.400	0.850	1.067	1.200	1.150	1.233	1.317	0.733	0.533	1.183	1.183	0.950	
0.492	0.885	1.075	1.383	0.885	2.017	0.876	1.010	1.500	0.500	0.658	1.208	1.193	0.518	0.801	
0.486	1.302	1.019	1.867	0.962	1.483	0.367	0.795	1.095	1.543	0.200	1.460	1.226	0.652	0.543	
0.435	0.942	1.083	0.518	0.650	1.043	1.743	0.783	1.192	1.001	0.867	1.642	1.325	0.935	0.843	
0.393	0.893	0.750	1.733	1.267	0.900	1.083	0.893	1.210	1.260	0.783	0.760	1.317	1.033	0.726	
0.583	1.100	0.733	1.593	0.910	1.283	0.950	0.983	0.843	0.500	1.483	1.160	0.926	1.110	0.843	
1.150	1.350	0.567	1.167	1.200	1.283	1.233	0.700	0.533	1.200	0.983	0.533	1.333	1.200	0.567	
0.700	1.050	0.867	1.067	1.017	0.867	1.050	0.733	1.333	1.267	0.733	1.367	1.017	0.867	1.067	
0.700	1.200	0.810	0.976	1.683	0.750	0.700	1.426	1.093	1.093	1.283	1.400	0.843	0.733	0.310	
0.600	0.967	0.725	1.042	1.067	1.100	1.258	1.058	1.717	0.567	1.058	0.925	0.775	1.367	0.775	
0.825	0.825	0.692	1.783	0.950	1.358	1.650	0.492	1.358	0.617	1.167	1.150	0.658	1.142	0.333	
1.902	0.400	1.402	1.129	0.310	1.412	0.952	1.245	1.152	0.829	1.486	1.283	0.652	0.393	0.452	
0.458	0.658	0.767	2.200	1.083	1.242	1.450	0.833	0.292	1.192	0.658	0.950	0.908	1.158	1.150	
0.668	0.393	1.201	2.017	0.885	1.693	0.560	1.176	0.411	1.108	0.968	0.852	0.543	1.608	0.918	
0.567	0.867	0.742	1.817	0.492	1.200	1.325	0.775	0.742	1.233	0.783	0.958	0.992	1.317	1.192	
1.243	0.643	0.793	0.983	0.843	1.043	0.960	0.817	0.960	0.976	1.460	0.760	1.036	1.526	0.960	
1.160	0.767	1.343	0.926	0.367	0.600	1.517	1.250	1.333	0.767	0.976	1.010	1.243	0.733	1.010	
1.267	1.750	0.950	0.942	0.950	1.017	0.992	0.892	0.792	0.742	0.892	0.858	1.158	0.667	1.133	
0.900	0.454	0.921	0.950	1.200	0.728	2.043	0.754	0.678	1.204	1.561	1.144	0.810	0.811	0.843	
1.076	0.710	1.326	0.976	1.460	1.150	0.986	0.617	0.543	1.543	1.100	0.926	0.560	0.710	1.319	
0.983	1.019	0.743	1.443	0.850	1.043	0.793	1.150	0.650	1.043	1.443	1.176	0.736	0.993	0.936	
1.517	0.733	0.733	1.150	1.267	0.733	1.017	1.283	0.900	0.733	1.317	0.367	1.267	1.033	0.950	
0.593	1.043	0.743	1.683	1.126	0.743	0.986	1.550	1.043	0.686	0.933	0.686	1.043	1.043	1.100	
0.819	0.367	0.676	1.733	1.567	1.343	1.152	0.643	0.510	1.119	1.100	1.152	1.343	0.310	1.167	
1.067	1.943	0.750	0.954	0.754	1.228	1.378	1.237	0.783	0.711	0.904	0.983	0.926	0.821	0.561	
0.468	1.317	1.018	1.883	1.600	0.968	0.733	0.935	0.760	0.625	0.567	1.158	1.218	0.908	0.843	
0.926	0.533	1.010	1.467	1.100	1.043	1.176	0.767	0.760	0.950	1.450	0.710	1.260	1.233	0.617	
1.076	1.010	0.793	0.543	1.269	1.550	1.467	1.043	1.043	1.152	0.760	0.926	0.617	0.902	0.850	
0.650	0.854	1.104	1.328	1.094	1.093	0.678	2.160	1.010	1.126	0.694	0.644	1.100	0.511	0.954	
1.250	0.750	1.367	1.417	0.500	0.667	0.667	1.117	1.200	0.783	0.700	1.083	1.417	0.667	1.417	
0.910	0.910	1.100	0.450	0.933	1.117	1.417	1.326	1.250	0.567	0.960	1.076	1.043	1.267	0.676	
1.060	0.926	0.893	0.710	0.700	1.293	1.317	0.750	1.200	0.833	1.433	1.093	0.583	1.343	0.867	
0.676	1.400	0.400	0.726	1.043	1.176	1.702	1.202	1.176	0.676	1.119	1.433	1.310	0.760	0.200	
1.017	0.867	1.400	1.233	1.067	0.950	1.317	0.817	0.833	1.000	0.583	0.983	0.817	0.900	1.217	
0.861	0.744	0.435	1.301	1.850	2.376	1.060	0.743	0.593	0.143	0.942	0.458	1.493	1.225	0.777	
0.833	0.817	1.300	0.983	0.533	1.350	0.867	1.233	1.117	0.783	0.983	0.917	0.900	1.350	1.033	
0.933	1.035	1.201	0.617	1.710	1.042	1.492	1.010	0.908	0.625	0.983	1.168	0.601	0.810	0.867	
1.033	0.492	1.075	1.717	0.867	1.225	0.725	1.067	0.533	0.767	1.183	1.325	0.942	1.225	0.825	
1.033	0.400	1.076	1.343	0.676	1.019	0.876	1.076	1.800	0.476	0.910	0.876	1.300	1.152	0.986	
0.900	0.310	1.143	1.426	1.183	0.950	1.700	1.200	0.600	0.760	1.043	1.010	0.793	1.283	0.700	
1.126	0.861	0.801	1.001	1.769	0.908	1.501	0.793	1.043	1.268	0.700	0.992	1.069	0.468	0.700	
1.126	0.476	0.676	1.343	0.733	1.593	1.036	0.710	1.310	1.543	0.476	0.476	1.376	1.176	0.950	
1.683	0.733	0.367	1.143	0.926	0.343	1.310	0.533	1.350	1.393	1.043	0.676	1.033	1.283	1.183	
1.033	0.676	0.817	1.260	1.350	1.126	0.926	1.033	1.593	1.343	0.750	1.267	0.533	0.876	0.417	
1.633	0.800	1.433	0.960	1.150	1.010	0.783	1.326	0.543	0.993	0.933	0.817	0.960	1.183	0.476	
0.917	0.700	1.400	1.000	1.033	0.533	0.750	0.900	1.267	1.233	0.867	1.267	1.033	0.700	1.400	
1.100	0.617	1.483	1.010	0.793	0.843	0.767	0.850	1.067	1.060	1.326	1.243	1.067	0.710	1.067	
1.633	1.167	0.733	0.510	0.910	0.726	1.126	1.243	1.093	0.910	1.100	0.933	1.017	0.967	0.933	
0.926	0.650	0.786	1.136	0.819	1.017	0.902	1.093	0.793	1.069	1.543	1.626	0.536	0.536	1.569	
0.833	0.900	1.167	0.900	1.283	0.983	0.783	1.150	0.750	1.183	1.233	0.750	0.783	0.900	1.400	
0.652	0.786	0.702	1.595	1.402	1.060	0.560	1.452	0.560	0.643	0.869	1.402	1.462	0.929	0.926	
1.267	0.575	1.275	1.900	0.733	0.825	1.083	0.783	1.117	0.942	0.825	0.783	1.075	0.492	1.325	
0.450	0.810	0.652	1.210	0.960	1.043	0.793	1.550	1.043	0.943	1.517	0.760	1.293	0.936	1.043	
1.000	0.476	0.893	0.650	1.517	1.233	1.076	1.210	1.033	1.317	0.926	0.750	0.843	1.376	0.700	
0.593	1.200	0.476	0.908	1.225	0.518	1.760	1.335	0.867	1.083	0.950	1.135	0.492	1.658	0.801	
0.950	1.333	0.917	1.043	1.393	0.960	1.210	0.583	0.960	0.667	0.767	0.960	1.350	0.876	1.033	
0.993	1.017	0.850	1.650	0.793	1.017	0.593	1.100	1.067	0.876	1.050	0.943	1.193	1.150	0.710	
0.827	0.744	0.593	1.543	2.150	0.825	0.575	1.543	1.144	1.417	0.468	0.435	0.518	1.033	1.186	
0.810	1.310	1.060	0.917	1.283	0.917	1.226	0.810	0.783	0.750	0.833	1.533	0.676	1.250	0.843	
1.017	0.850	1.017	1.043	0.710	1.043	0.993	0.817	1.243	1.000	1.210	1.417	0.400	0.943	1.300	
0.617	0.400	1.310	1.067	1.352	1.243	0.910	1.050	1.076	0.617	0.886	1.076	0.936	1.310	1.152	
1.517	0.417	1.267	1.567	1.010	1.226	1.067	0.733	0.710	1.083	0.676	1.067	0.793	0.910	0.960	
1.067	0.983	0.310	1.900	1.193	1.700	0.876	0.760	0.510	0.943	0.900	0.817	1.167	0.710	1.167	
1.417	1.183	0.600	1.076	1.100	1.193	1.283	0.993	0.743	1.043	0.767	0.600	0.910	1.133	0.960	
0.510	0.667	1.043	1.226	0.700	0.367	1.560	1.167	1.617	1.483	1.060	0.333	0.676	1.226	1.367	
0.917	0.700	0.750	1.117	1.283	0.950	1.200	0.917	0.617	1.317	0.917	1.167	1.200	0.833	1.117	
0.878	0.861	1.150	0.778	0.900	2.100	0.728	0.967	0.961	1.344	0.850	0.894	0.528	1.011	1.050	
0.667	1.200	0.900	1.533	1.100	1.033	0.917	0.750	1.317	1.150	0.533	1.200	0.900	0.933	0.867	
0.928	0.367	0.561	1.733	0.533	1.344	1.917	1.061	0.944	1.211	1.178	0.817	0.950	0.811	0.644	
1.075	0.992	1.075	0.975	1.700	0.850	0.742	1.400	0.775	0.900	1.042	1.025	0.867	0.767	0.817	
1.142	1.450	0.617	1.717	0.983	1.125	0.908	0.742	0.992	0.742	0.817	0.625	0.567	1.208	1.367	
0.793	1.767	1.083	0.617	1.600	0.885	0.685	0.718	1.408	1.143	0.775	0.817	0.635	1.108	0.968	
0.676	0.767	0.510	1.167	1.167	1.700	1.350	0.617	0.893	1.400	0.843	1.000	1.160	1.243	0.510	
1.183	1.483	0.950	1.083	0.867	1.283	0.817	0.533	0.867	0.583	0.817	1.083	1.350	0.950	1.150	
1.210	0.736	0.986	0.900	0.852	1.600	0.643	1.210	1.600	1.000	0.960	0.843	0.926	0.643	0.893	
0.650	1.310	0.692	1.993	0.325	0.658	1.267	0.635	1.093	0.992	1.442	0.843	1.125	1.268	0.710	
0.678	0.400	0.844	1.800	1.061	1.533	0.533	1.111	1.178	1.178	0.850	0.567	1.194	1.344	0.728	
0.960	0.650	0.767	1.000	1.126	1.283	0.900	1.293	1.417	0.943	0.850	0.760	1.043	1.100	0.910	
0.810	0.617	0.926	1.567	1.210	1.367	0.810	0.533	1.000	1.183	0.760	1.283	0.676	0.726	1.533	
0.900	1.083	0.960	0.850	0.793	1.483	1.193	0.893	0.850	1.143	1.033	0.726	1.033	0.817	1.243	
0.900	0.310	0.702	1.460	1.319	1.400	1.043	1.867	0.510	1.093	0.760	1.560	0.843	0.333	0.902	
0.567	2.017	1.200	0.678	0.928	1.061	1.011	0.711	0.861	0.850	1.344	0.761	1.000	0.728	1.283	
0.650	0.942	1.392	0.742	0.983	1.460	0.885	0.518	0.417	1.126	1.693	0.908	1.200	1.085	1.001	
1.183	0.700	1.233	0.700	0.983	1.200	1.317	0.700	0.967	1.367	0.983	1.033	0.867	1.150	0.617	
0.710	1.102	1.060	1.267	0.702	0.450	0.876	1.043	0.876	0.910	1.117	1.460	1.543	0.593	1.293	
0.793	0.650	0.652	1.426	1.200	0.893	1.186	0.926	1.010	1.593	1.283	1.326	0.510	0.850	0.702	
0.367	0.867	0.983	0.933	1.233	1.533	0.650	0.900	0.983	1.467	1.033	1.267	0.533	1.100	1.150	
0.793	0.793	0.543	0.793	0.917	1.543	1.460	1.210	1.210	1.036	1.093	1.250	0.619	0.650	1.093	
1.283	1.717	1.300	1.075	0.908	1.142	0.767	0.617	1.200	0.775	0.942	0.908	0.600	0.725	1.042	
0.533	0.710	0.926	1.176	1.450	1.250	1.260	1.400	1.017	0.400	1.043	0.567	0.710	1.433	1.126	
1.100	0.867	0.983	1.267	0.817	0.900	1.183	0.900	1.100	0.700	1.067	1.267	0.967	0.817	1.067	
1.033	1.010	0.400	0.767	1.283	1.243	1.043	0.733	1.310	0.617	0.900	0.910	1.300	1.343	1.110	
1.076	0.710	1.150	0.983	0.850	1.867	0.960	1.017	0.760	1.126	0.543	1.367	1.067	1.183	0.343	
1.217	0.710	0.793	1.117	1.067	1.867	0.310	0.700	1.017	0.843	1.033	0.793	1.210	1.483	0.843	
0.775	0.325	0.992	2.150	1.883	0.692	1.075	1.117	0.725	1.308	0.750	1.075	0.775	0.942	0.417	
0.510	1.067	0.775	1.108	0.942	1.176	0.817	1.743	1.075	0.650	0.801	1.326	0.768	1.575	0.668	
1.226	0.893	1.310	1.126	0.367	0.817	1.250	0.750	0.533	1.483	0.510	1.317	1.483	1.260	0.676	
0.310	1.626	0.743	1.060	1.569	1.010	1.462	1.093	0.686	1.043	1.029	0.393	0.960	1.510	0.510	
0.767	1.217	1.517	0.960	0.960	0.810	1.033	1.160	1.326	1.067	0.843	0.733	0.533	1.333	0.743	
0.561	0.817	0.921	0.704	1.910	1.667	0.900	1.378	1.033	1.037	1.178	0.654	1.071	0.921	0.250	
1.269	0.710	0.486	1.102	2.319	0.710	1.486	1.010	1.102	1.200	0.143	0.960	1.036	0.876	0.593	
1.083	0.700	0.867	0.817	1.233	1.267	1.067	0.567	1.433	1.233	0.900	0.783	0.900	1.317	0.833	
1.571	0.486	1.097	1.617	0.726	0.787	0.980	0.726	0.250	0.730	0.813	1.745	0.671	1.347	1.454	
0.750	0.867	0.700	1.400	0.950	1.150	1.200	0.700	0.867	0.750	1.200	1.283	1.167	1.317	0.700	
1.283	0.468	0.760	1.760	0.685	0.975	0.742	1.692	1.093	1.242	0.567	0.543	0.742	1.176	1.275	
0.510	0.817	0.852	1.293	1.000	1.133	1.236	0.793	1.460	1.117	1.126	0.560	0.543	1.576	0.986	
1.335	0.468	0.658	1.292	1.042	0.617	1.760	1.250	0.801	1.160	0.976	0.668	1.067	1.492	0.417	
1.817	0.817	0.333	1.292	1.617	0.492	0.575	0.908	1.083	0.875	1.192	0.992	1.317	1.192	0.500	
0.967	0.450	0.717	1.017	1.117	0.700	1.000	0.567	2.183	1.150	0.800	0.800	1.167	1.250	1.117	
0.850	0.567	1.550	0.560	0.960	0.876	1.133	1.043	1.183	1.017	0.876	0.950	1.376	1.383	0.676	
0.583	0.983	1.200	1.483	1.217	1.317	0.867	0.617	0.767	0.983	0.983	1.133	0.933	0.900	1.033	
0.593	0.933	1.293	1.067	1.067	0.876	0.667	1.133	0.726	0.926	1.217	1.700	0.926	0.926	0.950	
1.425	1.283	0.942	0.700	0.417	0.885	0.868	1.443	1.676	0.868	0.983	0.910	0.925	0.468	1.208	
0.543	0.800	1.068	1.293	1.275	1.093	0.325	0.892	0.400	1.810	1.425	0.868	1.242	0.910	1.058	
1.010	0.817	1.210	1.010	1.033	1.483	0.900	1.133	1.410	0.760	0.510	1.117	0.900	0.500	1.210	
1.228	0.617	1.178	1.883	0.817	0.978	0.978	1.011	1.094	1.261	0.694	0.511	1.200	1.100	0.450	
1.017	0.650	0.967	1.183	0.900	1.217	1.183	1.017	0.733	1.017	1.050	0.983	1.017	0.800	1.267	
1.183	0.900	0.933	1.067	1.017	0.617	0.700	1.133	0.933	1.550	1.483	1.317	0.333	0.900	0.933	
0.593	0.783	0.869	0.926	1.576	1.350	0.952	1.576	0.760	0.760	0.810	0.510	1.433	1.093	1.010	
1.061	0.676	0.754	1.751	1.579	0.286	1.835	0.968	0.658	1.177	0.935	1.019	1.043	0.867	0.393	
1.467	0.900	1.075	1.268	0.885	1.010	0.718	1.717	1.118	0.968	0.850	0.685	0.900	0.992	0.450	
0.671	0.510	0.733	1.478	2.160	1.393	0.478	1.111	1.278	0.761	0.894	0.561	0.921	1.293	0.760	
0.560	0.750	0.676	1.567	0.983	0.843	1.226	1.400	1.333	1.010	1.033	0.700	0.617	1.243	1.060	
1.633	1.126	1.076	0.743	0.593	1.500	0.886	1.019	1.043	0.819	1.126	1.043	0.600	0.743	1.050	
1.000	0.835	0.935	1.418	1.550	1.883	0.835	0.867	0.643	0.918	1.325	0.742	1.000	0.760	0.292	
0.367	0.700	1.200	1.400	1.117	0.867	1.150	0.900	1.317	1.100	1.233	0.983	0.983	0.950	0.733	
0.400	0.700	0.676	1.450	1.250	1.126	1.200	1.210	1.426	0.510	1.067	0.333	1.510	0.983	1.160	
0.950	1.233	1.267	1.233	0.867	0.783	1.033	1.317	0.833	0.950	0.867	1.017	0.867	0.833	0.950	
0.926	1.076	0.700	1.617	0.702	1.036	1.400	0.617	1.152	1.167	1.069	0.926	0.819	1.200	0.593	
0.983	1.633	0.367	0.733	1.192	1.075	1.308	1.475	1.042	0.767	1.308	0.908	1.150	0.533	0.525	
0.567	0.718	0.542	1.225	0.885	1.650	0.926	2.100	1.010	0.968	1.093	0.835	0.692	1.500	0.292	
1.183	0.817	1.250	0.900	1.350	0.583	1.200	0.950	0.983	0.833	1.000	0.750	1.267	0.367	1.567	
1.033	0.533	0.983	0.767	0.950	1.167	1.400	1.533	1.283	1.367	1.117	1.000	0.500	0.833	0.533	
0.993	1.152	1.210	1.700	0.960	0.619	0.910	1.517	1.476	0.960	0.393	0.976	0.417	0.952	0.767	
1.033	1.017	1.267	1.033	1.483	0.667	1.067	1.300	0.983	1.267	0.983	0.800	0.733	0.950	0.417	
1.010	1.433	0.510	1.243	1.236	0.869	0.676	0.760	1.517	1.010	1.593	0.867	0.250	1.160	0.869	
0.733	0.817	1.183	1.067	1.317	1.117	0.900	0.933	0.983	1.033	1.217	1.033	1.183	0.500	0.983	
1.108	0.942	0.583	1.025	0.858	1.667	1.067	1.075	0.567	1.075	0.767	1.408	1.400	0.767	0.692	
0.543	1.162	0.510	1.076	1.686	1.067	0.910	1.352	1.019	1.486	1.210	0.510	1.652	0.310	0.510	
1.300	1.017	1.217	1.033	0.767	0.867	1.083	0.817	0.867	1.017	0.783	1.117	0.900	1.317	0.900	
0.900	1.233	1.217	1.267	0.933	1.183	1.233	0.367	0.700	1.233	0.950	0.700	1.400	0.733	0.950	
0.843	1.210	0.567	0.617	1.400	1.176	1.010	1.393	1.283	0.643	1.033	1.350	0.600	0.667	1.210	
0.617	1.060	0.667	1.267	0.917	1.517	1.033	1.293	0.543	0.926	0.876	1.200	1.093	0.867	1.126	
0.783	0.700	1.593	1.301	0.926	0.768	1.242	1.458	0.768	1.200	1.185	0.708	1.242	0.367	0.760	
0.643	0.950	1.150	1.160	0.910	1.483	1.043	0.767	1.176	1.250	0.867	0.900	1.210	0.650	0.843	
0.533	0.417	1.260	1.010	1.350	1.400	0.583	1.483	0.867	1.143	1.260	0.893	0.760	1.317	0.726	
0.900	1.543	1.317	0.843	0.652	0.976	1.060	1.593	0.652	1.210	1.000	0.593	1.143	0.702	0.817	
0.643	0.567	1.010	1.126	1.493	1.426	1.069	0.950	1.150	0.760	0.652	0.900	0.710	1.393	1.152	
0.833	0.652	0.962	1.543	1.369	1.069	1.060	0.810	0.486	0.702	1.352	1.510	0.617	1.452	0.583	
0.817	1.250	0.917	1.150	1.250	1.117	0.783	0.617	0.700	1.233	1.400	1.033	0.750	0.733	1.250	
0.733	0.876	1.176	0.926	0.733	1.467	0.926	1.233	1.793	0.510	1.310	1.267	0.200	1.150	0.700	
1.017	1.033	0.817	0.817	1.183	0.983	0.950	1.233	0.750	1.017	1.133	0.983	1.400	0.750	0.933	
0.468	1.225	1.100	1.233	0.967	1.043	0.885	1.960	0.742	0.525	0.793	1.001	0.900	1.642	0.518	
1.493	1.443	0.750	1.519	1.069	1.376	1.012	0.486	0.902	0.686	1.036	0.733	0.760	0.760	0.976	
1.260	0.560	0.510	0.510	1.460	1.126	1.543	0.926	1.369	1.236	0.876	0.910	1.400	0.783	0.533	
1.476	1.617	1.033	0.750	0.869	0.952	0.595	0.702	0.783	0.679	1.593	1.000	0.452	1.319	1.179	
1.010	1.310	0.976	0.676	0.700	1.510	1.310	0.667	0.560	0.643	0.902	1.376	1.376	1.152	0.833	
0.686	0.676	0.750	1.010	0.817	1.367	1.043	0.760	1.460	0.869	1.152	1.117	1.560	0.867	0.869	
0.667	0.935	0.343	1.760	0.768	1.135	1.426	0.325	1.575	1.242	1.075	0.333	1.268	0.867	1.283	
1.010	0.833	1.293	1.129	0.760	0.795	1.129	1.036	1.329	1.293	1.186	1.400	0.417	1.060	0.333	
1.643	0.726	1.117	1.460	0.736	0.900	1.202	1.010	1.400	0.560	0.843	0.843	0.760	0.760	1.043	
0.510	0.760	1.243	0.917	1.750	1.033	1.567	0.950	1.293	0.310	0.500	0.783	1.343	1.210	0.833	
1.317	0.967	1.067	1.183	1.067	0.967	1.183	0.983	0.700	1.050	0.983	0.983	0.983	0.667	0.900	
1.000	0.933	1.150	1.900	1.367	1.033	0.733	0.733	0.700	0.767	1.033	1.267	1.033	1.183	0.167	
1.367	0.750	1.350	0.700	1.583	1.200	0.500	1.317	1.083	0.783	0.667	0.700	0.867	0.950	1.183	
1.083	1.869	1.119	0.685	0.292	0.708	1.268	0.685	0.750	1.000	1.351	0.976	1.327	1.435	0.452	
1.361	0.726	0.560	1.819	0.518	0.911	0.893	1.494	1.619	0.468	1.527	0.310	1.301	0.952	0.542	
1.033	1.236	0.986	1.400	0.786	0.643	0.750	1.510	0.676	1.102	0.710	1.033	0.976	0.700	1.460	
0.450	0.926	1.293	1.176	1.100	1.210	1.410	1.152	0.367	1.052	1.426	0.767	1.186	0.926	0.560	
0.500	0.700	0.500	1.450	1.393	1.310	1.343	1.033	1.210	0.700	1.010	0.810	1.367	0.533	1.143	
0.702	0.843	1.460	1.269	1.543	0.869	1.060	0.819	0.793	1.352	0.667	1.060	0.700	0.879	0.986	
1.376	0.760	0.983	0.936	1.510	1.186	0.793	1.060	1.343	0.676	0.786	1.033	0.450	0.817	1.293	
1.067	0.700	1.150	1.233	1.000	1.250	0.750	1.000	1.250	0.500	1.200	1.283	0.667	0.783	1.167	
0.960	1.683	0.167	2.033	1.492	0.250	1.051	0.858	0.825	0.968	1.035	0.643	1.085	0.468	1.483	
0.525	1.035	0.692	2.033	1.093	1.308	1.760	0.875	0.801	0.167	1.117	0.685	1.085	1.176	0.650	
0.476	1.010	1.043	1.233	1.550	0.710	0.933	0.910	1.017	1.133	1.343	1.317	0.733	0.750	0.843	
1.033	1.067	0.817	0.767	0.767	0.983	1.167	1.350	1.283	0.933	0.567	1.017	0.783	1.400	1.067	
1.233	0.726	1.043	0.900	0.876	0.650	1.426	0.333	1.233	1.483	1.043	0.783	1.617	0.976	0.676	
0.783	0.742	0.510	1.692	0.792	1.893	0.435	0.833	1.275	0.893	0.958	0.518	1.325	1.293	1.060	
1.817	1.117	0.333	0.710	0.543	1.367	0.676	0.643	1.067	1.060	1.233	1.043	1.400	0.843	1.150	
1.210	1.510	0.450	0.667	1.069	1.200	1.426	0.750	0.843	1.243	0.893	0.952	1.293	1.010	0.486	
0.367	0.617	0.760	1.060	1.143	1.352	1.367	1.400	1.400	1.352	0.786	0.736	1.019	0.417	1.226	
0.742	1.067	0.892	0.908	0.892	0.950	0.892	0.650	1.617	1.183	1.075	1.650	0.417	0.942	1.125	
0.817	0.933	0.567	1.233	1.433	0.333	1.017	1.067	0.967	0.817	1.183	1.150	1.517	1.033	0.933	
0.367	0.575	1.160	1.575	0.950	1.435	1.660	1.158	1.208	0.343	1.118	0.835	0.718	1.200	0.700	
1.117	1.176	0.726	0.793	1.150	0.783	1.260	0.893	1.250	0.867	1.160	0.700	0.867	0.760	1.500	
0.833	1.033	0.652	1.643	1.052	0.983	0.643	0.619	0.843	1.000	1.210	1.176	0.926	1.510	0.876	
0.750	0.733	0.333	1.483	0.926	0.976	1.460	1.426	0.867	0.926	0.667	0.676	1.350	1.093	1.333	
1.117	0.867	0.817	1.417	1.000	1.367	1.200	0.750	0.667	1.233	1.250	1.250	0.617	0.617	0.833	
0.593	0.876	0.960	0.993	1.517	0.843	1.783	0.993	1.067	1.186	0.593	0.652	1.133	0.686	1.126	
1.683	0.700	1.200	1.175	0.933	0.825	1.117	0.892	1.075	0.875	0.892	0.650	1.017	1.225	0.742	
0.510	0.845	0.679	0.760	2.043	1.402	0.929	1.295	0.560	0.786	1.769	1.486	1.343	0.310	0.286	
1.143	1.417	0.810	0.893	0.593	1.393	1.083	0.617	0.700	1.393	1.202	0.986	0.760	1.119	0.893	
1.017	1.150	0.833	0.750	0.500	1.400	1.133	0.900	1.117	0.983	0.900	1.617	1.050	0.783	0.867	
1.400	1.400	0.867	0.583	1.450	0.533	0.950	1.150	0.783	0.783	0.983	1.117	0.833	0.900	1.267	
0.583	0.510	0.908	1.250	1.242	0.593	1.135	0.960	1.710	0.542	0.718	1.575	1.450	1.135	0.692	
0.976	0.417	0.817	1.150	1.317	0.900	0.817	1.143	1.176	1.460	0.750	0.810	1.083	1.060	1.126	
1.350	0.650	0.843	0.893	0.733	1.143	1.350	0.876	1.067	1.076	0.767	1.500	1.010	0.783	0.960	
1.543	0.943	1.243	1.067	0.676	0.783	0.850	0.743	0.367	1.433	1.100	1.260	1.050	0.926	1.017	
0.543	1.033	0.760	1.233	1.060	1.176	0.817	0.793	1.176	1.250	0.867	1.176	1.567	0.817	0.733	
0.900	1.133	1.317	0.700	1.100	1.033	0.900	1.150	1.033	1.117	0.617	0.983	1.083	0.533	1.400	
0.567	1.233	0.867	1.117	0.733	0.950	1.033	1.183	0.733	1.433	1.117	1.067	1.233	0.867	0.867	
0.983	1.160	1.101	1.158	0.851	1.043	0.543	1.860	0.908	0.992	0.650	0.375	1.475	0.760	1.142	
0.671	1.087	0.861	2.033	1.311	0.671	0.917	1.254	0.694	0.728	0.921	0.760	1.617	0.810	0.667	
1.393	1.983	0.700	1.000	1.192	0.575	1.076	0.968	0.542	0.918	0.768	0.692	0.960	1.467	0.768	
0.867	1.193	1.150	0.817	1.167	1.093	1.433	0.876	0.710	0.876	0.900	0.793	0.567	1.467	1.093	
1.126	1.200	0.960	0.960	1.293	0.817	0.910	0.833	0.900	0.650	0.867	1.417	0.960	1.350	0.760	
1.117	0.950	1.167	1.117	0.843	0.817	0.743	1.210	0.900	0.710	1.160	1.033	0.710	1.533	0.993	
0.850	0.817	1.108	1.242	1.042	1.717	1.025	0.492	0.567	1.317	0.917	1.458	0.908	0.750	0.792	
0.367	0.860	0.417	2.267	0.943	1.483	0.600	1.060	0.576	1.360	1.033	1.183	0.643	1.576	0.633	
0.700	0.817	0.876	1.283	1.067	1.043	0.760	0.760	0.617	1.210	1.567	0.726	1.067	1.060	1.450	
0.733	1.143	1.400	0.893	0.583	0.726	1.483	1.167	0.893	1.533	0.726	1.343	0.417	0.643	1.317	
1.193	0.593	1.010	0.926	1.093	0.817	1.600	0.760	0.983	1.350	0.817	1.017	0.867	0.960	1.017	
1.517	0.867	1.350	0.810	0.783	1.033	0.867	0.760	0.960	0.976	0.926	1.350	1.376	0.810	0.617	
0.843	0.760	0.783	0.900	1.283	1.533	1.083	1.226	0.810	1.010	1.200	0.867	0.867	0.710	1.126	
1.376	1.093	0.843	0.810	1.510	0.976	0.417	0.760	0.476	1.583	1.293	1.202	1.210	0.583	0.869	
0.983	1.433	1.217	0.867	1.150	1.217	0.333	0.900	1.517	1.250	0.750	0.817	0.900	1.267	0.400	
1.218	0.375	1.876	0.575	0.926	1.993	1.317	1.001	0.867	1.018	0.685	0.875	0.783	0.575	0.917	
0.867	1.400	0.617	0.833	1.310	1.043	0.843	1.117	1.260	0.476	1.343	0.500	0.617	1.376	1.400	
0.617	1.143	0.710	0.833	1.376	1.317	0.833	0.960	0.367	1.426	1.093	1.200	1.367	0.617	1.143	
1.036	0.950	0.952	0.893	1.567	0.810	1.600	0.810	0.510	0.867	1.210	0.793	0.736	1.293	0.976	
0.417	1.085	0.692	1.075	1.550	0.960	1.010	1.575	1.867	0.917	0.775	0.885	1.043	0.435	0.718	
0.510	1.517	0.617	1.517	0.843	0.726	1.210	0.333	1.460	0.910	0.900	1.400	0.917	1.243	0.900	
1.376	0.885	1.108	1.776	0.658	0.617	1.158	0.968	0.525	1.101	1.093	0.733	1.308	1.243	0.450	
0.733	0.560	1.350	0.510	0.910	1.143	1.317	1.683	0.983	1.033	1.260	0.726	1.043	0.950	0.800	
0.343	0.676	0.926	0.926	1.093	1.926	1.210	1.483	1.426	1.052	1.626	0.983	0.310	0.310	0.710	
0.325	0.668	1.317	1.467	1.135	1.067	1.143	0.885	2.000	0.775	1.168	0.400	0.885	0.975	0.793	
0.643	0.450	1.367	1.417	1.226	1.060	1.093	1.143	0.750	1.367	0.833	0.583	0.476	1.060	1.533	
1.017	0.817	0.850	1.150	1.067	1.250	0.850	1.067	1.067	1.067	0.767	0.933	0.817	1.300	0.983	
0.875	0.960	0.968	0.825	0.908	1.876	0.760	0.825	1.392	1.025	0.542	0.793	0.867	1.376	1.010	
1.069	0.893	0.810	1.510	1.069	1.367	0.750	0.867	0.560	1.376	0.952	0.926	0.926	0.950	0.976	
0.843	0.767	1.150	0.850	1.067	1.150	0.793	0.960	0.843	1.517	0.993	0.800	0.960	1.193	1.117	
1.283	0.900	0.767	1.317	1.350	1.117	0.900	0.767	0.567	1.067	1.117	1.067	1.067	0.583	1.133	
0.343	0.960	1.335	1.669	1.585	1.275	0.835	0.843	0.811	0.875	1.093	1.136	0.942	0.718	0.583	
0.885	1.119	0.601	0.617	1.960	1.410	0.708	0.908	1.319	0.760	0.926	1.468	0.635	0.968	0.718	
0.733	1.233	1.567	0.750	0.750	0.867	0.367	1.333	1.117	0.900	1.217	1.233	0.733	1.250	0.950	
1.311	0.619	0.992	1.118	1.043	2.245	0.635	0.976	0.993	0.125	0.583	0.777	1.394	1.394	0.795	
1.060	1.060	0.750	1.226	0.843	0.783	0.676	1.650	1.367	0.760	0.476	1.333	0.783	1.367	0.867	
0.292	0.543	0.843	1.993	0.935	1.018	1.626	1.501	1.018	0.435	1.301	0.560	1.593	0.601	0.743	
0.793	0.910	1.650	0.902	0.593	0.786	1.550	1.276	0.943	0.926	1.093	0.567	1.176	0.686	1.150	
0.843	0.726	1.202	1.426	1.093	0.726	1.210	1.810	1.033	0.560	0.676	1.593	1.200	0.310	0.593	
0.900	0.967	1.060	0.943	1.043	1.550	0.850	1.133	0.710	1.050	1.043	0.510	1.376	0.817	1.050	
0.711	0.878	1.578	2.076	0.676	0.678	0.511	1.043	1.317	1.043	1.294	0.478	0.871	0.676	1.171	
0.593	0.893	0.343	1.200	1.343	1.567	1.186	1.010	0.250	1.019	1.593	1.067	1.076	0.843	1.019	
0.933	1.167	1.567	0.926	1.043	0.983	0.543	1.043	1.517	1.067	0.676	1.160	0.767	0.417	1.193	
1.510	0.593	0.902	1.436	1.019	0.929	1.329	0.762	1.329	0.310	1.010	1.043	0.500	0.629	1.702	
0.333	0.533	1.176	1.400	1.426	0.819	0.652	0.952	1.283	1.483	0.652	1.260	0.833	0.676	1.519	
0.867	0.833	0.810	0.700	1.060	1.450	1.393	0.583	1.250	0.726	1.093	1.310	1.200	0.893	0.833	
1.126	0.617	1.067	1.010	1.233	1.033	0.926	1.143	0.700	0.783	0.760	0.676	1.517	1.260	1.150	
0.835	1.418	0.817	1.243	1.585	1.292	0.686	0.793	0.968	0.968	1.685	0.343	1.536	0.200	0.635	
0.817	0.478	1.594	1.450	2.326	1.010	0.754	0.621	0.760	1.144	1.128	0.978	0.710	0.787	0.444	
0.967	1.217	0.767	2.317	0.550	1.083	0.633	1.300	0.833	0.683	1.050	0.550	0.917	1.217	0.917	
1.200	1.376	0.710	0.710	1.343	1.843	1.010	0.793	0.976	0.686	0.310	1.060	0.676	0.817	1.493	
1.510	0.533	0.760	0.750	1.393	0.893	1.260	0.560	0.952	0.500	1.036	1.202	1.260	1.000	1.393	
1.117	1.283	0.950	1.033	0.700	1.150	0.950	0.933	0.750	1.317	1.150	0.900	1.150	0.583	1.033	
0.600	0.900	1.933	1.025	0.858	1.567	1.000	1.175	0.958	1.292	0.375	0.367	1.092	0.625	1.233	
1.393	0.843	1.176	1.333	0.617	1.143	0.900	1.117	1.483	0.643	1.033	0.667	0.583	0.976	1.093	
0.658	0.775	0.892	0.942	1.117	1.483	1.717	1.100	1.033	1.108	1.275	0.975	0.533	0.775	0.617	
1.808	0.783	1.225	0.825	1.150	1.075	0.775	0.667	0.825	0.875	0.708	0.908	0.867	1.692	0.817	
1.400	0.783	1.333	1.260	1.283	0.817	0.893	1.060	0.976	0.617	1.343	0.533	0.733	0.793	1.176	
1.283	0.960	0.817	1.176	1.126	0.783	1.650	1.117	1.093	0.810	0.393	1.100	1.010	0.617	1.067	
0.976	0.667	1.460	1.260	1.317	1.033	1.543	0.819	0.902	0.760	1.069	0.510	0.783	1.310	0.593	
0.733	1.033	0.910	0.710	1.010	1.576	1.400	0.367	1.433	1.067	0.900	0.533	1.376	1.243	0.710	
0.700	0.678	0.767	1.144	2.567	1.061	1.178	0.950	1.228	1.033	0.644	1.061	1.178	0.111	0.700	
0.950	1.176	1.143	0.783	0.983	1.060	1.383	0.817	0.650	0.726	1.093	1.010	1.233	0.817	1.176	
0.817	0.750	0.700	0.843	1.393	1.000	1.450	1.267	0.726	0.843	1.210	1.243	1.083	0.976	0.700	
1.500	0.700	1.083	1.600	0.617	1.176	1.000	0.593	0.917	1.143	1.210	1.126	0.417	0.843	1.076	
0.400	0.333	1.376	1.410	0.676	1.293	1.533	1.510	1.293	0.726	0.960	0.710	0.869	0.760	1.152	
1.360	0.793	0.817	1.443	1.010	0.986	1.343	0.852	1.243	0.850	0.910	1.043	1.200	0.702	0.450	
0.793	0.510	0.333	1.426	1.576	0.760	1.093	0.743	1.067	1.160	1.510	0.976	0.902	1.676	0.476	
0.876	0.819	0.476	0.910	1.767	1.110	0.933	1.243	0.486	1.767	0.310	0.819	1.233	1.386	0.867	
0.625	0.625	1.533	0.726	2.033	0.718	1.176	0.542	0.935	0.708	1.393	0.976	0.742	0.976	1.292	
0.593	0.743	1.093	0.886	0.960	1.626	1.133	1.076	1.476	0.650	0.993	1.033	0.452	0.960	1.326	
0.450	0.650	1.352	1.352	1.386	0.893	0.843	0.986	1.093	0.786	1.069	0.652	1.152	1.186	1.150	
0.760	1.260	1.060	1.400	1.083	1.226	0.783	0.617	0.676	0.833	1.343	1.450	1.083	0.700	0.726	
1.400	1.043	1.126	0.800	1.043	0.767	0.710	1.050	0.700	0.667	1.417	0.926	1.376	0.960	1.017	
0.653	0.686	0.333	1.833	2.083	0.792	0.603	1.436	0.811	0.736	0.653	1.167	0.811	0.917	1.486	
1.093	1.010	0.867	1.433	1.467	0.867	0.533	1.067	0.793	0.960	1.376	1.050	0.960	0.710	0.817	
0.793	1.260	1.510	0.893	0.593	1.260	0.976	0.667	0.950	1.119	1.152	0.783	1.000	0.619	1.426	
1.017	0.867	1.167	0.533	1.433	0.733	1.183	1.433	0.617	1.150	0.933	0.900	0.983	1.317	0.733	
1.293	0.652	0.933	1.510	1.186	1.460	1.417	0.726	0.976	0.543	0.710	1.093	1.093	0.650	0.760	
0.676	0.760	1.076	1.400	0.876	1.950	1.260	0.917	0.960	1.126	1.483	0.750	0.167	0.367	1.233	
0.643	1.033	1.000	1.483	0.893	0.617	1.093	0.926	1.426	1.317	1.010	0.583	0.950	0.843	1.183	
1.043	0.893	1.093	1.417	0.650	1.267	1.400	0.967	1.243	0.567	1.093	1.043	1.033	0.583	0.710	
1.042	0.692	0.835	1.393	1.192	0.617	1.293	1.793	0.843	1.642	0.492	0.343	1.242	1.126	0.458	
0.926	0.986	0.567	0.593	1.576	1.443	0.743	0.710	1.383	1.093	0.793	0.986	1.010	1.126	1.067	
1.733	1.367	1.033	0.708	1.442	0.767	0.908	0.583	0.667	1.242	0.958	0.658	1.275	0.867	0.792	
0.733	0.583	1.817	1.326	1.186	1.117	0.343	0.869	1.376	0.486	0.869	1.260	0.843	1.517	0.676	
1.160	1.233	0.510	0.767	1.043	1.267	1.517	1.143	0.710	1.093	0.600	0.567	0.983	1.293	1.117	
0.533	1.100	0.533	1.267	0.617	0.933	1.017	1.433	1.267	1.300	1.067	1.067	0.983	0.933	0.950	
1.493	0.736	1.343	1.202	1.410	0.845	1.402	0.786	0.583	0.817	1.186	0.533	1.036	0.786	0.843	
1.910	0.850	1.193	1.200	0.668	0.992	1.442	0.658	0.843	0.885	1.250	0.968	0.710	0.658	0.775	
0.926	1.200	1.343	0.700	1.183	0.676	0.983	0.476	1.210	0.643	0.710	0.700	1.783	1.567	0.900	
1.183	0.583	0.950	1.200	1.033	1.367	1.450	0.617	1.150	1.000	0.917	0.867	0.867	0.583	1.233	
0.976	0.533	0.676	1.019	0.950	1.426	0.843	1.102	1.202	0.926	1.343	0.510	1.617	1.343	0.533	
1.233	0.783	0.983	1.267	0.817	0.817	1.150	1.033	0.867	1.450	0.983	1.033	0.533	0.783	1.267	
0.686	0.600	1.086	1.493	1.226	1.186	1.310	0.343	0.929	0.902	0.733	1.233	1.636	0.676	0.962	
0.952	1.043	0.819	1.100	0.960	0.793	1.076	1.733	0.536	0.793	1.193	1.067	0.710	1.683	0.543	
0.824	0.476	0.458	2.610	0.567	1.224	1.167	1.691	0.491	0.991	0.767	0.900	0.624	1.176	1.034	
0.967	0.700	0.743	0.926	1.017	0.926	1.250	0.993	1.010	0.967	1.043	1.100	1.550	0.767	1.043	
0.876	0.310	1.095	1.519	0.819	1.843	1.276	0.476	0.510	1.676	1.052	0.843	1.029	0.676	1.000	
1.360	1.100	0.567	1.269	1.400	0.710	0.852	0.800	1.043	1.660	1.017	0.343	1.069	0.743	1.069	
0.960	0.900	0.525	1.993	1.001	1.392	0.760	0.375	1.010	1.075	0.975	0.843	0.975	1.100	1.118	
1.117	1.260	1.043	1.093	0.850	0.960	0.843	1.426	0.676	1.576	0.643	0.560	1.010	0.710	1.236	
1.043	0.333	1.200	1.483	1.560	1.043	0.676	0.567	0.710	1.283	1.043	1.067	1.433	0.567	0.993	
0.983	1.126	0.417	1.300	1.000	1.126	1.176	1.200	1.243	0.867	0.560	1.393	1.400	0.400	0.810	
0.533	1.200	0.867	1.100	1.067	1.000	0.567	0.533	0.833	1.000	1.300	1.400	1.300	1.100	1.200	
1.017	0.843	1.410	0.743	0.943	1.267	1.050	1.126	0.367	1.043	0.593	0.936	0.686	1.543	1.436	
0.583	1.095	1.536	0.786	1.060	0.500	1.512	0.595	1.345	0.476	1.179	1.286	1.119	1.202	0.726	
0.650	1.136	0.900	0.793	1.460	1.250	0.686	0.760	1.126	1.043	1.010	1.460	1.010	0.926	0.793	
1.001	1.742	0.900	0.710	0.458	1.168	0.935	0.917	0.500	1.385	1.543	1.143	0.367	1.275	0.958	
0.867	0.667	1.176	1.560	0.736	0.786	0.810	1.036	0.750	0.893	1.167	0.486	1.283	1.560	1.226	
1.176	0.843	0.543	1.200	1.617	0.900	0.760	1.010	0.783	1.210	1.083	0.733	1.083	1.217	0.843	
0.733	0.900	1.017	0.900	0.983	1.200	1.233	0.767	1.100	1.317	0.617	0.533	1.150	1.233	1.317	
1.083	0.700	1.500	0.900	1.210	0.843	1.117	0.810	0.867	1.210	0.760	0.843	1.117	1.226	0.817	
0.793	0.718	0.993	1.475	1.643	1.350	0.400	0.968	0.775	0.975	0.918	0.843	0.850	1.275	1.025	
0.333	1.333	1.143	0.533	0.676	1.393	0.700	0.917	0.893	1.333	1.060	1.417	1.260	0.700	1.310	
1.367	1.250	0.676	0.533	0.700	1.126	1.076	0.926	1.260	0.950	1.476	0.500	1.367	0.950	0.843	
0.702	0.811	0.718	1.442	1.602	1.293	1.025	0.968	1.775	0.810	0.393	0.635	0.400	1.218	1.210	
0.567	1.233	1.143	1.126	0.533	0.983	0.900	0.733	1.010	1.226	1.300	1.093	1.126	1.350	0.676	
0.767	1.183	1.017	1.067	0.900	1.117	1.000	1.317	0.983	1.033	0.733	1.567	1.133	0.767	0.417	
0.694	0.878	0.950	1.217	2.133	1.044	0.750	0.928	1.261	1.050	1.028	0.983	0.511	0.861	0.711	
0.450	1.608	0.750	1.883	1.101	0.668	0.908	0.575	0.843	0.718	0.668	2.093	1.242	0.468	1.025	
0.817	0.650	1.092	0.858	1.967	1.517	0.775	1.100	0.292	0.942	1.058	0.983	0.942	0.858	1.150	
1.617	0.867	0.533	0.867	0.750	0.583	0.917	0.917	1.150	1.233	1.033	1.183	1.450	1.400	0.500	
1.150	1.260	0.793	0.950	1.043	1.043	1.483	0.867	0.676	0.733	1.067	1.260	0.760	0.850	1.067	
1.000	1.500	1.033	1.210	0.560	0.583	0.867	1.293	0.760	1.343	0.817	1.067	0.950	1.343	0.676	
0.900	1.000	1.043	0.817	0.810	0.843	1.050	1.550	0.943	1.350	1.017	0.950	0.960	0.960	0.810	
0.760	0.583	1.093	1.210	1.200	1.167	1.367	0.983	1.510	0.976	0.600	1.083	0.417	1.076	0.976	
0.733	1.067	0.710	1.783	0.343	1.133	1.317	0.543	1.126	1.226	1.150	0.950	0.533	1.293	1.093	
1.152	0.333	0.702	1.152	0.760	0.643	1.293	1.510	1.476	0.952	1.095	0.817	1.402	0.952	0.760	
1.060	0.926	0.476	1.343	1.567	0.510	1.426	0.733	1.210	1.217	1.250	0.817	0.750	1.117	0.600	
1.161	1.111	0.911	0.894	1.100	1.011	0.600	1.267	2.383	0.933	0.878	0.978	0.361	1.100	0.311	
1.194	0.800	0.967	1.100	1.061	1.211	0.928	0.678	1.917	0.911	1.094	0.733	0.728	0.783	0.894	
1.343	0.767	0.733	0.710	1.176	0.533	1.400	1.367	1.426	1.283	1.010	1.067	1.143	0.676	0.367	
0.750	0.933	1.150	1.017	1.817	1.233	1.150	0.200	0.733	0.950	1.233	1.033	0.767	0.750	1.283	
0.510	1.236	1.010	1.283	0.710	1.567	0.933	0.476	1.633	1.376	0.593	1.036	0.936	0.960	0.743	
0.960	0.983	0.783	1.650	0.560	0.926	0.950	0.510	1.293	1.243	1.350	0.783	0.850	1.233	0.926	
0.892	0.875	0.583	1.717	1.275	1.117	0.858	0.575	0.892	0.583	1.450	0.867	0.892	1.200	1.225	
1.333	0.510	0.960	1.033	1.293	0.843	0.533	1.733	0.560	1.483	1.100	1.100	0.933	0.710	0.876	
0.843	0.810	1.433	0.917	0.783	1.033	1.517	1.450	0.760	0.960	1.260	0.533	1.043	0.750	0.910	
0.575	0.868	1.468	1.526	0.986	1.876	0.542	1.010	1.010	0.700	0.801	0.968	0.935	1.201	0.536	
0.817	0.933	0.733	1.067	1.017	1.017	0.700	1.200	0.600	1.117	1.267	1.317	0.817	1.100	1.300	
1.210	0.783	0.650	0.926	1.117	0.810	0.710	0.893	0.650	1.010	1.483	1.350	1.133	1.117	1.160	
0.600	0.910	0.843	1.100	1.117	1.433	1.326	0.910	0.750	1.350	1.117	0.667	1.293	0.676	0.910	
0.543	1.233	1.233	1.343	0.510	0.893	0.926	0.950	1.010	0.617	0.733	1.683	1.126	1.450	0.750	
0.810	1.200	0.867	0.810	1.310	0.726	0.893	0.917	0.917	1.533	0.917	0.833	1.283	0.810	1.176	
1.033	1.600	1.583	1.160	0.960	1.117	0.643	0.617	0.767	0.560	0.900	0.960	0.876	1.043	1.183	
1.683	1.467	0.867	0.793	0.643	0.952	0.869	0.843	1.060	1.102	0.983	1.036	0.593	1.267	0.843	
1.200	0.783	1.075	0.533	0.492	1.358	1.025	1.733	0.775	0.950	0.783	0.983	0.658	1.325	1.325	
0.617	1.160	0.843	0.736	1.260	1.460	1.510	0.510	1.319	0.810	0.876	1.067	0.926	0.900	1.010	
1.583	0.567	0.967	0.933	1.100	1.125	1.408	1.025	1.025	0.892	0.925	0.567	0.450	1.442	0.992	
0.960	0.510	1.176	0.767	1.219	0.652	1.417	1.176	1.300	0.400	1.176	0.986	0.543	1.683	1.036	
0.617	1.210	1.010	1.350	0.767	1.326	1.067	1.293	1.010	0.617	0.950	0.726	0.817	1.010	1.233	
1.076	0.643	0.643	1.343	0.700	1.733	1.150	0.583	0.810	1.150	1.267	0.867	0.843	0.843	1.350	
0.917	0.560	0.976	1.567	0.700	1.617	1.000	0.510	1.143	1.176	0.893	1.233	1.293	0.667	0.750	
0.510	1.093	0.700	1.533	1.400	0.500	1.126	0.893	0.533	1.200	1.293	1.426	0.533	1.560	0.700	
0.750	0.676	1.167	1.483	0.676	0.617	1.483	0.893	0.810	0.760	0.333	1.533	1.367	1.226	1.226	
0.886	0.810	1.162	1.536	0.750	1.576	0.902	0.843	0.986	0.619	1.360	1.010	0.736	0.900	0.926	
0.567	0.533	0.500	1.450	1.317	1.383	1.117	1.267	1.317	0.950	0.750	0.817	1.067	1.067	0.900	
0.783	1.317	1.000	1.083	0.900	1.300	0.900	0.567	0.783	1.317	1.083	1.367	1.000	0.500	1.100	
1.500	1.633	0.933	0.936	1.043	0.993	0.686	0.786	0.986	0.850	1.093	0.993	0.850	0.593	1.126	
0.793	0.960	0.850	0.850	0.850	1.550	0.510	1.043	1.043	1.276	1.067	0.910	1.183	1.100	1.017	
1.176	0.143	0.910	0.543	2.133	1.550	0.993	0.936	0.910	0.876	1.043	1.219	0.710	1.326	0.533	
0.533	1.326	1.052	0.643	1.010	0.710	0.900	1.143	1.467	0.643	0.876	1.483	1.069	1.186	0.960	
1.267	0.760	1.067	0.750	1.043	0.876	1.400	0.893	1.233	1.176	0.983	0.367	0.910	1.600	0.676	
1.560	0.817	0.817	0.736	0.652	1.167	0.950	0.536	1.343	1.143	1.543	0.793	1.186	0.976	0.783	
1.693	0.393	0.850	0.968	0.975	1.025	1.075	0.775	1.675	0.918	0.993	1.100	0.725	1.043	0.793	
0.867	1.126	1.093	1.960	0.167	1.152	1.010	0.600	0.652	1.069	1.033	0.760	1.376	0.760	1.376	
0.450	0.783	1.060	1.293	1.152	1.260	1.560	1.010	0.760	1.117	0.510	1.019	1.343	0.843	0.843	
0.643	0.750	1.994	0.730	1.730	0.712	0.819	0.976	0.736	0.869	1.462	0.875	1.379	0.486	0.837	
1.210	0.676	0.567	1.236	1.510	1.126	1.593	0.810	0.560	1.236	0.900	0.476	1.060	1.093	0.950	
0.825	0.950	1.100	0.900	1.717	1.667	0.867	1.667	0.950	0.792	0.725	0.867	0.700	1.075	0.200	
1.367	1.093	1.143	1.010	1.210	1.150	0.393	0.783	0.617	0.893	1.700	0.950	1.067	1.093	0.533	
0.452	2.069	0.893	1.644	1.287	0.643	0.754	0.754	0.528	1.561	1.560	0.810	0.813	0.528	0.704	
0.933	0.926	0.833	1.467	0.910	1.033	0.667	1.033	0.793	0.993	0.867	0.960	1.376	1.250	0.960	
0.600	1.043	0.760	1.617	0.510	1.233	1.117	1.176	1.093	0.783	1.033	1.283	0.593	0.867	1.293	
0.810	1.150	0.333	0.876	0.843	1.233	0.783	1.376	1.533	1.067	0.750	0.543	1.293	0.983	1.426	
0.783	1.093	1.033	0.760	0.783	0.867	0.667	0.810	1.033	0.960	1.093	1.210	1.417	1.400	1.093	
1.367	1.617	1.617	0.976	0.676	0.676	1.000	0.333	1.510	0.676	0.843	0.583	1.250	1.233	0.643	
1.468	0.935	0.885	0.476	0.869	1.660	1.277	0.710	0.908	0.968	0.792	1.251	0.700	1.626	0.476	
0.742	0.650	1.725	0.783	1.908	0.625	0.992	0.992	1.142	1.367	0.700	0.908	1.017	1.075	0.375	
1.467	0.900	0.367	1.010	1.152	1.050	0.736	0.936	0.736	1.517	0.960	0.950	1.043	0.793	1.386	
0.867	1.133	1.150	0.983	1.317	0.817	0.817	0.983	1.267	0.817	0.867	1.117	0.983	0.950	0.933	
1.310	1.243	0.800	0.876	1.102	1.293	1.143	1.017	0.700	0.726	0.902	0.910	1.460	0.450	1.069	
0.960	1.186	1.343	0.510	1.233	1.069	0.960	0.652	1.426	1.593	0.676	0.700	0.867	1.233	0.593	
0.710	0.767	0.900	1.093	1.550	1.183	1.017	1.183	0.976	0.617	0.960	0.543	1.243	0.943	1.317	
0.708	0.708	0.533	1.125	1.333	0.950	0.658	1.750	1.075	0.417	1.700	1.000	1.125	1.208	0.708	
0.876	0.933	1.110	1.200	1.600	0.926	0.743	1.167	1.010	0.700	0.543	1.100	0.933	0.926	1.233	
1.617	0.700	1.083	0.593	1.293	0.560	0.810	1.033	0.833	1.367	0.767	1.426	0.700	1.210	1.010	
0.617	1.033	0.733	1.675	1.592	1.417	1.167	0.742	0.900	0.583	1.492	0.525	0.950	1.083	0.492	
1.126	1.010	1.067	0.600	1.076	0.710	1.067	1.050	0.943	1.150	0.850	1.193	0.900	1.467	0.793	
0.783	1.083	1.200	0.733	1.167	1.183	1.183	0.783	0.900	1.000	0.900	1.117	0.733	1.150	1.083	
0.310	1.152	0.902	1.617	1.793	0.726	1.510	0.510	0.760	0.710	1.200	1.367	0.960	0.760	0.726	
0.810	1.083	0.167	1.426	1.567	0.310	1.843	1.367	1.376	1.093	0.750	0.893	0.333	0.783	1.200	
1.233	1.317	1.317	0.833	0.833	0.833	0.867	0.917	0.950	1.367	1.317	0.583	0.983	0.867	0.783	
0.833	1.233	0.617	1.250	1.117	1.033	0.833	0.833	1.117	1.200	0.950	1.283	0.750	0.617	1.333	
0.843	0.652	1.017	0.783	1.010	0.760	1.567	0.936	1.986	0.710	1.383	0.852	0.167	1.043	1.293	
1.117	0.525	0.533	2.093	1.101	1.060	0.792	1.292	1.010	0.635	1.200	0.476	1.268	0.292	1.608	
1.550	0.310	1.183	0.786	1.352	0.952	1.243	1.817	1.267	0.843	1.143	0.667	0.450	0.819	0.619	
1.183	0.726	1.560	0.710	1.260	0.486	1.043	1.343	1.067	1.543	0.567	0.652	1.202	0.900	0.760	
0.958	1.292	0.708	0.917	0.617	0.750	1.450	1.700	1.075	0.792	0.833	1.042	0.792	1.292	0.783	
0.810	0.817	0.710	1.593	0.700	1.093	1.083	1.343	0.560	1.293	0.510	1.143	1.186	1.236	0.926	
0.667	0.760	0.976	1.543	0.952	0.652	0.893	0.733	1.293	1.483	0.952	0.976	0.817	0.893	1.410	
0.933	0.476	1.460	1.243	0.510	0.710	1.343	1.260	1.343	0.926	0.367	1.210	1.486	0.367	1.369	
0.893	0.976	1.650	1.467	0.793	0.560	1.069	0.960	0.593	1.293	0.867	0.952	0.926	0.900	1.102	
1.483	0.917	1.051	0.692	1.760	1.226	1.208	0.575	0.601	0.685	0.367	1.658	1.426	0.310	1.042	
0.533	0.543	0.926	1.467	1.010	1.317	1.383	0.917	0.876	0.876	1.067	0.817	1.276	1.376	0.617	
0.933	0.733	0.393	0.967	1.650	1.160	1.050	1.267	1.160	0.950	1.210	1.126	0.993	0.400	1.010	
0.500	1.400	0.867	0.667	0.917	0.917	1.333	1.000	1.283	1.533	0.583	1.233	1.233	0.667	0.867	
0.700	0.942	0.543	0.867	1.135	1.826	1.558	0.468	1.135	1.043	1.350	1.093	1.025	0.825	0.492	
0.900	0.960	0.543	1.300	1.100	0.783	0.850	1.250	0.843	1.033	1.043	1.600	0.676	1.243	0.876	
1.100	0.783	1.376	1.417	0.760	0.733	0.960	1.093	0.876	0.867	1.517	0.560	0.867	1.260	0.833	
0.533	0.476	1.450	0.583	0.726	1.393	1.250	1.167	1.583	0.810	1.226	1.260	1.283	0.533	0.726	
1.333	0.643	0.567	1.293	0.726	1.483	1.060	0.817	1.210	0.917	1.200	0.926	0.867	1.176	0.783	
1.367	1.117	1.283	1.483	0.667	1.150	1.083	0.567	1.000	1.117	1.450	0.417	0.367	1.067	0.867	
0.567	0.876	0.567	1.343	1.383	0.900	1.010	1.283	1.143	0.650	1.267	1.110	1.043	0.710	1.150	
0.817	0.733	0.676	1.560	1.460	1.236	1.460	1.060	0.702	0.367	0.536	0.843	1.010	1.283	1.260	
1.200	1.150	1.233	0.833	1.033	1.317	0.533	0.867	0.667	0.867	0.867	0.950	1.367	0.867	1.250	
1.110	0.967	0.710	1.210	1.267	1.150	1.067	0.783	0.343	0.926	1.317	0.983	1.867	0.793	0.510	
0.678	0.583	1.094	0.867	1.444	1.394	0.611	1.278	1.283	0.533	1.900	1.061	0.478	1.194	0.600	
0.900	1.000	1.267	0.617	1.267	1.150	1.267	0.783	1.017	0.867	0.833	1.000	1.350	0.900	0.783	
1.493	0.643	0.510	1.269	1.386	0.960	1.760	0.819	0.760	1.069	0.852	0.843	0.536	1.117	0.986	
1.700	1.150	1.283	0.783	0.667	0.950	0.667	1.283	1.500	0.750	0.867	0.333	1.283	1.117	0.667	
1.400	1.067	0.775	0.658	1.025	1.067	1.900	0.867	0.742	1.075	0.658	0.575	0.800	1.117	1.275	
0.500	0.867	1.010	1.317	1.143	0.976	0.643	1.343	0.533	1.583	0.667	0.700	1.226	1.093	1.400	
0.942	0.817	0.325	1.267	2.083	0.742	1.017	1.017	0.942	1.350	0.975	1.192	0.542	0.900	0.892	
1.076	0.710	0.760	1.150	0.817	0.917	1.333	1.367	1.067	1.033	1.093	0.676	1.700	0.510	0.793	
0.976	0.783	1.343	0.667	0.710	0.783	1.210	1.350	1.260	1.317	1.226	0.783	1.000	0.893	0.700	
0.810	0.528	0.621	1.311	1.028	2.010	0.621	0.926	0.621	1.694	1.228	1.250	0.944	0.593	0.817	
1.418	0.525	0.652	1.433	1.869	0.417	0.968	1.710	0.577	1.025	0.801	1.442	0.200	1.061	0.902	
1.410	0.817	0.743	1.243	0.760	1.010	0.652	0.926	1.243	1.817	0.200	0.952	1.410	0.867	0.952	
0.950	1.236	0.879	1.410	0.760	2.186	0.810	0.760	0.986	1.360	0.843	0.902	0.986	0.793	0.143	
0.950	0.786	1.736	0.810	0.452	1.436	1.010	0.902	1.102	1.150	0.893	0.393	1.286	0.726	1.369	
1.043	0.400	1.543	1.400	1.493	0.710	0.686	1.317	0.943	0.936	0.960	0.760	1.400	0.652	0.760	
0.533	0.783	1.167	1.267	0.700	1.250	1.450	0.817	0.667	1.367	0.733	1.083	1.167	1.250	0.767	
0.900	0.733	1.567	1.250	0.760	0.976	0.760	0.843	0.867	1.210	1.317	1.176	0.767	1.283	0.593	
0.783	0.267	1.717	1.375	1.142	0.433	2.575	0.725	0.892	0.658	1.633	0.683	0.725	0.708	0.683	
0.825	1.308	1.600	1.850	0.710	0.718	1.018	1.075	0.718	0.876	1.093	0.575	0.567	1.108	0.960	
1.960	1.200	0.783	0.658	0.575	0.492	0.525	1.408	1.018	0.926	0.876	1.243	0.760	1.392	1.185	
0.900	0.617	0.567	1.283	1.533	1.100	0.933	1.067	1.100	0.900	1.133	1.350	0.967	1.017	0.533	
1.069	1.010	0.700	1.210	0.926	1.683	0.936	1.093	1.176	0.893	0.543	1.383	0.543	0.733	1.102	
1.243	0.567	0.950	1.010	1.250	0.533	0.843	0.867	0.476	1.600	1.333	1.076	1.126	1.150	0.976	
2.110	0.867	0.450	1.260	1.061	0.854	1.061	0.878	0.361	1.104	0.843	0.878	1.328	0.904	1.043	
0.476	1.117	0.700	1.402	1.269	1.533	1.186	1.400	1.060	0.617	0.760	0.950	0.902	0.676	0.952	
1.101	0.685	1.375	1.083	1.893	0.417	0.292	1.810	1.125	1.226	0.625	0.625	0.476	1.458	0.810	
0.367	0.821	0.928	2.026	1.367	1.243	0.878	0.787	0.694	1.321	1.011	1.478	0.643	0.876	0.561	
0.867	1.533	1.067	1.010	0.893	0.726	0.843	0.750	1.176	0.843	0.950	1.033	1.260	1.317	0.733	
0.876	0.783	0.950	1.160	1.126	1.267	0.983	1.683	0.960	0.810	0.560	0.510	0.983	1.450	0.900	
0.367	0.976	1.033	0.817	0.843	0.793	1.093	1.267	1.450	1.367	1.617	0.510	1.067	1.126	0.676	
0.492	1.551	0.650	1.135	1.826	0.968	0.567	1.442	0.702	1.001	0.976	0.411	1.576	0.661	1.043	
1.025	0.825	1.042	0.783	1.150	0.700	0.692	1.117	1.142	0.800	1.275	1.150	0.725	1.683	0.892	
1.167	1.417	1.300	0.926	1.343	0.950	1.010	0.926	0.876	0.750	0.567	1.043	0.700	0.850	1.176	
1.200	1.250	0.817	0.700	0.950	1.200	0.600	1.283	0.950	1.117	1.067	0.867	0.700	1.200	1.100	
0.926	0.775	1.150	1.525	0.885	0.543	1.793	0.908	0.850	0.625	1.118	1.100	1.226	0.942	0.635	
0.333	1.683	0.783	1.158	0.992	0.658	1.225	0.708	0.450	0.983	1.483	1.533	1.192	0.875	0.942	
0.492	1.067	0.867	1.083	0.750	1.075	1.242	0.958	1.783	0.583	0.708	1.158	1.283	1.158	0.792	
1.108	0.575	0.983	1.967	0.900	1.108	0.867	0.867	1.200	0.992	0.375	0.858	1.075	1.183	0.942	
1.060	0.400	0.983	1.567	0.793	0.843	0.843	1.133	1.183	1.333	0.950	1.176	1.076	0.760	0.900	
1.100	1.017	0.817	0.600	1.017	1.167	1.100	1.017	0.900	1.017	1.100	0.817	1.267	1.050	1.017	
1.017	0.310	0.743	0.933	1.100	0.817	0.817	1.733	1.543	1.243	1.017	1.043	1.050	0.960	0.676	
0.950	0.843	1.043	1.343	1.167	0.333	0.783	1.367	0.510	0.667	0.867	1.210	0.926	1.593	1.400	
1.126	1.533	0.817	0.783	0.510	1.243	0.617	1.033	0.867	1.143	0.767	0.926	1.467	1.210	0.960	
1.269	0.560	0.560	1.786	0.983	0.393	0.995	1.226	1.386	1.476	0.652	0.986	0.852	0.867	1.010	
1.010	0.760	0.733	1.710	1.376	1.152	1.093	1.150	1.260	1.060	0.760	0.986	0.817	0.393	0.743	
0.867	0.933	1.510	1.210	1.067	0.902	0.843	0.726	0.760	0.702	1.543	0.926	1.233	0.676	1.102	
1.060	0.476	0.783	0.867	1.333	0.900	0.976	1.176	0.760	1.483	0.583	1.226	1.293	1.583	0.500	
1.033	0.692	0.810	1.435	1.650	1.000	0.935	1.533	0.958	0.685	0.843	0.685	1.051	1.192	0.500	
1.510	0.726	1.343	0.893	0.667	0.619	0.893	1.260	1.233	0.593	1.593	0.686	1.167	0.869	0.950	
0.783	0.450	1.017	1.067	0.933	1.150	1.283	1.267	1.017	1.183	0.733	0.983	1.283	0.783	1.067	
0.760	1.033	0.676	1.069	0.676	1.310	1.810	1.176	1.036	0.667	1.426	1.010	1.317	0.393	0.643	
0.542	0.658	0.492	0.893	0.976	1.667	1.942	0.643	0.668	1.250	1.751	0.601	1.692	0.417	0.810	
1.850	0.600	0.567	1.267	1.075	1.033	1.142	1.092	0.692	1.200	1.108	0.992	0.658	0.658	1.067	
1.010	0.708	0.667	2.150	0.825	1.192	0.718	1.601	0.792	0.885	1.885	0.718	1.417	0.292	0.143	
0.893	0.926	1.093	1.043	0.867	1.250	0.476	2.043	1.093	1.243	0.902	0.726	0.476	0.819	1.150	
0.733	0.700	1.525	1.200	1.218	0.843	1.051	0.658	1.660	1.408	1.058	0.885	0.976	0.567	0.518	
0.617	1.583	1.100	0.510	1.376	0.852	0.986	1.200	1.383	0.852	0.952	1.210	0.652	0.450	1.276	
0.950	0.833	1.200	1.283	0.867	0.917	0.917	1.317	0.917	0.950	0.917	0.750	1.200	0.833	1.150	
1.260	1.317	0.676	1.260	0.643	1.033	0.676	0.867	1.783	0.783	1.010	1.200	0.783	1.367	0.343	
0.310	0.976	0.619	1.319	1.500	1.593	0.417	1.319	1.010	1.643	0.310	1.536	0.736	0.702	1.012	
1.117	0.667	0.658	1.317	0.825	1.317	1.208	1.817	1.242	1.075	0.650	0.492	0.875	0.958	0.783	
0.700	1.176	0.867	0.893	1.210	0.667	0.643	1.450	1.400	1.593	1.233	1.426	0.676	0.367	0.700	
0.867	0.817	1.583	1.308	0.825	0.775	1.300	1.025	1.292	1.000	0.533	1.108	0.567	0.908	1.092	
1.283	0.976	0.333	1.010	0.767	1.367	1.060	1.200	1.367	1.043	1.343	0.893	0.333	0.676	1.350	
0.817	1.417	1.067	1.160	1.260	1.010	0.993	1.517	0.710	0.926	0.850	0.900	0.367	0.993	1.017	
1.517	1.400	1.067	1.126	1.317	0.976	0.900	1.010	0.760	0.667	0.710	0.976	0.926	0.817	0.833	
1.093	0.993	0.676	1.233	1.175	1.608	0.792	0.658	0.942	0.892	1.826	0.668	0.793	0.892	0.760	
1.033	1.150	0.867	0.942	0.892	1.275	1.767	1.350	1.025	0.825	0.533	0.825	0.825	0.792	0.900	
0.910	0.400	0.910	1.943	0.967	0.967	1.210	1.333	0.967	0.910	1.300	1.143	0.967	0.167	0.910	
0.876	0.593	0.986	2.117	1.033	0.986	1.576	0.167	0.952	0.510	1.093	1.176	0.617	1.076	1.243	
1.183	0.817	0.710	0.926	0.817	1.033	1.176	1.310	0.667	0.900	1.433	1.010	1.010	0.917	1.093	
0.333	0.760	1.102	1.343	2.143	1.343	0.843	0.143	1.352	0.783	1.260	0.950	0.652	1.067	0.926	
1.061	1.394	0.817	2.050	0.728	1.117	0.900	1.261	0.767	0.478	1.011	0.561	0.978	1.144	0.733	
0.686	0.850	0.852	1.410	1.576	0.943	0.567	1.010	1.443	1.183	1.293	1.126	0.736	0.960	0.367	
1.033	0.611	1.144	1.011	0.728	1.261	0.817	0.733	2.067	0.950	0.944	0.528	0.761	1.211	1.200	
0.867	1.133	0.983	1.400	0.933	0.983	1.167	0.767	1.183	0.983	1.100	0.933	1.033	0.783	0.750	
0.900	1.850	0.500	0.892	1.317	0.492	1.317	1.192	0.958	0.450	1.025	1.192	0.933	1.525	0.458	
0.850	0.793	1.543	1.460	1.067	0.843	0.843	1.010	1.176	0.893	1.219	0.793	0.902	0.510	1.100	
1.450	1.233	0.983	1.283	1.183	1.367	0.733	0.867	0.583	0.700	0.867	0.617	0.950	1.200	0.983	
0.367	0.833	0.926	1.460	0.910	1.350	1.343	0.783	0.783	1.176	1.226	1.433	0.700	0.510	1.200	
0.750	0.726	0.958	0.685	1.458	1.343	1.867	0.518	0.742	0.310	1.833	0.867	1.351	1.135	0.458	
0.810	1.317	1.033	0.893	0.960	1.650	1.367	0.676	0.833	0.833	1.010	0.760	0.783	1.283	0.793	
1.043	0.343	0.700	1.626	0.733	0.833	1.343	0.786	1.152	1.126	0.667	1.260	1.226	1.152	1.010	
1.433	0.867	0.900	1.176	1.200	1.076	1.200	0.726	0.783	0.733	0.926	0.976	0.876	1.293	0.833	
0.500	0.893	0.708	1.400	0.950	1.501	1.700	0.542	1.301	0.917	1.135	0.935	0.825	1.218	0.476	
0.593	0.710	0.486	1.393	1.376	1.436	0.902	1.019	0.343	1.093	1.386	0.533	1.652	1.212	0.867	
0.476	1.119	0.869	1.352	1.519	1.219	1.543	0.450	1.060	0.476	1.376	1.319	0.760	1.095	0.367	
0.617	1.233	1.433	1.200	0.733	1.010	0.650	0.960	1.243	1.010	1.117	0.926	0.817	0.843	1.210	
0.983	0.692	0.567	1.317	1.683	0.775	1.242	1.225	1.125	0.600	0.767	0.942	1.183	1.158	0.742	
0.743	0.668	0.617	1.717	0.968	1.158	1.051	0.742	1.550	1.051	1.492	0.926	0.792	0.960	0.567	
0.667	0.810	1.143	0.893	1.617	0.833	1.200	0.560	1.226	1.283	0.667	1.200	1.343	0.917	0.643	
1.160	0.343	0.786	1.510	1.926	1.210	1.093	1.267	0.760	0.783	0.593	0.486	0.950	1.126	1.010	
0.793	1.126	0.468	0.861	0.793	1.001	1.176	1.633	1.625	2.026	0.861	0.268	0.650	0.858	0.861	
0.593	1.152	0.629	1.369	1.619	0.952	0.843	1.486	0.893	0.593	1.333	1.102	1.060	0.783	0.593	
1.010	0.593	1.093	0.533	1.517	1.100	1.350	1.260	0.733	0.760	0.950	0.960	1.117	0.767	1.260	
0.492	1.233	0.858	1.983	0.492	1.483	0.867	1.283	0.825	0.783	1.033	1.042	0.742	1.192	0.692	
1.017	0.926	1.317	1.517	0.617	0.993	0.960	1.293	1.100	0.710	0.767	0.926	0.710	0.817	1.333	
1.825	1.025	0.167	1.875	1.042	0.700	1.033	0.492	1.992	0.417	1.325	1.000	0.500	0.792	0.817	
1.326	0.767	0.867	0.902	1.152	1.402	1.369	1.017	0.850	1.276	0.367	1.176	0.650	0.986	0.893	
0.926	1.060	0.983	1.010	0.960	1.233	1.467	1.183	1.467	0.843	0.367	0.617	1.243	0.793	0.850	
1.010	1.126	0.726	0.767	1.183	1.010	0.783	1.150	1.567	0.710	1.033	0.876	1.033	0.900	1.126	
0.750	1.067	0.917	0.983	1.267	1.033	1.317	1.317	0.583	0.900	1.233	0.533	0.917	0.867	1.317	
0.560	1.483	0.676	1.783	0.869	1.367	0.810	1.033	1.260	0.810	0.726	1.236	0.926	0.902	0.560	
0.950	1.450	1.233	0.700	0.750	0.700	1.233	1.117	1.033	0.783	0.700	1.150	0.983	0.983	1.233	
0.783	0.310	1.317	0.619	1.393	1.460	1.000	0.783	0.650	0.952	1.660	1.410	0.676	1.119	0.869	
1.501	0.710	0.617	0.750	1.000	1.533	0.367	1.700	1.117	0.650	1.968	0.468	0.268	0.885	1.468	
0.925	0.525	0.775	1.317	1.883	0.692	0.925	0.775	1.150	0.892	0.892	1.200	0.567	1.100	1.383	
0.775	1.025	0.525	1.925	1.200	0.525	0.867	1.892	1.108	1.000	0.650	1.500	0.292	0.942	0.775	
0.921	0.837	0.783	0.933	0.504	1.121	1.650	1.394	2.133	0.954	0.728	0.454	0.978	0.450	1.160	
0.343	0.567	0.668	1.900	1.667	0.668	1.308	1.075	1.143	0.743	0.710	1.325	0.885	1.108	0.892	
1.126	1.150	0.867	1.393	0.617	1.617	1.126	0.976	0.476	0.700	0.783	0.926	1.117	1.093	1.033	
0.533	1.067	1.767	1.308	0.742	0.858	0.942	0.817	0.750	0.992	0.825	1.167	1.275	0.658	1.300	
1.126	0.533	0.393	1.186	0.710	1.043	1.410	0.650	1.076	1.350	1.610	0.960	1.176	0.852	0.926	
0.760	0.893	1.518	0.958	1.635	0.843	1.652	1.268	0.935	0.435	0.893	0.685	0.560	1.325	0.643	
1.087	0.310	1.293	0.783	0.700	1.644	0.778	2.026	0.511	1.354	0.978	0.944	1.160	0.978	0.454	
1.117	0.792	0.908	1.075	1.183	2.450	1.192	0.125	0.617	1.242	0.658	1.017	0.742	0.850	1.033	
0.750	0.876	0.533	1.176	0.993	1.067	1.450	1.260	1.683	0.710	0.510	0.950	0.560	1.283	1.200	
1.267	0.310	1.419	0.843	0.476	0.819	1.519	0.400	1.210	1.052	1.552	0.829	1.410	1.043	0.852	
0.643	1.010	1.010	1.460	0.643	1.052	1.543	0.760	0.926	1.067	0.876	1.060	0.867	1.210	0.876	
0.543	0.867	0.843	1.117	0.976	0.867	0.733	1.567	1.293	1.243	0.867	0.810	0.810	1.167	1.300	
0.600	1.336	0.876	1.152	0.733	1.069	0.833	0.743	0.936	0.819	0.936	1.202	1.386	1.336	1.043	
0.843	1.460	0.567	1.493	1.060	0.952	1.117	0.560	0.543	1.152	1.186	1.483	1.126	0.843	0.617	
0.760	0.750	1.660	0.992	0.792	0.960	0.900	1.275	1.525	1.018	0.858	0.992	0.676	0.760	1.085	
1.250	2.350	1.267	0.760	0.760	0.983	1.267	0.876	0.983	0.876	0.767	0.960	0.143	0.676	1.083	
0.643	0.417	0.926	1.617	1.093	1.176	1.450	1.226	0.833	1.083	0.760	0.700	1.033	1.033	1.010	
1.250	1.067	0.867	1.192	0.625	0.658	1.858	0.958	0.650	0.167	1.817	1.108	0.825	1.133	0.825	
0.792	0.733	0.975	0.983	1.683	0.800	0.992	0.792	1.192	0.700	0.875	1.150	1.025	1.067	1.242	
1.019	0.917	1.067	1.700	1.152	1.343	0.560	0.736	1.283	1.010	0.760	0.760	1.667	0.343	0.686	
0.743	0.686	0.686	0.936	2.243	1.633	0.543	0.886	1.176	1.176	0.143	0.936	0.879	0.943	1.393	
0.725	0.468	1.433	1.051	1.633	0.760	0.692	1.143	2.067	0.492	1.043	0.960	0.825	0.992	0.718	
1.350	0.600	1.392	1.225	1.042	0.900	0.617	1.667	0.492	0.533	0.992	0.992	1.025	1.067	1.108	
0.926	0.650	1.017	1.350	0.817	1.067	0.760	0.710	0.843	1.243	1.517	1.010	1.093	1.233	0.767	
0.743	1.317	0.960	0.760	0.676	1.600	0.710	1.267	1.117	1.126	0.600	0.983	1.143	0.817	1.183	
0.793	0.976	1.835	0.625	1.075	0.950	0.926	0.833	0.500	0.950	1.701	0.893	1.450	0.718	0.775	
0.760	0.869	0.926	0.893	0.700	0.950	1.317	1.460	1.152	0.710	1.010	0.726	0.893	1.176	1.460	
1.017	1.400	0.733	0.950	1.033	0.950	1.517	1.367	1.317	0.733	0.333	1.183	1.167	0.533	0.767	
0.960	0.793	0.952	0.993	0.652	1.150	0.500	1.443	1.443	1.150	0.936	0.710	1.067	0.902	1.350	
0.767	1.850	1.517	1.460	0.968	1.010	0.593	0.542	0.825	0.617	1.168	1.042	1.018	0.825	0.801	
1.350	0.867	1.267	0.533	1.033	1.017	0.983	0.733	0.750	0.850	0.867	1.067	1.367	1.083	1.233	
0.742	0.685	0.992	1.260	1.575	0.968	1.793	1.267	0.893	1.067	0.733	0.726	0.685	0.825	0.792	
1.025	1.100	0.650	1.700	0.725	1.233	0.800	1.025	0.858	0.800	0.975	1.100	0.925	1.108	0.975	
0.858	1.033	1.033	1.150	1.267	0.450	0.983	1.242	0.575	1.142	0.708	0.858	1.767	1.275	0.658	
1.176	1.376	1.102	1.267	0.593	1.000	0.893	0.843	0.760	0.902	0.567	1.760	1.010	1.360	0.393	
1.283	0.593	1.010	0.817	1.200	0.760	1.033	0.510	0.917	1.226	0.750	1.176	1.733	1.283	0.710	
0.510	0.867	0.652	1.543	0.736	1.450	1.176	1.210	1.060	1.033	0.702	0.900	1.643	0.783	0.736	
0.867	1.217	1.017	0.960	1.293	1.210	0.400	0.983	0.726	1.317	0.793	1.467	0.800	1.043	0.910	
0.625	1.176	0.367	1.408	0.685	0.976	1.408	1.226	1.843	0.825	0.760	0.792	0.658	1.158	1.093	
0.800	0.892	0.942	1.100	1.283	1.783	0.975	0.492	0.650	0.975	1.158	0.800	0.942	1.383	0.825	
0.417	1.576	0.900	1.435	1.475	1.067	1.442	0.250	0.968	0.851	0.676	0.635	0.885	1.317	1.108	
1.233	1.160	0.910	1.243	0.900	0.567	0.783	0.910	1.076	1.333	0.733	0.910	1.017	1.150	1.076	
0.500	1.317	1.267	1.000	1.010	1.117	0.760	0.843	1.260	0.676	0.926	0.533	1.533	0.750	1.510	
1.143	1.167	0.750	1.400	0.567	1.210	0.533	1.317	0.843	0.750	0.867	1.176	1.060	1.126	1.093	
0.817	0.733	1.150	1.150	1.283	0.783	1.217	1.033	0.567	0.833	0.950	1.317	0.767	1.083	1.317	
0.767	0.533	1.226	1.583	1.233	0.976	1.176	1.093	1.093	0.417	1.000	1.093	1.350	0.843	0.617	
0.783	1.200	1.233	0.750	0.567	0.783	1.267	1.367	1.400	1.000	1.183	1.200	0.567	0.917	0.783	
0.817	1.300	0.967	0.933	1.067	1.017	1.083	0.733	1.217	1.233	1.000	0.967	1.267	0.450	0.950	
0.910	1.017	0.810	1.000	1.183	1.067	1.043	1.017	1.867	0.967	0.560	1.126	1.310	0.733	0.393	
1.267	0.560	1.176	1.343	0.567	0.867	0.810	1.017	1.210	1.117	1.533	1.460	0.726	0.533	0.817	
1.017	0.943	0.567	1.293	0.993	0.867	0.810	1.076	0.900	0.567	0.933	1.417	1.350	1.143	1.126	
0.617	0.843	0.817	0.983	1.117	1.350	0.676	0.926	1.076	1.150	1.126	1.017	2.093	1.043	0.167	
1.167	0.843	1.260	1.433	0.650	0.817	0.760	1.176	0.733	1.060	1.233	1.210	0.926	0.733	1.000	
0.817	0.583	0.900	1.433	1.183	1.033	0.900	0.783	1.433	1.350	0.983	0.533	0.983	1.150	0.933	
0.676	0.910	0.429	1.600	1.186	0.879	1.543	1.593	1.010	1.093	0.486	1.543	0.676	1.129	0.250	
0.492	1.083	0.742	1.750	0.942	1.383	0.767	0.900	1.308	0.908	1.158	1.025	0.983	0.942	0.617	
0.819	0.676	1.276	0.750	1.550	0.700	1.517	0.676	0.952	0.986	0.876	1.219	1.076	0.967	0.960	
1.450	0.450	2.467	0.433	0.833	0.433	0.667	0.467	1.433	0.917	0.967	1.250	0.917	1.017	1.300	
0.643	0.575	1.242	0.976	1.575	1.160	0.917	1.200	0.718	0.876	1.843	0.992	0.742	0.742	0.801	
0.950	0.892	0.775	0.458	1.842	1.025	1.592	0.900	0.742	1.150	1.108	0.600	0.825	1.242	0.900	
0.833	0.876	1.060	1.126	0.567	0.867	1.093	1.350	1.160	1.676	0.676	0.867	0.333	0.950	1.567	
0.676	1.267	0.710	1.726	1.033	0.817	0.867	1.400	1.126	1.093	1.176	0.976	1.117	0.200	0.817	
0.417	0.783	0.700	1.117	1.400	1.200	1.200	1.000	0.783	0.833	1.417	1.533	1.167	1.083	0.367	
0.621	1.528	0.587	1.644	0.587	0.417	0.917	2.010	1.278	0.783	1.087	0.454	1.333	0.671	1.083	
1.067	0.492	1.542	1.367	0.435	1.510	0.867	0.935	1.893	1.135	0.417	1.408	0.367	0.435	1.135	
1.210	0.910	0.900	0.617	1.017	0.900	1.010	1.010	0.650	1.093	1.467	1.126	1.183	1.367	0.543	
1.317	1.517	1.250	0.926	0.843	1.076	0.676	0.667	1.067	0.976	0.926	0.783	0.783	1.150	1.043	
0.910	0.933	0.783	0.910	1.210	1.100	0.567	1.243	1.083	1.326	0.617	0.593	1.433	1.176	1.117	
0.575	0.858	1.250	1.967	1.717	0.567	0.783	1.275	1.158	1.142	0.900	0.950	0.450	0.958	0.450	
0.476	1.000	1.176	1.400	0.700	1.150	0.843	1.093	1.126	0.500	1.343	1.117	1.283	1.260	0.533	
0.928	0.650	0.500	1.344	1.200	2.100	1.294	0.900	0.694	0.728	1.033	1.044	0.978	0.311	1.294	
0.417	1.150	0.817	1.117	0.983	1.567	1.283	0.867	1.150	1.117	0.917	1.150	1.033	0.700	0.733	
0.468	0.917	0.575	1.268	0.750	1.075	1.743	0.760	0.783	1.085	1.158	1.126	0.858	1.458	0.976	
1.260	1.150	0.943	1.200	0.650	0.900	0.733	0.993	0.500	1.126	1.017	0.976	1.043	1.350	1.160	
0.817	1.325	1.033	0.783	1.268	0.792	0.935	1.418	1.843	1.168	0.417	0.710	0.950	0.375	1.168	
0.367	1.183	0.367	1.433	1.433	1.067	0.733	0.900	1.317	1.167	1.233	0.983	1.183	0.733	0.900	
0.867	0.700	0.600	1.233	0.667	1.100	1.067	1.417	1.150	1.267	0.700	1.283	1.150	0.700	1.100	
0.710	0.793	1.067	1.550	0.850	0.960	1.350	1.093	0.943	1.117	1.043	0.760	0.817	0.800	1.150	
0.910	0.819	0.902	1.543	0.983	1.150	0.643	0.650	1.360	1.086	1.033	1.093	0.886	0.793	1.150	
0.900	0.825	1.025	1.100	0.525	2.017	1.933	0.858	0.292	0.167	0.983	1.217	0.658	1.092	1.408	
0.835	0.942	0.743	1.526	1.242	1.068	1.233	1.775	0.367	0.825	0.593	1.093	1.475	0.918	0.367	
1.225	0.668	0.918	1.067	0.933	0.710	1.500	1.475	1.743	0.400	0.968	0.635	0.575	0.960	1.225	
1.150	0.700	1.567	1.200	0.983	1.200	1.533	0.667	1.117	1.250	0.367	1.033	0.533	1.367	0.333	
0.867	1.010	1.143	1.000	1.433	0.710	0.843	1.426	1.267	1.033	0.710	0.617	1.210	0.417	1.317	
0.760	0.876	0.617	1.060	1.283	0.710	0.710	1.600	1.200	1.183	0.983	1.010	0.833	1.367	0.810	
1.108	0.492	0.933	1.992	0.617	1.267	0.692	1.200	0.167	1.683	1.075	0.825	1.058	0.858	1.033	
1.183	0.700	1.261	1.094	0.617	0.894	1.933	0.961	0.778	0.728	0.678	1.033	0.933	1.228	0.978	
0.486	0.817	0.936	1.376	1.093	1.583	1.126	0.567	1.010	0.760	0.736	1.600	1.126	0.936	0.850	
1.150	0.978	0.528	2.017	1.294	0.811	0.978	0.817	1.294	0.900	0.617	0.894	1.117	0.878	0.728	
1.058	0.742	0.700	1.533	1.200	1.100	0.742	0.458	1.867	0.700	1.025	0.858	0.492	1.458	1.067	
1.443	1.067	0.367	1.343	1.043	1.410	0.710	0.886	1.436	0.993	1.126	0.933	0.593	0.910	0.743	
0.926	0.793	0.793	1.033	1.060	1.350	1.567	0.760	1.083	0.500	1.376	0.760	0.867	0.733	1.400	
0.617	0.733	1.443	1.617	0.876	1.493	1.202	0.533	0.452	0.869	1.533	0.533	1.069	0.926	1.102	
0.950	1.200	0.867	1.200	1.033	0.867	1.367	0.900	0.783	0.833	1.400	0.917	0.583	1.100	1.000	
1.176	1.300	1.193	0.983	0.933	1.043	0.983	0.650	0.760	0.733	1.093	0.600	1.010	1.417	1.126	
1.610	0.450	0.943	1.168	1.342	1.118	0.975	1.725	0.967	0.992	1.017	0.668	0.943	0.885	0.200	
0.983	1.283	0.917	0.750	1.183	0.867	1.217	0.900	1.000	0.950	1.233	0.900	1.317	0.583	0.917	
0.850	1.108	0.650	1.042	1.983	1.517	0.742	0.292	0.692	1.158	1.142	0.825	0.983	1.033	0.983	
0.783	1.808	0.492	0.603	1.761	0.986	0.783	1.194	0.567	1.344	2.069	0.167	0.819	0.403	1.219	
1.400	0.810	1.093	0.650	1.176	0.686	1.517	1.343	1.093	0.986	0.900	0.619	1.019	0.533	1.176	
1.126	0.510	0.533	1.533	1.460	1.810	0.676	0.869	1.060	1.186	0.200	0.726	0.760	1.176	1.376	
0.725	1.108	1.442	0.942	1.883	0.533	0.767	1.150	0.892	1.100	1.150	0.492	0.958	0.525	1.333	
0.500	1.100	1.067	0.533	1.233	1.067	0.900	0.900	1.433	0.900	1.533	0.333	1.667	1.500	0.333	
1.210	0.167	0.560	0.952	1.483	1.119	1.426	0.583	0.643	1.460	1.010	0.510	1.036	0.893	1.950	
0.700	0.800	0.810	1.043	1.017	1.517	1.267	0.926	0.810	1.160	1.067	1.033	0.993	0.843	1.017	
0.810	1.176	0.926	0.876	0.750	2.210	1.019	0.843	0.676	1.460	1.150	0.143	1.067	0.819	1.076	
1.083	0.560	0.926	1.350	0.733	1.433	0.926	1.600	1.126	0.867	0.933	1.110	0.926	1.176	0.250	
1.550	0.800	1.500	1.069	0.993	0.567	0.993	0.960	1.126	0.936	0.676	1.176	0.676	1.269	0.710	
1.050	0.810	1.076	0.793	0.876	1.150	1.126	1.567	1.150	0.510	0.417	1.017	1.567	1.017	0.876	
1.126	1.200	1.210	0.650	1.043	0.876	1.500	0.976	0.543	0.900	1.167	1.060	0.767	1.183	0.800	
1.600	0.510	0.533	1.219	1.243	1.043	1.210	1.767	0.343	1.186	0.876	0.343	0.933	1.152	1.043	
0.367	1.192	1.392	1.060	1.710	0.792	0.718	0.742	1.185	0.950	0.760	0.935	1.510	0.825	0.867	
1.233	0.817	1.360	0.783	0.986	1.210	2.293	0.702	1.343	0.876	0.143	1.036	0.510	0.926	0.783	
1.212	0.343	0.986	1.152	1.626	1.633	0.819	0.900	0.929	0.667	0.343	1.119	1.186	1.410	0.676	
0.750	1.450	0.760	0.750	0.700	0.926	1.126	0.893	1.400	1.010	0.867	1.343	0.783	1.176	1.067	
0.667	0.667	0.676	1.226	1.010	1.083	1.093	1.393	1.417	0.476	1.283	1.533	1.083	1.060	0.333	
1.526	0.743	0.650	1.267	1.526	0.993	1.076	0.993	0.886	1.150	0.486	0.983	1.043	0.793	0.886	
0.533	1.033	1.025	1.158	1.733	0.658	1.308	0.692	0.658	0.692	1.242	1.017	0.867	1.117	1.267	
0.775	0.742	0.700	0.950	0.900	1.033	1.683	1.283	0.775	0.892	0.992	1.033	0.958	1.142	1.142	
1.233	0.367	1.343	1.593	0.700	0.893	1.317	1.283	0.667	1.426	1.210	0.843	0.533	1.010	0.583	
0.792	0.917	0.250	1.733	1.492	1.142	1.192	0.958	0.750	0.733	1.150	1.367	1.108	0.792	0.625	
0.700	1.033	2.017	1.094	1.267	1.511	0.561	0.444	0.667	1.178	0.811	0.567	1.228	0.944	0.978	
0.450	1.826	1.010	1.010	0.992	0.542	0.468	0.933	1.325	1.293	1.025	1.442	0.692	1.085	0.910	
1.600	1.317	1.117	0.926	0.783	0.676	1.010	1.243	0.733	0.926	0.843	0.643	0.900	1.367	0.917	
0.652	0.876	0.760	1.286	1.202	0.893	1.036	1.269	1.460	1.726	1.095	0.343	0.760	0.893	0.750	
1.226	0.810	0.567	1.010	1.086	1.593	0.583	1.269	0.567	1.343	1.460	1.176	1.083	0.686	0.543	
0.667	0.583	1.093	1.033	1.260	1.343	0.600	1.400	0.676	0.810	1.100	0.876	1.150	1.150	1.260	
0.876	0.518	0.292	1.733	1.617	1.242	0.950	0.742	0.685	0.893	0.885	2.067	0.560	0.908	1.035	
1.150	1.400	0.983	0.533	1.433	1.183	0.583	0.950	0.983	1.433	0.783	0.733	0.900	0.967	0.983	
1.392	0.492	1.551	1.244	1.144	0.560	0.819	2.117	1.610	0.343	0.710	0.310	0.992	0.835	0.885	
0.676	0.900	0.976	0.900	1.476	0.476	0.783	0.726	1.483	1.233	0.476	1.700	1.126	1.033	1.033	
0.817	1.176	1.100	0.960	0.867	1.076	0.593	0.917	0.500	1.433	1.060	1.483	0.933	0.876	1.210	
1.317	1.217	0.567	1.067	0.933	1.267	1.117	0.933	1.233	0.567	1.150	1.100	0.567	1.233	0.733	
0.510	1.143	0.510	1.617	1.043	0.967	1.400	1.376	1.017	0.933	0.926	1.100	0.900	0.450	1.110	
0.792	1.242	1.242	0.750	0.833	0.833	1.667	1.242	2.033	0.792	0.792	0.750	1.242	0.167	0.625	
1.117	1.343	1.010	1.567	0.767	0.783	1.117	0.926	0.560	1.267	0.760	0.817	1.176	1.033	0.760	
0.700	0.967	0.952	1.326	0.852	1.326	0.676	0.676	1.326	0.910	0.676	1.610	0.700	1.093	1.210	
0.767	1.167	1.050	1.017	1.017	1.100	1.117	1.017	0.933	1.317	1.067	0.817	0.850	0.900	0.867	
0.541	1.067	0.508	0.874	2.633	1.083	1.274	0.791	1.041	0.741	0.741	0.767	0.908	0.958	1.074	
1.283	0.983	0.783	1.350	0.667	1.200	0.783	1.150	1.233	1.067	0.917	0.950	0.783	0.783	1.067	
0.533	0.910	1.176	1.176	1.533	1.233	0.560	0.710	0.367	1.650	1.210	0.933	1.017	0.810	1.183	
1.160	0.933	0.835	0.708	1.075	2.076	1.010	0.960	0.292	1.460	0.942	0.768	0.783	0.692	1.308	
0.950	0.583	1.476	1.367	1.843	0.393	0.976	1.102	1.176	0.843	0.676	0.536	0.810	0.926	1.343	
