1.011	0.936	0.776	1.038	0.656	1.022	1.001	1.125	0.664	1.277	1.003	1.049	1.027	1.415	1.000	
0.420	1.017	0.796	1.083	1.325	0.807	1.649	0.795	1.056	1.106	1.230	1.275	0.781	0.617	1.043	
1.045	1.120	0.596	2.197	0.855	0.787	0.796	0.998	0.623	1.073	0.579	1.248	1.012	1.039	1.031	
0.792	1.222	1.056	1.065	0.408	1.026	1.280	1.006	0.599	0.994	0.923	1.394	1.767	0.429	1.040	
0.904	1.250	0.973	0.700	0.958	0.673	1.235	0.978	0.619	1.044	1.191	1.078	1.523	0.964	0.909	
0.782	0.790	0.933	1.306	0.806	1.052	1.429	0.796	0.463	0.611	1.208	1.217	1.211	1.253	1.145	
1.006	1.254	0.813	1.232	0.816	1.549	0.818	1.067	1.092	0.586	1.305	1.254	0.998	0.606	0.603	
0.977	0.821	0.426	1.373	0.827	0.398	1.526	1.031	0.891	0.799	1.507	1.185	0.989	1.035	1.214	
0.609	0.836	0.964	1.308	0.866	1.672	0.797	1.483	1.271	0.248	1.197	1.187	0.780	0.798	0.983	
0.693	1.455	1.251	0.638	0.990	0.672	0.858	0.938	0.819	1.293	1.014	0.971	1.461	0.791	1.157	
0.602	1.403	1.184	1.179	0.981	0.581	1.621	1.161	0.937	1.013	0.787	0.816	0.974	0.809	0.952	
1.048	1.032	0.595	1.893	1.258	1.047	0.788	0.609	1.052	1.235	0.202	0.980	1.201	0.807	1.255	
1.219	0.818	0.786	1.789	0.391	1.239	0.787	0.827	0.772	1.302	0.989	0.407	1.333	1.316	1.025	
1.131	0.997	0.841	1.241	1.256	1.063	0.607	1.256	0.813	0.634	0.842	1.044	1.010	1.224	1.041	
0.802	0.647	0.864	0.657	1.038	1.223	1.487	0.834	1.037	0.652	1.432	1.009	1.233	1.282	0.801	
0.593	1.407	0.674	1.047	1.514	1.022	0.404	1.640	1.261	0.570	1.387	0.672	1.201	0.567	1.040	
1.029	0.782	1.296	0.802	0.804	1.028	1.057	0.657	1.051	0.868	0.863	1.456	1.254	1.252	0.801	
0.611	0.998	0.836	1.009	1.273	1.021	1.333	0.598	1.252	0.844	1.031	0.815	1.252	1.095	1.031	
0.820	1.026	1.240	1.016	0.826	1.032	1.428	1.335	0.956	0.991	0.880	0.779	0.450	1.231	0.991	
1.032	1.257	0.904	1.209	1.042	1.098	0.839	1.026	0.788	1.200	0.648	1.259	1.052	0.602	1.044	
0.767	0.836	0.623	1.119	1.439	0.906	1.031	0.821	0.898	0.834	1.626	1.194	1.039	1.218	0.650	
0.452	1.029	1.374	0.941	1.162	1.322	0.962	1.530	0.947	1.164	1.248	0.987	0.230	0.810	0.844	
0.843	0.604	0.832	1.698	0.850	0.822	0.815	1.054	0.850	1.036	1.010	1.545	1.003	1.012	1.026	
1.285	0.892	1.221	1.321	1.236	0.993	1.472	0.974	0.844	0.765	0.700	0.799	0.995	0.847	0.655	
1.509	1.027	0.805	0.842	0.825	1.482	0.846	1.224	0.823	0.830	1.045	0.820	1.039	0.821	1.063	
0.986	1.017	0.835	1.429	1.107	1.260	1.247	1.026	1.036	0.821	1.038	0.457	1.010	0.927	0.805	
1.665	1.205	0.808	0.754	1.014	1.052	1.450	0.611	0.476	1.384	0.781	0.981	0.609	1.161	1.049	
0.976	0.625	1.270	1.253	1.009	0.584	1.028	0.838	0.766	1.442	1.456	1.682	1.281	0.579	0.212	
1.004	0.605	0.514	1.642	0.997	1.197	0.889	0.979	0.962	0.773	0.857	0.746	1.187	1.470	1.177	
1.067	0.612	1.193	0.794	1.323	1.042	1.053	1.508	1.198	0.629	0.836	1.238	1.318	0.583	0.606	
0.655	1.005	0.831	1.225	0.994	1.244	1.286	1.029	1.007	0.834	0.870	1.040	1.100	0.814	1.065	
1.040	1.051	0.846	1.029	0.839	1.045	1.019	1.016	1.240	1.061	1.047	1.028	0.834	0.843	1.063	
0.784	0.847	1.061	1.246	0.586	0.641	1.297	1.257	0.910	0.836	0.792	1.218	0.854	1.465	1.206	
1.071	0.837	0.832	1.276	0.862	1.240	1.064	0.835	0.819	0.826	1.053	1.453	0.766	1.228	0.838	
1.538	0.692	1.647	1.470	0.784	0.887	0.792	1.219	0.842	1.003	0.695	1.003	0.954	0.593	0.879	
0.802	0.694	1.424	0.763	1.636	0.801	1.015	1.172	1.406	0.681	0.831	1.392	0.989	0.962	0.431	
1.247	0.596	1.051	1.060	0.832	0.815	1.266	1.021	1.509	0.842	1.060	1.274	0.837	0.801	0.789	
1.238	0.597	1.062	1.544	0.810	1.234	1.432	0.657	0.876	0.688	1.065	0.971	0.986	1.230	0.609	
0.588	0.801	0.598	1.106	0.806	1.285	1.201	1.727	0.775	1.732	1.029	1.095	0.613	1.038	0.606	
1.065	1.111	0.986	1.096	0.608	0.629	0.817	0.804	1.211	1.002	1.456	1.285	1.236	1.078	0.616	
1.129	0.414	1.225	1.319	1.087	1.227	0.423	0.599	1.320	0.847	1.001	1.221	1.436	0.776	0.978	
1.067	0.974	0.426	1.501	0.781	1.390	0.590	1.213	1.220	1.452	0.980	1.114	0.805	0.862	0.626	
1.087	1.225	0.823	1.200	1.125	1.040	1.313	0.808	1.027	0.882	1.027	0.992	0.650	1.183	0.618	
1.111	1.421	0.841	0.857	1.063	1.208	0.983	1.087	0.662	1.051	0.827	0.628	0.984	1.462	0.814	
1.099	1.166	0.510	1.424	1.201	1.016	0.756	0.777	0.790	1.165	0.580	1.251	1.196	1.258	0.812	
0.629	0.420	1.653	1.210	1.415	0.807	0.796	1.336	0.801	0.605	1.090	1.097	0.813	1.113	1.215	
1.179	1.113	1.111	0.789	0.624	1.073	1.222	0.814	0.858	1.454	1.259	0.886	0.632	0.986	1.000	
0.798	1.683	0.450	0.594	1.063	1.263	1.027	1.024	1.004	0.583	1.239	1.094	1.242	0.904	1.032	
1.243	1.051	0.838	1.070	0.807	1.028	1.046	0.816	0.862	1.262	1.017	0.848	1.046	1.036	1.031	
0.571	0.973	0.597	1.413	1.117	0.958	0.778	1.198	1.636	0.576	1.394	0.745	1.445	0.812	0.785	
0.785	1.260	0.762	1.190	1.304	0.610	1.475	1.161	0.610	1.535	1.226	1.011	1.058	0.404	0.607	
1.337	1.526	0.632	0.604	0.998	1.115	0.961	0.582	1.278	0.849	1.264	1.272	0.588	1.191	0.801	
1.427	0.609	0.534	0.896	0.804	0.826	0.842	1.417	1.177	0.912	1.021	1.638	1.161	0.807	0.928	
0.832	0.882	1.392	1.033	1.042	1.505	0.978	0.858	0.965	1.265	0.636	0.958	0.437	1.200	1.016	
1.243	0.820	1.024	1.936	1.714	0.620	1.052	1.062	0.805	1.014	0.781	0.614	0.839	0.615	0.862	
0.865	0.835	0.979	0.651	1.505	1.045	1.005	1.062	1.245	0.626	1.205	0.866	1.239	1.071	0.801	
0.846	1.262	1.253	0.767	1.054	1.274	1.038	1.210	1.210	1.258	1.080	0.801	0.667	0.625	0.656	
1.201	0.828	0.590	1.008	1.178	1.275	1.016	0.653	0.910	0.667	1.242	1.212	1.439	0.444	1.338	
1.075	0.591	1.276	0.853	1.250	0.633	1.298	1.226	0.832	1.255	1.070	0.802	1.213	0.991	0.635	
1.207	0.995	0.805	0.993	1.006	0.801	1.620	0.790	1.037	1.233	0.484	0.736	1.261	1.218	0.815	
0.811	0.559	0.950	0.956	0.464	1.101	1.259	1.749	0.947	1.168	1.400	1.192	1.226	0.786	0.429	
1.009	0.598	1.024	1.255	0.789	0.805	1.053	1.875	1.105	1.255	0.455	1.004	0.779	0.917	1.077	
1.248	1.616	0.597	0.405	1.205	1.068	1.293	0.810	0.771	1.461	0.802	0.775	1.320	0.404	1.224	
1.048	0.503	0.996	1.301	0.830	0.812	1.378	0.714	1.068	0.801	1.006	1.588	1.023	0.943	0.989	
1.421	0.232	0.603	1.037	0.983	1.387	1.007	1.052	1.027	1.549	1.003	0.799	0.975	1.291	0.636	
0.793	0.992	0.618	0.896	1.668	1.207	1.620	0.787	1.169	1.010	1.026	0.819	0.967	0.429	1.000	
1.239	0.995	1.077	1.212	1.030	0.818	0.790	1.249	0.832	0.965	0.854	0.769	1.506	1.226	0.438	
1.232	0.467	0.963	1.173	0.831	1.154	1.411	1.330	0.619	0.803	1.043	0.944	1.015	1.219	0.797	
1.001	1.207	0.472	1.228	0.785	0.957	1.237	1.077	1.233	1.209	0.818	1.158	1.013	0.813	0.794	
0.641	1.041	1.237	0.985	0.794	1.113	0.816	0.960	1.048	1.467	0.672	0.920	1.121	0.977	1.207	
0.856	1.249	0.861	0.722	1.222	1.002	0.775	1.302	0.670	1.256	1.255	0.581	0.781	1.228	1.240	
1.024	0.990	1.060	0.859	0.624	1.001	1.507	0.659	0.831	1.010	1.510	0.840	1.518	0.385	1.183	
0.778	0.987	1.086	0.805	1.605	1.318	0.822	0.483	1.072	0.995	0.736	0.986	1.453	1.248	0.626	
0.604	0.820	0.578	2.183	0.837	1.071	0.873	1.484	0.572	1.037	0.820	1.016	0.821	1.009	1.273	
0.759	0.939	1.004	0.870	0.477	0.612	1.223	1.266	1.447	0.764	1.482	0.853	0.898	1.207	1.198	
0.418	1.023	0.657	0.677	0.832	1.446	0.578	0.854	1.101	1.306	0.762	1.772	1.617	0.738	1.217	
0.614	1.428	1.256	0.803	1.324	0.860	1.161	0.806	0.977	0.655	0.807	1.481	0.826	1.040	0.963	
1.023	0.600	1.034	1.252	1.885	0.880	0.840	1.243	0.636	0.832	0.822	0.829	1.081	1.015	1.027	
0.850	1.197	1.041	1.217	0.840	1.113	0.831	0.821	1.024	0.778	1.211	1.083	0.864	1.247	0.882	
0.249	1.178	0.599	1.312	1.226	0.817	0.961	1.003	1.173	1.311	1.200	1.128	1.463	0.954	0.425	
0.985	0.750	1.296	1.400	1.123	0.703	1.141	1.363	1.106	0.944	1.003	1.103	0.278	1.148	0.656	
0.597	1.425	1.090	0.969	1.041	0.745	1.158	0.989	1.329	1.167	1.040	1.192	0.772	0.950	0.536	
1.071	0.607	0.997	1.335	1.529	0.830	1.068	0.383	0.821	0.981	1.739	0.605	1.189	1.257	0.589	
1.265	0.394	0.845	1.646	0.841	1.133	1.020	0.800	1.583	1.399	1.152	1.227	0.799	0.615	0.282	
1.007	0.797	0.694	1.284	0.862	1.463	1.026	0.853	1.513	0.992	0.690	0.793	1.216	0.808	1.002	
0.833	0.695	1.624	0.664	1.431	0.820	0.773	0.795	1.285	1.041	1.271	0.797	1.266	0.807	0.898	
1.535	0.598	1.228	1.267	1.887	0.749	0.618	0.781	1.294	0.817	0.845	0.634	1.205	0.857	0.685	
1.432	0.442	0.591	1.716	1.326	0.902	1.062	0.814	0.622	1.255	0.619	1.448	0.619	0.998	1.154	
1.018	0.415	1.027	1.092	1.721	0.380	0.828	1.296	1.261	1.005	1.530	0.782	1.245	0.776	0.625	
0.608	0.997	0.652	1.131	1.255	0.832	0.599	1.213	1.673	1.016	0.791	1.085	0.829	1.035	1.284	
1.056	1.267	0.621	1.693	0.634	1.178	0.850	1.053	1.220	0.999	1.279	0.641	0.571	1.034	0.904	
1.005	1.032	0.581	2.090	1.285	0.769	1.474	0.829	0.819	0.244	1.056	0.813	1.201	1.174	0.628	
1.039	1.216	0.440	1.142	1.068	1.220	1.001	0.985	1.215	1.029	1.038	0.830	0.805	1.145	0.827	
1.054	1.030	0.625	1.316	0.818	0.812	1.081	1.451	1.018	1.059	1.037	1.278	1.026	0.586	0.810	
0.799	0.442	0.784	1.447	1.024	1.033	1.046	1.015	1.431	1.251	0.813	0.805	1.120	1.184	0.806	
1.107	0.750	0.742	1.404	1.200	0.851	1.393	0.864	1.013	0.925	1.218	1.015	0.707	1.054	0.757	
1.268	1.060	1.283	1.022	1.022	0.791	1.246	0.795	0.593	1.283	0.856	1.280	0.854	0.848	0.800	
1.205	0.627	0.801	0.819	1.250	1.278	1.266	0.849	1.300	1.010	0.606	0.888	1.027	1.072	1.001	
1.262	1.062	0.796	1.039	1.046	1.265	1.266	1.010	0.614	0.609	1.231	0.614	1.088	1.041	1.057	
1.013	0.974	0.572	1.187	1.369	0.714	0.712	1.183	0.828	1.236	1.198	0.889	0.852	1.247	1.025	
1.101	0.824	1.025	1.241	1.235	1.002	1.254	0.838	1.038	0.826	0.816	1.068	1.029	0.857	0.845	
1.477	0.991	1.029	1.399	0.985	0.767	1.258	0.967	1.194	1.136	1.063	0.960	0.280	1.075	0.419	
1.083	1.232	1.030	1.066	0.837	1.010	1.222	0.808	1.241	1.071	0.833	0.845	1.047	0.632	1.044	
0.764	0.576	1.043	0.615	1.230	0.814	1.736	1.152	1.219	0.975	0.805	1.610	0.422	1.438	0.602	
1.221	0.456	1.181	1.177	1.566	0.960	1.367	0.934	1.042	0.984	1.020	0.991	0.591	0.411	1.100	
0.609	1.013	1.048	1.243	1.368	1.063	1.010	0.834	1.449	0.969	0.811	0.601	0.417	1.181	1.385	
1.019	0.611	0.873	0.805	0.643	1.304	1.093	1.267	1.209	1.013	1.035	1.072	1.003	1.051	1.004	
1.264	0.611	1.066	0.846	1.463	0.827	1.102	1.006	1.029	0.842	0.839	1.216	0.835	0.977	1.079	
1.024	0.817	0.791	1.234	1.682	1.098	0.810	0.850	1.048	0.887	0.591	0.827	1.228	1.270	0.843	
0.397	0.804	1.195	1.276	1.151	1.562	1.038	1.329	0.987	0.985	0.428	0.806	0.807	0.818	1.417	
1.214	1.662	0.651	0.804	0.982	1.060	0.976	0.925	0.878	1.010	0.773	0.892	1.310	1.020	0.844	
0.621	1.014	0.653	0.957	0.834	0.664	0.664	0.648	1.274	0.979	1.310	1.489	1.369	1.459	1.064	
1.012	1.049	1.047	1.082	1.640	0.987	0.643	0.839	1.339	0.876	0.812	0.809	0.641	1.240	0.986	
0.857	0.577	1.261	1.116	0.621	1.415	1.271	1.678	0.801	0.670	0.586	0.852	1.211	1.007	1.075	
1.242	1.051	0.633	1.258	0.652	1.749	0.857	0.778	0.792	1.002	0.643	1.030	1.058	1.279	0.976	
0.744	0.997	1.175	1.052	1.387	1.317	0.414	0.969	0.768	1.009	0.794	1.295	1.087	1.518	0.474	
1.263	0.966	0.673	1.165	1.782	1.058	0.790	0.778	0.730	1.262	0.387	0.678	1.074	1.214	1.181	
1.092	0.602	1.223	1.498	0.812	1.062	1.057	0.832	0.834	1.657	0.788	0.840	1.054	0.832	0.818	
1.085	1.106	0.776	0.647	1.203	1.542	0.768	1.018	1.417	1.110	0.840	1.425	1.021	0.408	0.631	
1.028	1.300	0.902	0.827	1.000	1.007	1.028	0.650	1.190	0.826	0.853	1.105	1.246	0.817	1.221	
0.388	1.135	0.726	1.213	1.254	1.168	0.706	1.020	1.461	0.418	1.346	1.219	0.988	0.928	1.028	
1.231	0.384	0.852	0.798	1.974	0.807	0.848	1.062	1.292	1.223	0.815	0.846	1.027	0.821	1.019	
0.975	1.022	0.778	1.320	1.198	0.993	0.942	0.417	1.014	0.435	1.061	1.002	1.115	1.186	1.544	
1.053	0.590	0.784	1.417	1.216	0.805	1.197	1.009	0.860	1.208	1.655	1.208	0.629	0.915	0.453	
1.234	1.256	0.624	1.269	1.034	0.987	1.486	1.044	0.848	0.813	0.859	1.045	0.853	1.049	0.599	
1.048	1.239	1.060	1.319	0.606	1.008	1.438	0.854	0.612	0.623	1.239	1.061	1.275	0.808	0.809	
0.853	1.272	0.810	1.104	0.819	1.483	0.849	0.832	0.825	1.020	0.791	1.493	0.797	0.812	1.239	
1.011	0.596	1.084	1.248	1.076	1.019	0.836	1.276	0.637	1.222	1.526	0.811	0.875	0.990	0.792	
1.022	0.825	1.272	0.832	1.017	1.036	1.546	0.845	1.241	0.631	1.039	1.010	1.072	0.599	1.012	
1.004	0.769	1.435	1.188	1.324	0.900	0.838	1.299	1.258	0.640	0.648	1.089	1.203	0.774	0.632	
0.416	1.059	0.983	1.155	0.794	1.231	1.203	1.006	1.000	1.202	1.565	1.083	0.858	0.834	0.611	
0.637	0.842	1.426	1.113	1.345	1.053	0.978	1.153	1.072	0.252	0.934	0.964	0.829	1.050	1.351	
0.986	1.011	0.860	0.627	1.019	1.254	0.835	1.263	1.325	1.059	1.467	0.879	0.621	1.010	0.785	
0.822	0.771	0.981	2.115	1.192	1.204	1.053	0.638	0.781	1.103	1.016	1.051	0.491	0.720	1.062	
1.421	0.728	1.212	0.492	0.864	1.715	0.788	0.801	1.018	1.261	1.110	0.414	0.949	1.483	0.744	
0.954	1.054	0.738	0.773	0.852	1.007	0.953	1.871	0.954	1.672	0.469	0.480	0.967	1.112	1.146	
0.582	0.826	1.215	1.518	0.856	0.819	1.225	0.404	0.777	0.630	1.252	1.869	0.812	1.391	0.823	
0.759	0.978	0.448	0.974	1.730	1.221	1.675	1.226	1.200	0.925	0.996	0.831	0.617	0.811	0.612	
0.778	0.809	1.041	1.249	1.108	0.994	0.879	1.182	1.316	1.445	1.022	0.680	0.415	0.678	1.404	
0.766	1.249	0.625	1.537	1.292	0.975	0.589	0.810	0.869	1.189	0.856	0.617	1.488	0.814	1.324	
0.582	0.627	1.457	1.418	1.670	1.568	1.047	0.796	0.807	0.756	1.205	0.848	1.196	0.425	0.597	
0.951	0.966	0.972	1.481	0.442	1.012	0.937	0.773	0.433	1.374	1.293	1.470	0.966	1.062	0.867	
1.034	0.419	0.607	1.362	0.644	0.984	0.916	1.263	0.982	0.987	1.098	1.661	0.770	0.986	1.287	
0.617	1.011	0.747	1.227	0.898	1.405	1.460	0.620	0.879	0.651	1.560	0.872	0.976	1.228	0.850	
0.857	0.848	1.207	1.008	0.779	1.041	1.429	1.093	1.021	0.846	1.038	1.063	1.046	0.855	0.871	
0.997	0.975	1.206	1.025	1.338	1.051	1.236	0.599	1.770	1.172	0.747	0.838	0.607	0.474	0.965	
1.234	1.641	0.827	0.815	0.860	1.520	1.179	1.032	0.481	1.044	0.991	0.777	1.042	0.776	0.780	
0.972	0.645	0.991	1.434	1.549	1.244	0.827	0.968	0.231	1.012	1.456	0.898	0.793	1.183	0.798	
0.824	1.029	0.786	1.009	1.308	0.665	1.231	0.865	0.898	1.463	1.011	1.015	1.054	0.999	0.842	
0.825	0.597	0.680	1.637	1.009	0.709	0.749	0.639	0.668	1.143	1.042	1.481	1.204	1.157	1.460	
0.598	1.030	1.027	0.874	1.655	0.994	1.102	0.857	1.243	0.869	1.221	1.056	1.215	0.607	0.652	
1.023	0.633	1.235	1.224	0.583	0.994	0.498	1.191	1.164	1.414	0.969	1.247	0.946	0.822	1.059	
0.836	0.618	0.964	0.896	1.564	1.289	0.623	0.398	1.223	0.833	1.249	1.010	0.837	1.494	1.166	
1.391	0.282	1.030	1.443	0.776	0.783	1.100	1.235	0.590	0.776	1.153	0.977	1.272	1.223	0.971	
1.243	0.649	1.170	1.384	0.620	1.007	1.014	0.639	0.848	1.062	1.331	1.263	0.594	0.908	1.268	
1.925	0.628	1.049	1.269	1.035	1.070	0.795	0.985	0.573	1.056	1.476	0.626	1.069	0.656	0.789	
0.786	0.990	0.622	1.449	1.039	1.240	1.260	1.588	0.826	0.422	1.200	0.995	1.168	0.806	0.610	
1.283	0.871	1.399	0.958	0.761	1.693	0.726	0.503	0.937	0.941	1.161	1.399	0.597	0.869	0.904	
1.135	1.229	0.840	1.048	0.848	1.900	0.638	0.873	0.992	0.789	0.815	1.025	0.792	1.230	0.847	
1.232	0.981	0.863	1.037	1.078	1.197	0.646	1.201	1.297	1.229	0.862	0.632	0.840	1.031	0.873	
0.801	0.794	0.822	1.450	1.302	0.884	1.040	0.853	0.999	1.214	0.829	1.028	1.066	0.657	1.260	
1.060	1.308	0.827	0.998	0.813	0.667	1.648	0.842	0.829	1.438	0.663	1.247	0.808	1.025	0.827	
0.779	0.844	0.987	1.095	1.484	1.024	1.036	1.023	0.627	1.495	0.877	1.043	1.209	0.851	0.629	
0.989	0.782	0.596	1.492	1.253	1.077	1.304	1.066	0.825	1.510	0.395	0.604	1.261	1.062	0.786	
1.030	0.659	1.225	1.074	1.128	0.837	0.986	0.813	1.030	1.261	1.249	1.217	0.890	0.604	0.997	
0.761	0.817	1.146	0.760	1.209	1.083	1.078	0.956	1.233	0.778	0.662	1.011	1.372	1.470	0.664	
0.989	0.405	0.784	1.750	1.556	0.985	1.422	1.347	0.733	1.011	0.981	0.783	0.960	0.470	0.825	
1.242	0.808	0.617	1.052	0.600	1.058	1.058	1.064	0.596	1.284	1.719	1.480	0.998	0.581	0.841	
0.981	0.650	1.861	0.423	1.205	0.839	1.083	0.764	1.213	1.023	0.412	1.149	1.240	0.954	1.203	
0.878	0.960	1.029	0.765	0.632	1.405	1.356	1.233	1.140	1.303	1.176	0.397	1.028	1.273	0.426	
0.756	1.000	1.201	0.880	1.724	1.177	0.820	1.189	1.005	0.616	0.488	1.000	1.065	1.305	0.774	
1.220	0.788	0.746	1.021	1.067	1.587	0.691	0.758	1.229	1.172	1.281	0.624	1.123	0.671	1.022	
0.984	0.855	1.364	0.632	0.602	0.810	0.870	1.075	1.257	1.202	1.298	1.410	0.761	1.261	0.619	
0.793	1.527	1.220	1.152	1.175	1.121	0.999	0.950	0.961	0.817	0.602	1.166	1.243	0.470	0.804	
1.265	0.614	1.069	0.975	0.685	0.698	1.423	0.777	1.233	0.882	1.040	0.863	1.037	1.209	1.230	
0.764	0.426	0.779	1.009	0.586	1.375	0.635	1.340	1.598	1.490	0.400	1.209	1.164	0.989	1.237	
0.398	1.223	0.916	1.503	0.439	0.870	0.936	0.443	0.786	1.418	1.603	1.334	0.996	1.197	0.939	
0.988	1.267	0.903	1.196	0.704	0.847	1.411	0.772	1.185	1.016	1.069	0.834	1.109	0.697	1.001	
0.660	1.235	1.404	1.566	0.457	1.047	1.039	0.994	0.850	1.016	0.967	0.978	0.972	0.988	0.828	
1.719	0.841	0.634	0.787	1.286	1.285	0.851	1.362	0.395	0.803	1.032	0.987	0.998	1.203	0.819	
0.995	1.006	1.102	1.038	1.256	0.803	0.584	0.884	1.015	0.662	1.033	1.091	1.268	1.260	1.004	
1.843	1.021	0.931	1.004	1.023	1.043	0.864	0.761	0.687	1.430	1.005	0.648	1.117	0.599	1.024	
0.641	1.253	0.751	1.151	1.172	1.318	0.904	1.058	0.448	1.202	0.970	1.473	1.467	0.766	0.426	
1.422	0.861	1.103	0.613	1.264	0.633	0.620	1.196	1.009	1.270	0.582	0.769	1.340	1.227	1.093	
1.059	1.282	1.234	0.809	1.035	1.527	0.785	0.811	1.023	1.042	0.396	0.825	1.015	1.328	0.829	
0.562	1.035	0.681	1.229	0.590	1.110	1.032	1.655	0.892	1.210	1.702	0.974	0.889	0.834	0.605	
0.758	0.773	1.331	0.488	0.808	1.225	1.515	0.591	1.073	1.204	1.193	1.257	0.741	1.024	1.017	
0.670	0.793	1.198	1.249	1.405	0.852	1.297	1.037	0.672	1.065	1.037	1.036	0.629	1.077	0.980	
1.202	0.837	0.232	1.545	1.200	0.985	0.791	0.817	1.045	0.807	1.264	1.021	1.187	1.226	0.841	
0.661	0.835	1.006	1.423	1.081	0.602	0.834	1.438	1.037	0.839	1.046	0.861	0.851	1.033	1.452	
0.394	0.613	0.982	1.440	1.141	1.022	0.784	1.229	1.311	1.506	0.426	1.241	0.790	1.326	0.795	
1.447	1.293	1.077	1.324	1.035	1.009	0.804	1.003	0.803	0.634	0.841	1.010	0.875	0.806	1.040	
0.760	1.207	0.693	1.527	1.222	0.832	1.204	1.074	1.003	0.947	0.678	0.647	0.987	0.763	1.456	
0.946	0.633	0.767	1.596	1.501	1.919	1.166	0.383	1.338	0.964	0.588	0.962	1.030	0.446	0.761	
0.636	0.606	0.794	1.111	1.623	1.424	0.769	1.054	1.279	0.985	0.241	0.841	1.405	1.016	1.216	
0.789	0.804	1.458	1.067	1.351	0.858	0.983	1.059	1.411	0.775	1.026	1.396	1.000	0.770	0.252	
1.291	0.803	1.348	0.748	0.998	1.188	0.789	1.005	1.172	1.616	0.739	0.384	0.345	1.648	0.925	
0.796	1.055	0.895	0.826	1.452	1.236	1.126	0.455	1.037	1.029	0.825	0.805	1.219	0.983	1.260	
1.019	0.634	1.200	1.191	1.051	1.674	0.625	1.192	0.881	0.844	1.405	0.695	0.836	0.655	1.097	
0.876	1.253	0.818	1.011	1.032	0.837	0.866	1.252	1.540	0.775	1.493	0.581	0.813	0.617	1.235	
0.983	0.797	0.862	1.592	1.230	1.025	0.655	0.861	1.197	1.217	1.319	1.011	1.045	0.403	0.802	
1.380	1.240	0.259	1.212	1.414	0.754	1.388	0.695	0.946	0.834	0.754	1.214	1.094	0.960	0.855	
1.385	0.599	1.308	1.181	0.957	0.801	1.096	1.242	0.662	1.508	1.024	0.623	1.048	0.699	0.868	
1.082	1.261	1.241	0.853	0.812	0.570	1.208	0.792	0.851	1.849	1.437	1.221	0.199	0.835	0.789	
0.648	0.627	1.443	0.869	1.048	0.830	1.445	1.043	1.067	1.491	0.964	0.579	1.036	1.019	0.891	
0.613	1.535	0.989	0.865	0.642	1.434	0.997	1.004	0.595	1.020	1.125	1.282	1.045	0.799	1.057	
0.636	1.046	1.499	1.034	0.818	1.051	1.018	1.288	0.807	0.830	0.861	1.027	1.257	1.020	0.807	
0.615	0.843	0.962	1.354	1.450	0.792	1.307	0.782	1.871	0.248	1.175	0.825	1.021	0.789	0.967	
0.809	0.805	1.446	1.482	0.867	1.204	1.271	1.115	1.003	0.826	0.594	0.837	1.033	0.651	1.057	
0.866	0.997	0.876	0.830	1.214	1.314	0.703	1.016	1.224	1.031	0.700	0.965	0.783	1.270	1.211	
1.210	0.406	0.858	1.237	1.022	1.198	1.309	0.994	0.658	1.325	1.328	0.996	0.803	0.857	0.798	
0.621	0.576	1.246	1.772	1.866	0.591	1.227	1.660	1.051	0.582	0.799	1.208	0.796	0.785	0.220	
1.130	1.265	1.025	0.964	1.214	0.826	1.208	1.194	0.626	1.029	0.645	1.120	1.029	0.623	1.103	
1.024	0.606	1.065	1.081	1.244	1.024	0.985	1.475	1.060	0.585	1.065	1.231	0.855	0.847	0.853	
1.474	0.594	1.366	0.578	1.267	0.687	1.420	0.987	0.588	1.165	1.067	1.259	1.100	0.689	0.759	
1.033	1.068	1.002	1.047	1.021	1.094	1.043	1.222	1.013	0.838	0.633	0.842	1.229	1.097	0.819	
1.125	0.809	0.982	1.407	0.898	0.646	0.632	1.018	0.835	1.264	1.043	1.241	1.005	1.020	1.075	
1.439	1.502	0.605	0.939	1.983	1.015	0.630	0.638	1.064	0.701	1.190	0.587	1.251	0.456	1.000	
1.679	0.657	0.885	1.235	0.970	1.031	0.594	0.647	1.016	1.052	1.048	0.648	1.397	1.081	1.062	
0.614	1.121	1.189	1.160	1.039	0.434	0.698	0.889	1.122	1.392	1.047	1.237	0.637	1.420	1.000	
0.796	1.109	0.776	1.445	0.611	1.268	1.014	1.270	1.284	1.248	0.792	0.839	0.665	1.046	0.836	
1.041	1.009	1.172	1.013	1.258	0.579	1.320	0.799	1.009	1.440	0.970	0.870	0.491	1.258	0.771	
0.619	0.769	0.804	1.063	1.055	1.492	1.332	1.211	0.597	0.628	1.062	1.006	1.468	0.852	1.043	
0.822	1.200	1.042	1.035	1.015	1.330	0.609	0.410	1.242	0.828	1.043	0.991	1.332	1.101	1.000	
1.028	0.609	0.797	1.044	1.085	1.255	1.250	0.800	1.104	1.025	0.796	1.065	0.636	1.047	1.459	
0.415	1.693	0.852	0.983	1.031	0.610	0.854	1.235	0.779	0.838	1.111	1.233	1.589	1.205	0.573	
0.843	1.066	0.628	0.793	1.073	0.996	1.259	1.045	1.208	1.217	0.952	0.785	1.247	1.226	0.661	
1.273	1.048	0.858	1.495	1.037	0.784	1.021	0.643	1.233	0.834	1.055	0.643	0.798	0.832	1.444	
0.854	0.974	0.686	1.205	0.797	1.093	0.861	1.205	0.984	1.084	1.491	0.679	0.626	1.280	1.180	
1.051	1.122	0.836	1.032	0.820	0.616	1.230	0.804	0.801	1.514	1.066	0.801	1.015	1.045	1.247	
0.801	1.021	1.483	1.007	0.573	0.990	1.276	1.815	0.620	0.846	1.247	0.974	0.789	0.904	0.654	
0.593	0.841	0.636	1.011	1.013	1.036	1.698	1.023	1.339	0.993	1.058	1.035	1.059	0.842	0.823	
0.886	1.074	1.386	0.779	0.992	0.972	1.196	0.700	0.703	1.031	1.294	0.999	0.764	1.172	1.053	
1.192	0.454	0.411	1.429	1.050	0.858	1.015	0.823	1.273	0.578	1.632	0.954	1.223	0.926	1.181	
1.263	1.292	0.782	1.484	1.101	1.433	0.759	0.656	0.603	0.688	1.242	1.073	0.590	0.997	1.036	
1.202	0.621	0.869	1.254	1.268	0.853	0.999	1.714	0.814	1.049	0.599	1.015	1.079	0.617	1.049	
0.842	0.988	0.953	1.988	0.472	1.274	0.806	1.049	0.900	1.202	0.774	0.811	1.184	0.986	0.771	
0.864	1.020	0.990	1.215	0.864	1.093	0.828	1.093	0.796	0.827	1.464	1.439	0.610	1.096	0.800	
0.956	0.478	1.403	1.177	1.720	0.630	0.910	1.428	0.976	0.557	0.425	0.983	1.044	0.995	1.320	
0.660	1.435	1.020	1.292	0.917	0.632	0.778	0.843	0.812	1.014	1.002	0.605	1.448	1.267	1.275	
0.637	0.879	1.189	1.294	0.807	1.090	0.394	1.007	0.642	1.546	1.383	1.180	0.839	0.878	1.236	
0.606	1.026	1.657	1.266	1.035	1.035	0.814	0.818	0.994	1.098	1.010	1.255	0.437	1.152	0.798	
1.524	0.859	0.833	2.178	0.561	0.820	1.075	0.990	0.759	0.813	0.630	1.034	1.253	0.862	0.810	
1.061	1.300	1.024	0.408	1.211	1.038	1.340	1.214	1.025	0.811	0.824	0.843	0.823	1.241	0.838	
1.415	0.805	0.786	1.093	1.192	1.605	0.818	1.056	0.859	0.849	1.611	0.812	0.886	0.712	0.502	
1.330	0.772	0.800	1.299	0.849	1.251	1.202	0.620	0.980	0.948	0.452	1.216	1.192	0.837	1.254	
0.993	1.005	0.623	1.711	0.840	1.233	1.365	1.269	0.597	0.594	0.994	1.301	1.286	0.799	0.391	
0.641	1.203	0.656	1.040	1.425	1.150	0.899	1.357	1.096	0.967	1.153	0.445	0.949	0.804	1.215	
1.047	1.280	1.230	1.075	1.113	0.653	0.816	0.804	1.007	1.199	0.801	0.993	0.850	1.219	0.913	
1.426	1.151	0.830	1.235	1.021	1.058	1.332	0.987	0.823	0.834	1.064	0.784	1.228	0.801	0.426	
0.621	0.994	0.636	1.324	0.840	1.090	0.802	1.259	1.223	0.839	1.000	1.262	0.876	1.012	1.222	
0.627	0.799	1.213	0.582	1.465	1.050	1.794	0.960	1.193	1.395	0.796	0.221	0.802	0.788	1.313	
1.027	0.601	0.781	1.243	0.844	1.698	1.333	1.022	1.018	1.261	0.893	0.602	0.790	0.438	1.450	
1.081	1.083	0.959	0.965	0.752	2.022	2.002	0.572	0.399	0.752	0.971	0.991	0.968	0.342	1.142	
1.432	0.637	0.989	1.722	0.815	0.601	1.028	0.841	0.853	1.284	1.263	1.057	0.627	1.008	0.842	
1.294	1.000	0.684	1.046	1.003	0.829	0.582	1.235	1.112	1.207	1.490	0.984	1.244	0.661	0.629	
1.448	0.691	0.597	1.005	1.722	0.868	0.772	0.830	1.060	0.985	0.896	0.794	1.059	1.278	0.995	
1.232	0.966	0.628	1.531	0.440	0.987	0.791	1.650	1.025	1.296	1.007	0.971	0.861	0.994	0.621	
1.425	0.476	1.269	0.774	1.194	1.264	0.918	1.438	0.820	1.006	0.898	1.235	0.641	0.791	0.851	
0.400	1.045	0.838	0.846	1.296	0.825	0.994	0.813	1.025	1.285	1.238	1.462	1.025	1.312	0.594	
0.656	0.986	0.784	1.091	1.122	1.133	0.831	1.126	1.079	0.960	1.438	0.642	0.970	0.974	1.207	
0.651	0.610	0.514	1.445	1.333	0.261	1.178	0.826	1.605	1.185	0.975	1.333	1.286	1.127	0.672	
1.069	0.788	0.698	0.961	1.224	0.649	1.409	1.207	1.228	0.590	1.545	0.831	1.401	0.632	0.768	
0.868	1.034	1.201	1.128	0.643	0.645	0.885	0.797	1.636	1.249	1.028	0.994	1.068	0.794	1.030	
1.477	1.442	0.793	1.189	1.504	0.961	0.851	1.188	0.934	0.684	0.898	0.875	0.627	1.170	0.407	
0.818	0.843	0.807	0.784	0.939	1.470	0.815	0.770	0.449	1.006	1.059	1.415	1.450	1.009	1.367	
0.794	1.016	0.678	0.931	1.431	1.019	1.068	0.855	1.263	0.630	1.211	1.052	1.030	0.783	1.238	
1.240	1.062	0.847	1.262	0.842	0.836	0.876	0.814	1.024	1.259	1.275	1.000	1.221	0.827	0.615	
0.835	1.655	0.410	1.059	1.117	1.544	1.023	1.062	1.030	0.997	0.799	0.580	0.605	1.046	1.237	
1.309	1.451	0.833	0.992	1.054	0.790	1.057	0.807	1.055	1.243	0.819	0.828	1.280	0.629	0.852	
0.809	0.816	1.215	1.021	1.074	1.243	0.798	1.262	1.024	0.880	0.646	0.853	1.045	0.995	1.319	
1.072	0.998	0.761	0.985	1.103	1.254	1.418	1.646	1.094	0.844	0.617	0.874	1.037	0.428	0.869	
0.854	1.085	1.642	0.588	1.207	1.287	1.223	0.764	0.690	1.329	0.992	1.027	0.618	0.677	1.016	
0.799	0.654	1.002	1.109	1.267	1.011	0.674	1.105	1.211	1.015	0.992	0.943	1.019	1.004	1.197	
0.773	1.142	1.526	0.852	1.299	0.835	0.634	1.410	1.454	1.281	0.970	0.805	0.612	1.015	0.393	
1.188	0.795	0.706	0.839	1.094	1.201	1.073	1.295	0.617	0.680	1.426	0.778	1.050	1.240	1.017	
1.223	0.824	1.251	0.821	0.792	1.013	0.991	1.004	1.234	1.363	1.064	0.432	0.823	1.019	1.147	
0.653	1.008	0.806	1.092	0.985	1.405	1.286	0.635	1.299	0.973	0.872	0.806	0.985	1.244	0.950	
1.017	1.009	0.904	1.089	1.262	2.017	1.011	1.013	1.031	0.427	0.992	0.816	0.602	0.804	1.006	
0.636	1.445	1.014	0.794	1.073	1.264	0.644	1.011	0.991	0.983	1.101	0.893	0.985	1.090	1.078	
0.786	0.832	1.001	1.181	0.907	0.650	1.424	1.404	1.016	0.806	1.024	1.518	1.198	0.849	0.402	
1.018	1.011	1.338	1.276	0.787	0.879	1.029	1.410	1.052	1.204	1.134	1.005	0.637	0.422	0.799	
0.817	0.780	0.648	1.750	1.423	0.875	0.828	0.873	0.993	0.802	1.040	0.863	1.225	1.056	1.027	
1.431	1.164	0.745	0.949	1.077	0.736	1.013	0.712	1.601	0.983	1.452	0.668	0.843	0.990	0.635	
0.829	1.178	0.824	0.990	1.275	0.867	1.197	1.330	0.424	1.057	0.636	1.199	1.052	1.001	1.141	
0.587	1.220	1.110	1.673	1.454	1.078	0.814	0.609	1.259	1.075	1.016	1.055	1.039	0.426	0.585	
1.478	1.256	0.870	1.011	1.249	0.864	0.803	0.615	0.784	1.438	0.816	0.868	0.631	1.267	1.049	
0.998	0.994	0.387	1.289	0.979	1.784	1.345	0.983	0.996	0.787	0.986	1.058	0.739	1.188	0.485	
0.770	0.801	0.491	1.231	0.865	0.989	0.955	1.451	0.963	1.219	0.967	0.937	1.027	1.062	1.274	
1.221	0.771	0.832	1.268	0.975	0.575	1.456	1.337	1.028	0.799	1.448	0.981	0.975	1.083	0.250	
0.739	1.379	0.921	1.275	0.449	1.015	1.199	1.064	0.492	1.065	0.593	1.073	1.562	0.994	1.181	
0.823	0.573	1.042	1.268	0.784	1.234	1.255	1.436	0.999	1.151	0.416	0.803	1.533	1.072	0.610	
0.645	1.239	0.979	0.894	1.224	1.143	1.007	0.963	0.648	1.199	1.107	0.802	1.086	0.850	1.216	
0.815	1.450	1.057	1.065	1.030	1.019	0.863	0.845	0.823	1.259	0.832	1.024	1.045	0.809	1.064	
1.181	1.270	0.209	1.644	1.007	1.552	0.616	0.418	1.137	0.837	0.776	1.415	1.190	0.989	0.758	
0.612	0.852	1.195	1.410	0.704	1.226	0.975	1.009	0.677	1.328	1.051	1.048	0.798	1.328	0.788	
0.621	0.866	0.977	1.006	0.824	1.330	1.478	1.043	1.240	0.690	0.866	0.703	1.179	1.016	1.161	
1.265	0.944	0.998	0.799	1.283	0.855	0.786	0.922	0.999	1.438	1.647	0.643	1.026	0.952	0.442	
0.431	0.610	1.398	1.389	1.273	0.408	0.591	1.150	1.019	1.240	1.229	0.984	1.231	0.769	1.278	
1.026	0.646	1.485	0.598	1.292	1.464	0.988	1.034	1.080	0.784	0.821	0.888	1.017	1.019	0.859	
0.977	0.432	1.052	0.970	0.956	1.729	0.833	1.286	1.074	1.193	1.189	0.852	0.859	0.976	0.620	
1.452	0.626	0.866	0.863	0.856	1.042	1.251	0.612	1.164	0.600	0.802	1.245	1.389	1.275	0.958	
0.413	0.603	0.843	1.473	0.979	0.828	1.099	1.025	1.099	1.005	1.040	1.554	1.203	0.821	1.015	
1.171	1.312	1.398	1.524	1.276	1.155	0.757	1.026	0.621	0.248	0.994	0.958	0.414	1.129	1.017	
1.253	0.655	0.830	1.027	0.892	1.070	1.236	1.240	0.619	0.800	1.128	1.227	0.597	1.208	1.217	
1.019	0.838	1.024	0.866	1.079	0.819	1.056	1.012	1.042	0.851	1.050	1.035	1.044	1.259	1.006	
1.062	1.669	0.872	1.096	0.612	0.667	1.198	1.019	0.774	0.879	1.036	0.854	1.244	0.805	1.212	
0.763	1.171	1.129	1.008	0.970	0.955	0.866	1.353	0.973	1.945	0.660	1.210	0.585	0.859	0.555	
0.907	0.754	0.865	1.353	1.238	0.448	1.490	1.185	1.219	0.862	0.797	0.843	0.814	1.224	1.001	
1.525	0.813	1.254	1.610	1.204	0.586	0.409	1.037	1.467	0.223	1.088	0.768	0.994	1.208	0.814	
0.833	0.972	1.074	1.020	1.185	1.099	0.693	0.679	0.801	0.830	1.221	1.068	1.298	1.189	1.040	
0.790	0.692	1.008	0.873	0.708	0.866	1.014	0.976	1.078	1.483	1.044	1.023	1.429	0.794	1.223	
0.623	0.816	0.212	1.055	1.479	1.688	0.571	0.781	0.831	1.698	1.237	0.980	1.213	0.800	1.015	
0.415	1.004	0.614	1.751	1.680	1.299	0.984	0.419	0.887	0.849	0.773	0.891	1.200	1.016	1.218	
0.817	1.013	1.249	1.025	1.243	1.016	0.801	1.350	1.006	1.322	0.844	0.851	0.411	1.237	0.814	
0.526	0.773	0.999	1.205	1.007	1.477	0.770	1.028	1.440	0.727	0.945	1.483	1.048	0.795	0.777	
1.081	0.393	0.599	1.925	0.858	1.041	0.977	0.996	1.492	1.104	1.035	0.785	0.851	0.642	1.220	
0.625	0.850	1.009	1.961	1.212	0.763	1.016	1.473	0.804	0.958	0.651	0.917	0.616	0.860	1.285	
1.013	1.012	0.399	1.210	1.269	1.476	1.314	0.914	0.590	0.377	1.223	1.012	0.434	1.282	1.476	
0.686	1.187	1.231	0.967	1.194	0.833	1.048	0.636	1.044	1.292	0.676	0.906	0.790	1.714	0.797	
0.617	0.960	0.948	1.073	1.911	1.185	0.760	1.144	1.521	1.107	0.981	1.172	0.757	0.396	0.468	
1.628	0.460	1.304	1.245	1.051	0.969	0.967	1.084	0.975	1.167	1.019	0.647	1.000	0.632	0.850	
1.244	1.273	0.827	1.047	1.022	1.034	0.813	1.027	1.094	0.844	0.857	1.027	1.024	0.840	1.028	
0.984	1.600	0.616	0.824	0.978	1.664	1.018	0.584	1.103	0.447	1.247	0.778	1.225	0.998	0.935	
1.596	1.182	0.506	1.484	1.086	0.417	1.062	1.204	0.781	0.564	1.213	0.958	0.817	0.951	1.181	
0.396	0.768	1.050	0.893	1.278	0.628	1.258	1.233	0.645	1.283	1.316	0.859	1.412	1.411	0.569	
0.588	0.555	0.990	1.541	1.725	1.886	1.107	0.769	0.827	0.859	0.817	1.258	0.765	0.662	0.651	
1.040	0.597	0.620	1.232	1.106	0.831	1.217	1.489	1.222	1.110	1.073	1.206	0.621	0.632	1.005	
1.415	1.024	0.868	1.095	0.714	0.716	1.007	1.228	0.838	1.217	0.588	0.761	1.202	1.083	1.243	
1.213	0.985	0.810	0.446	0.849	1.051	1.101	1.218	1.227	1.262	0.817	0.616	1.204	1.205	0.995	
0.582	0.971	0.999	1.230	0.999	1.810	0.943	0.990	1.414	0.517	0.761	1.046	1.170	0.634	0.934	
0.561	1.371	1.194	1.371	1.169	1.309	0.406	0.976	1.032	1.471	0.249	1.418	1.084	0.753	0.635	
0.565	0.997	0.934	0.610	0.652	1.042	1.665	0.807	1.217	1.030	0.840	1.503	1.266	1.016	0.856	
0.433	0.990	0.796	1.534	1.230	0.838	1.066	0.989	1.214	1.270	0.826	0.816	1.286	0.922	0.790	
0.635	1.061	0.769	1.407	0.977	1.243	0.983	1.027	0.740	0.496	1.477	1.192	0.963	1.169	0.861	
1.212	1.280	0.621	1.078	1.092	1.249	1.242	0.788	0.595	1.097	1.025	0.608	1.274	1.221	0.617	
0.792	1.034	0.861	1.037	1.036	0.857	1.046	0.805	1.278	1.242	0.798	1.277	1.028	0.859	1.049	
0.788	1.238	0.848	1.013	1.516	0.691	0.672	1.283	1.060	1.185	1.245	1.304	0.982	0.786	0.390	
0.634	1.006	0.807	1.033	1.030	1.060	1.242	1.046	1.669	0.628	1.065	0.993	0.806	1.160	0.822	
0.836	0.987	0.788	1.688	1.022	1.287	1.372	0.592	1.278	0.625	1.066	1.065	0.781	1.208	0.405	
1.596	0.422	1.422	1.051	0.407	1.422	0.874	1.372	1.221	0.980	1.329	1.121	0.783	0.429	0.572	
0.469	0.779	0.782	1.845	1.015	1.265	1.299	0.731	0.392	1.249	0.781	1.003	0.990	1.209	1.190	
0.770	0.450	1.216	1.650	0.964	1.631	0.637	0.987	0.567	1.038	1.016	0.972	0.593	1.480	1.029	
0.626	0.848	0.790	1.683	0.590	1.105	1.263	0.801	0.816	1.112	0.829	0.998	1.032	1.280	1.228	
1.224	0.662	0.811	0.906	0.826	1.048	1.018	0.839	0.997	0.909	1.460	0.796	1.037	1.472	0.995	
1.215	0.801	1.169	0.974	0.433	0.647	1.357	1.102	1.404	0.797	1.013	1.001	1.216	0.810	1.060	
1.243	1.662	0.906	0.968	0.819	1.005	1.047	0.957	0.746	0.800	0.955	0.937	1.205	0.586	1.163	
0.883	0.577	0.992	0.877	1.096	0.800	1.893	0.814	0.778	1.213	1.471	1.089	0.831	0.828	0.858	
1.047	0.784	1.287	0.889	1.452	1.075	1.033	0.638	0.606	1.478	1.050	1.000	0.613	0.799	1.249	
0.915	1.035	0.796	1.433	0.872	1.021	0.805	1.064	0.659	1.056	1.425	1.115	0.785	1.025	0.994	
1.348	0.786	0.813	1.065	1.241	0.814	1.040	1.141	1.000	0.795	1.267	0.428	1.235	1.023	1.004	
0.633	1.048	0.800	1.521	1.075	0.806	1.016	1.465	1.036	0.792	0.874	0.796	1.043	1.041	1.055	
0.977	0.406	0.660	1.542	1.476	1.265	1.069	0.645	0.585	1.199	1.196	1.232	1.272	0.393	1.080	
1.048	1.855	0.690	1.011	0.812	1.125	1.400	1.234	0.721	0.789	0.957	0.896	0.893	0.942	0.626	
0.573	1.256	1.036	1.734	1.480	1.025	0.803	0.996	0.817	0.644	0.609	1.083	1.227	0.875	0.841	
0.998	0.606	1.036	1.442	1.060	1.030	1.075	0.814	0.821	0.887	1.321	0.781	1.238	1.247	0.644	
1.045	1.033	0.828	0.606	1.251	1.476	1.465	1.045	1.038	1.083	0.806	0.868	0.634	0.994	0.828	
0.647	0.971	1.184	1.410	1.061	1.059	0.784	1.951	0.912	1.053	0.680	0.655	1.041	0.592	0.999	
1.250	0.804	1.271	1.279	0.589	0.657	0.776	1.206	1.228	0.818	0.669	1.063	1.302	0.789	1.299	
0.986	0.971	0.959	0.466	0.985	1.099	1.415	1.270	1.221	0.617	1.029	1.027	1.034	1.149	0.771	
0.934	0.991	0.971	0.771	0.678	1.243	1.249	0.809	1.229	0.848	1.439	1.071	0.629	1.274	0.864	
0.802	1.433	0.424	0.774	1.191	1.197	1.297	1.210	1.201	0.779	1.063	1.468	1.120	0.798	0.243	
1.020	0.848	1.304	1.249	1.045	1.014	1.271	0.828	0.842	1.032	0.624	1.017	0.822	0.859	1.225	
0.999	0.830	0.588	1.242	1.679	1.777	1.035	0.817	0.621	0.218	0.985	0.558	1.485	1.199	0.966	
0.843	0.829	1.255	1.025	0.601	1.277	0.847	1.240	1.062	0.819	1.027	1.003	0.855	1.278	1.040	
0.854	1.160	1.229	0.613	1.666	1.060	1.474	1.007	0.980	0.649	0.991	1.192	0.649	0.727	0.747	
1.017	0.570	1.074	1.661	0.754	1.242	0.800	1.021	0.507	0.823	1.211	1.159	0.992	1.199	0.972	
0.855	0.445	1.141	1.206	0.717	1.105	0.910	1.130	1.645	0.513	0.987	0.910	1.319	1.077	1.042	
0.874	0.390	1.197	1.274	1.199	0.996	1.519	1.108	0.638	0.830	1.163	1.017	0.858	1.151	0.786	
1.059	0.964	0.829	1.030	1.690	0.873	1.438	0.816	1.038	1.380	0.681	0.911	1.051	0.572	0.669	
1.204	0.580	0.673	1.249	0.690	1.495	1.053	0.788	1.245	1.482	0.579	0.577	1.270	1.110	1.005	
1.532	0.791	0.418	1.079	0.991	0.408	1.138	0.605	1.260	1.295	1.197	0.781	1.012	1.258	1.235	
0.940	0.766	0.837	1.249	1.411	1.064	0.994	1.030	1.397	1.246	0.817	1.223	0.595	0.974	0.459	
1.495	0.836	1.305	1.017	1.087	1.044	0.814	1.255	0.615	1.014	1.006	0.829	1.004	1.094	0.584	
0.870	0.786	1.296	1.028	1.033	0.601	0.819	0.993	1.243	1.243	0.857	1.252	1.040	0.663	1.275	
1.058	0.630	1.457	1.033	0.826	0.838	0.813	0.838	1.054	1.034	1.276	1.243	1.057	0.791	1.051	
1.517	1.191	0.692	0.595	0.977	0.697	1.066	1.229	1.079	0.994	1.058	0.988	1.027	0.995	0.895	
0.860	0.644	0.811	1.202	0.846	1.027	0.992	1.062	0.823	1.054	1.470	1.505	0.594	0.609	1.501	
0.860	0.970	1.119	0.878	1.233	0.994	0.722	1.192	0.791	1.209	1.212	0.710	0.828	0.961	1.324	
0.767	0.829	0.786	1.513	1.418	0.929	0.625	1.292	0.614	0.657	0.854	1.433	1.453	0.984	0.848	
1.251	0.617	1.258	1.734	0.803	0.835	1.059	0.819	1.052	1.014	0.835	0.819	1.046	0.589	1.269	
0.457	0.817	0.767	1.111	0.998	1.047	0.815	1.480	1.024	1.018	1.459	0.804	1.245	1.032	0.925	
0.918	0.575	0.977	0.665	1.454	1.223	1.165	1.119	1.048	1.234	0.871	0.807	0.972	1.286	0.686	
0.630	1.089	0.573	0.866	1.226	0.600	1.676	1.252	0.863	1.058	0.887	1.228	0.587	1.498	0.966	
0.921	1.381	0.884	1.055	1.323	0.989	1.212	0.635	0.969	0.687	0.779	0.987	1.275	0.956	0.946	
1.014	1.034	0.841	1.510	0.826	1.027	0.633	1.054	1.046	0.861	1.041	1.009	1.230	1.085	0.790	
0.961	0.930	0.650	1.432	1.792	0.833	0.637	1.458	1.202	1.201	0.595	0.559	0.612	0.930	1.209	
0.832	1.264	1.037	0.870	1.250	0.874	1.243	0.834	0.815	0.808	0.841	1.474	0.781	1.237	0.841	
1.035	0.834	1.030	1.033	0.784	1.036	1.034	0.823	1.237	1.036	1.102	1.434	0.435	1.014	1.132	
0.640	0.427	1.391	0.925	1.284	1.110	1.005	1.063	1.036	0.644	0.965	1.047	0.999	1.386	1.078	
1.442	0.458	1.223	1.387	1.011	1.259	1.050	0.798	0.776	0.958	0.788	1.026	0.836	0.994	0.994	
1.037	1.002	0.407	1.604	1.214	1.408	0.974	0.830	0.614	0.988	0.993	0.829	1.206	0.809	1.084	
1.419	1.085	0.642	1.069	1.080	1.222	1.133	1.015	0.806	1.036	0.806	0.640	0.981	1.070	0.996	
0.595	0.788	1.197	1.112	0.796	0.421	1.344	1.216	1.359	1.457	1.033	0.406	0.780	1.220	1.275	
0.997	0.673	0.805	1.189	1.246	0.873	1.209	0.875	0.630	1.274	0.867	1.090	1.219	0.849	1.203	
0.978	0.854	1.079	0.830	0.865	1.939	0.815	1.000	1.009	1.263	0.838	0.861	0.603	1.033	1.034	
0.686	1.206	0.944	1.378	1.159	0.943	0.898	0.831	1.233	1.175	0.620	1.129	0.943	0.974	0.881	
1.003	0.430	0.619	1.413	0.597	1.148	1.863	1.024	1.024	1.215	1.197	0.847	0.873	0.976	0.772	
1.049	1.031	1.041	1.011	1.664	0.838	0.812	1.302	0.807	0.861	1.048	1.029	0.856	0.817	0.834	
1.191	1.298	0.645	1.660	0.909	1.076	0.986	0.809	1.008	0.831	0.831	0.761	0.616	1.111	1.268	
0.814	1.675	0.932	0.639	1.478	0.994	0.800	0.793	1.298	1.072	0.829	0.845	0.766	1.053	1.012	
0.798	0.815	0.589	1.084	1.084	1.511	1.291	0.638	0.990	1.282	0.846	1.024	1.219	1.235	0.594	
1.221	1.336	1.000	1.066	0.840	1.258	0.838	0.611	0.843	0.623	0.837	1.063	1.264	0.998	1.200	
1.233	0.809	1.020	0.851	0.970	1.497	0.657	1.231	1.486	0.905	0.993	0.840	0.993	0.637	0.877	
0.644	1.243	0.804	1.761	0.405	0.773	1.240	0.778	1.055	1.015	1.454	0.845	1.074	1.115	0.795	
0.793	0.447	0.973	1.818	1.005	1.229	0.585	1.077	1.184	1.206	0.866	0.637	1.115	1.279	0.787	
1.005	0.662	0.822	1.016	1.064	1.141	0.883	1.257	1.423	1.011	0.830	0.816	1.026	1.059	0.985	
0.962	0.651	0.996	1.459	1.210	1.285	0.835	0.614	0.904	1.225	0.810	1.126	0.787	0.797	1.340	
0.868	1.057	1.005	0.854	0.821	1.455	1.214	0.848	0.851	1.092	1.038	0.793	1.030	0.835	1.238	
0.985	0.398	0.804	1.309	1.269	1.429	1.180	1.588	0.606	1.036	0.808	1.344	0.841	0.405	1.000	
0.616	1.907	1.089	0.794	1.001	1.051	1.024	0.800	0.843	0.830	1.273	0.821	1.029	0.802	1.120	
0.663	1.007	1.413	0.802	0.867	1.317	0.974	0.584	0.449	1.075	1.629	1.011	0.981	1.201	1.026	
1.217	0.678	1.254	0.782	1.012	1.105	1.257	0.668	1.008	1.292	0.998	1.041	0.843	1.211	0.635	
0.789	1.178	0.924	1.235	0.798	0.463	0.967	1.050	0.865	1.001	1.034	1.457	1.469	0.620	1.149	
0.810	0.671	0.771	1.412	1.124	0.867	1.188	0.990	1.010	1.463	1.155	1.296	0.609	0.853	0.780	
0.444	0.963	0.997	0.976	1.198	1.251	0.668	0.861	1.046	1.352	1.045	1.220	0.613	1.177	1.189	
0.820	0.836	0.610	0.817	0.870	1.463	1.440	1.231	1.235	1.041	1.056	1.118	0.756	0.650	1.056	
1.143	1.653	1.252	1.033	0.978	1.198	0.830	0.630	1.115	0.822	0.989	0.874	0.642	0.801	1.040	
0.605	0.817	0.963	1.077	1.220	1.126	1.232	1.386	1.043	0.448	1.159	0.645	0.764	1.346	1.168	
1.065	0.852	1.012	1.242	0.825	0.985	1.217	0.874	1.063	0.667	1.057	1.247	1.007	0.831	1.055	
1.022	0.996	0.442	0.813	1.145	1.273	1.033	0.790	1.155	0.634	0.892	0.968	1.394	1.257	1.187	
1.176	0.806	1.071	1.009	0.852	1.574	1.008	1.013	0.818	1.199	0.613	1.160	1.051	1.229	0.420	
1.219	0.802	0.841	1.074	1.031	1.588	0.399	0.784	1.028	0.858	1.028	0.828	1.230	1.309	0.983	
0.830	0.407	1.007	1.816	1.705	0.776	1.051	1.075	0.809	1.254	0.819	1.060	0.818	1.001	0.572	
0.598	1.053	0.811	1.067	1.011	1.081	0.834	1.675	1.044	0.639	0.834	1.270	0.811	1.486	0.784	
1.113	0.990	1.253	1.207	0.420	0.820	1.100	0.805	0.607	1.450	0.592	1.278	1.322	1.246	0.797	
0.393	1.522	0.792	1.064	1.478	0.997	1.318	1.059	0.787	0.921	1.173	0.434	0.993	1.468	0.601	
0.784	1.225	1.471	0.980	0.995	0.735	1.025	1.179	1.306	1.020	0.962	0.822	0.506	1.177	0.814	
0.591	0.873	0.981	0.830	1.826	1.210	0.824	1.387	1.023	0.996	1.213	0.744	1.218	0.995	0.290	
1.406	0.775	0.614	1.189	1.766	0.777	1.455	0.994	1.182	1.071	0.219	0.998	1.054	0.850	0.650	
1.057	0.795	0.848	0.839	1.244	1.243	1.056	0.620	1.297	1.104	0.990	0.823	0.993	1.258	0.833	
1.483	0.564	1.211	1.175	0.670	0.796	1.049	0.670	0.284	0.793	0.936	1.784	0.818	1.357	1.410	
0.785	0.787	0.757	1.242	1.007	1.176	1.174	0.719	0.990	0.773	1.190	1.247	1.175	1.261	0.717	
1.125	0.584	0.810	1.673	0.778	1.030	0.791	1.519	1.061	1.228	0.621	0.620	0.809	1.085	1.265	
0.591	0.840	0.982	1.260	0.892	1.064	1.249	0.828	1.448	1.070	1.056	0.611	0.606	1.475	1.028	
1.284	0.578	0.770	1.270	1.025	0.625	1.667	1.109	0.827	1.210	1.029	0.781	0.934	1.446	0.444	
1.697	0.831	0.408	1.274	1.368	0.580	0.614	1.006	1.037	0.859	1.232	1.016	1.259	1.225	0.595	
0.997	0.456	0.783	0.917	1.042	0.788	1.017	0.611	2.103	1.079	0.828	0.814	1.108	1.272	1.187	
0.848	0.614	1.475	0.611	1.016	0.993	1.065	1.054	1.086	1.027	0.987	0.881	1.285	1.273	0.786	
0.633	1.013	1.098	1.336	1.227	1.265	0.847	0.644	0.826	1.007	1.008	1.185	0.875	0.986	1.050	
0.634	0.974	1.270	1.013	1.062	0.965	0.663	1.173	0.811	0.896	1.193	1.563	0.877	0.901	1.005	
1.384	1.058	1.002	0.729	0.465	1.009	0.930	1.322	1.603	0.923	0.960	0.961	0.943	0.571	1.138	
0.596	0.853	1.173	1.126	1.143	1.038	0.401	0.995	0.434	1.710	1.416	0.974	1.114	0.974	1.052	
1.038	0.814	1.228	1.059	1.030	1.452	0.993	1.191	1.325	0.798	0.582	1.040	0.754	0.487	1.208	
1.117	0.652	1.189	1.839	0.817	1.022	1.030	1.011	1.182	1.277	0.762	0.581	0.995	1.055	0.471	
1.028	0.654	1.020	1.098	0.862	1.219	1.088	1.030	0.796	1.036	1.054	1.013	1.033	0.829	1.241	
1.212	0.869	1.017	1.052	1.031	0.633	0.790	1.062	1.007	1.347	1.310	1.258	0.407	0.997	1.008	
0.626	0.820	0.985	0.874	1.483	1.264	1.010	1.494	0.812	0.805	0.834	0.591	1.295	1.068	1.039	
1.173	0.670	0.944	1.542	1.621	0.388	1.544	1.006	0.664	1.339	0.870	1.043	1.041	0.734	0.423	
1.427	0.840	0.967	1.172	0.959	1.023	0.780	1.674	1.169	1.004	0.880	0.770	0.838	1.022	0.475	
0.793	0.598	0.796	1.452	1.961	1.275	0.595	1.059	1.122	0.810	0.866	0.621	0.994	1.245	0.815	
0.606	0.816	0.779	1.478	0.891	0.834	1.228	1.296	1.255	1.044	1.044	0.791	0.639	1.247	1.053	
1.511	1.062	1.051	0.807	0.622	1.466	0.998	1.044	1.038	0.834	1.064	1.038	0.623	0.806	1.036	
0.930	0.955	1.009	1.274	1.458	1.690	0.950	0.864	0.667	0.970	1.300	0.808	0.926	0.820	0.380	
0.423	0.663	1.222	1.297	1.079	0.846	1.216	0.851	1.145	1.189	1.224	1.024	1.006	1.002	0.814	
0.432	0.766	0.798	1.455	1.116	1.190	1.234	1.096	1.312	0.601	1.046	0.410	1.344	1.002	1.200	
0.880	1.234	1.243	1.239	0.848	0.817	1.045	1.271	0.835	1.010	0.855	1.025	0.857	0.837	1.003	
0.888	1.158	0.687	1.511	0.798	1.024	1.392	0.629	1.192	0.986	1.152	0.988	0.842	1.100	0.654	
1.032	1.657	0.414	0.805	1.093	1.052	1.249	1.322	1.030	0.815	1.263	1.005	1.070	0.593	0.598	
0.617	0.797	0.610	1.243	0.991	1.378	0.852	1.788	1.034	1.032	1.046	0.970	0.800	1.447	0.396	
1.208	0.840	1.229	0.990	1.280	0.628	1.093	0.999	1.018	0.976	0.899	0.816	1.252	0.420	1.353	
1.153	0.606	1.031	0.801	0.989	1.193	1.315	1.337	1.124	1.290	1.160	1.154	0.487	0.740	0.620	
0.988	1.255	1.219	1.544	0.983	0.780	0.983	1.467	1.347	0.983	0.429	0.907	0.443	0.891	0.782	
1.058	1.017	1.240	1.021	1.330	0.785	0.932	1.274	1.032	1.235	1.008	0.808	0.797	1.018	0.446	
1.024	1.463	0.568	1.204	1.206	1.030	0.754	0.810	1.426	1.003	1.181	0.892	0.287	1.202	0.951	
0.793	0.845	1.228	1.064	1.288	0.973	0.971	0.967	0.991	0.940	1.194	1.047	1.206	0.493	1.001	
1.064	1.003	0.626	1.022	0.848	1.656	1.054	1.044	0.613	1.051	0.818	1.296	1.303	0.817	0.785	
0.610	1.204	0.596	1.058	1.536	1.039	0.991	1.409	1.020	1.462	1.098	0.578	1.379	0.403	0.616	
1.259	1.022	1.231	1.035	0.812	0.848	1.062	0.838	0.858	1.020	0.827	1.069	0.987	1.266	0.864	
0.996	1.242	1.224	1.124	0.998	1.194	1.258	0.416	0.681	1.139	1.003	0.685	1.285	0.773	0.982	
0.859	1.194	0.627	0.642	1.425	1.104	1.028	1.283	1.150	0.755	1.027	1.288	0.642	0.772	1.206	
0.626	1.034	0.659	1.244	0.883	1.470	1.020	1.262	0.593	0.887	0.985	1.234	1.059	0.838	1.208	
0.812	0.670	1.622	1.264	0.880	0.811	1.242	1.441	0.797	1.123	1.206	0.788	1.118	0.415	0.811	
0.644	0.984	1.079	1.222	0.986	1.452	1.042	0.807	1.207	1.128	0.853	0.871	1.223	0.655	0.848	
0.594	0.448	1.243	1.020	1.266	1.303	0.635	1.457	0.980	0.967	1.231	0.995	0.792	1.282	0.785	
0.867	1.458	1.259	0.835	0.774	1.025	1.047	1.479	0.774	1.237	0.907	0.631	1.075	0.787	0.844	
0.651	0.617	1.025	1.061	1.457	1.423	1.061	0.880	1.079	0.813	0.776	0.879	0.784	1.293	1.201	
0.842	0.762	1.012	1.471	1.278	1.017	0.931	0.849	0.573	0.794	1.413	1.443	0.645	1.330	0.641	
0.843	1.223	0.866	1.078	1.228	1.088	0.824	0.643	0.778	1.247	1.308	1.034	0.807	0.799	1.237	
0.829	1.007	1.184	0.976	0.784	1.466	1.005	1.121	1.356	0.600	1.241	1.218	0.254	1.176	0.783	
1.028	0.958	0.803	0.827	1.192	1.005	0.979	1.246	0.727	1.001	1.174	1.018	1.339	0.718	0.986	
0.579	1.234	1.063	1.105	1.019	1.041	0.995	1.734	0.810	0.607	0.833	1.021	0.855	1.502	0.601	
1.467	1.424	0.701	1.441	1.016	1.306	1.040	0.572	0.985	0.772	1.048	0.686	0.816	0.823	0.903	
1.117	0.613	0.586	0.605	1.455	1.049	1.481	0.872	1.291	1.232	0.979	0.999	1.283	0.825	0.612	
1.429	1.473	0.943	0.713	0.857	1.030	0.738	0.794	0.833	0.779	1.446	0.931	0.566	1.274	1.193	
1.024	1.269	0.892	0.774	0.666	1.453	1.284	0.647	0.610	0.640	0.978	1.421	1.276	1.212	0.855	
0.777	0.781	0.688	1.019	0.835	1.277	1.025	0.814	1.450	0.863	1.218	1.058	1.475	0.861	0.859	
0.646	1.142	0.402	1.669	0.808	1.076	1.305	0.402	1.479	1.257	1.180	0.392	1.226	0.873	1.142	
1.086	0.815	1.338	1.190	0.791	0.910	1.131	1.095	1.266	1.360	1.306	1.033	0.431	0.900	0.349	
1.510	0.800	1.075	1.440	0.807	0.858	1.228	1.032	1.293	0.615	0.845	0.839	0.817	0.801	1.039	
0.595	0.813	1.240	1.009	1.548	1.031	1.342	1.012	1.260	0.400	0.594	0.816	1.274	1.238	0.828	
1.252	0.999	1.044	1.207	1.065	1.006	1.194	1.010	0.776	1.055	0.904	0.914	1.020	0.669	0.886	
1.045	1.015	1.218	1.493	1.291	1.024	0.790	0.798	0.793	0.800	1.022	1.228	1.021	1.234	0.226	
1.276	0.812	1.271	0.794	1.386	1.225	0.604	1.254	1.058	0.801	0.675	0.687	0.971	0.985	1.200	
0.989	1.667	1.196	0.757	0.374	0.766	1.194	0.807	0.742	0.963	1.370	0.958	1.239	1.432	0.548	
1.432	0.815	0.625	1.689	0.591	0.986	0.845	1.330	1.514	0.570	1.470	0.392	1.257	0.877	0.607	
0.935	1.212	1.034	1.319	0.815	0.647	0.708	1.454	0.665	1.186	0.776	1.016	1.014	0.778	1.441	
0.466	0.980	1.423	0.979	1.074	1.123	1.409	1.071	0.406	1.180	1.277	0.803	1.203	0.992	0.615	
0.478	0.790	0.581	1.297	1.313	1.244	1.285	1.029	1.222	0.788	1.011	0.717	1.442	0.596	1.206	
0.783	0.853	1.464	1.246	1.462	0.851	1.048	0.841	0.806	1.389	0.661	0.941	0.671	0.969	1.015	
1.424	0.817	1.020	0.992	1.471	1.230	0.808	0.931	1.151	0.786	0.830	1.015	0.463	0.820	1.242	
0.946	0.774	1.199	1.203	1.024	1.209	0.813	1.037	1.222	0.494	1.234	1.263	0.761	0.838	0.982	
1.033	1.642	0.236	1.569	1.160	0.290	1.173	0.940	0.960	0.978	1.175	0.774	1.130	0.549	1.391	
0.584	1.175	0.804	1.526	1.055	1.390	1.665	0.849	0.961	0.225	1.048	0.797	1.206	1.077	0.637	
0.572	1.033	1.059	1.128	1.454	0.802	0.901	0.982	1.032	1.184	1.263	1.235	0.697	0.704	0.953	
1.040	1.040	0.837	0.820	0.825	1.010	1.210	1.273	1.131	0.991	0.627	1.014	0.824	1.296	1.062	
1.114	0.800	1.172	0.997	0.856	0.655	1.284	0.404	1.215	1.457	1.062	0.820	1.361	1.008	0.793	
0.816	0.811	0.592	1.515	0.827	1.734	0.574	0.841	1.247	0.993	0.880	0.609	1.263	1.257	1.041	
1.577	1.058	0.395	0.795	0.609	1.268	0.664	0.656	1.041	1.048	1.240	1.190	1.280	0.980	1.198	
1.220	1.459	0.450	0.653	1.192	1.104	1.421	0.677	0.834	1.249	0.986	0.887	1.277	1.020	0.570	
0.414	0.652	0.797	1.034	0.967	1.274	1.290	1.398	1.444	1.286	0.943	0.796	1.155	0.448	1.103	
0.830	0.961	0.970	1.011	0.952	0.899	0.937	0.658	1.585	1.105	1.052	1.426	0.464	0.992	1.158	
0.831	1.002	0.611	1.245	1.304	0.405	1.036	1.046	1.012	0.836	1.232	1.062	1.330	1.046	1.003	
0.409	0.621	1.230	1.481	0.887	1.315	1.662	1.063	1.097	0.400	1.195	0.967	0.807	1.073	0.792	
1.066	1.199	0.790	0.838	1.185	0.707	1.232	0.864	1.129	0.851	1.219	0.684	0.964	0.816	1.457	
0.731	1.028	0.759	1.519	1.161	0.992	0.658	0.655	0.863	0.920	1.216	1.237	0.963	1.450	0.846	
0.703	0.781	0.400	1.317	0.978	0.999	1.281	1.343	0.879	1.009	0.675	0.775	1.397	1.182	1.281	
1.209	0.860	0.822	1.300	1.029	1.295	1.216	0.794	0.771	1.223	1.117	1.230	0.643	0.645	0.847	
0.634	0.846	1.002	1.020	1.447	0.846	1.562	1.025	1.044	1.219	0.632	0.777	1.072	0.792	1.080	
1.648	0.670	1.100	1.227	0.887	0.838	1.060	0.975	1.069	0.847	0.978	0.645	1.025	1.225	0.806	
0.591	0.980	0.785	0.795	1.642	1.438	1.018	1.408	0.607	0.825	1.536	1.321	1.257	0.403	0.392	
1.193	1.196	0.834	0.846	0.628	1.402	0.950	0.657	0.695	1.395	1.213	1.142	0.816	1.173	0.861	
0.997	1.205	0.757	0.826	0.503	1.309	1.165	0.970	1.197	0.993	0.844	1.422	1.016	0.811	0.985	
1.285	1.307	0.840	0.633	1.322	0.609	1.011	1.207	0.817	0.814	1.005	1.064	0.855	0.992	1.241	
0.626	0.595	0.971	0.995	1.107	0.649	1.192	1.008	1.658	0.625	0.817	1.489	1.296	1.192	0.779	
1.000	0.454	0.833	0.986	1.386	0.881	0.816	1.186	1.181	1.332	0.791	0.811	1.092	1.071	1.180	
1.273	0.648	0.844	0.866	0.806	1.078	1.264	0.986	1.046	1.051	0.816	1.470	1.029	0.815	1.006	
1.342	1.008	1.242	1.036	0.781	0.838	0.845	0.799	0.422	1.439	1.042	1.125	1.035	0.998	1.049	
0.618	1.035	0.808	1.239	1.039	1.218	0.837	0.823	1.088	1.110	0.853	1.216	1.483	0.836	0.798	
0.870	1.183	1.268	0.681	1.172	0.995	0.967	1.205	0.933	1.081	0.654	1.029	1.064	0.594	1.303	
0.613	1.220	0.867	1.071	0.800	1.002	1.038	1.218	0.802	1.308	1.067	1.040	1.237	0.857	0.860	
0.887	1.200	1.060	1.090	0.977	1.043	0.608	1.728	0.997	0.883	0.647	0.420	1.448	0.816	1.197	
0.772	1.190	0.862	1.902	1.254	0.777	0.847	1.257	0.684	0.779	0.990	0.804	1.496	0.720	0.666	
1.295	1.745	0.665	0.908	1.244	0.627	1.041	1.023	0.607	0.985	0.817	0.780	0.994	1.442	0.827	
0.872	1.200	1.091	0.853	1.086	1.028	1.308	0.977	0.784	0.969	0.876	0.837	0.615	1.431	1.073	
1.070	1.113	0.998	1.005	1.252	0.840	0.999	0.841	0.875	0.653	0.852	1.414	1.003	1.282	0.804	
1.046	0.890	1.081	1.065	0.856	0.841	0.806	1.221	0.877	0.785	1.212	1.045	0.788	1.463	1.023	
0.854	0.831	1.192	1.111	1.043	1.672	1.043	0.596	0.619	1.252	0.866	1.303	0.992	0.802	0.821	
0.413	0.947	0.457	2.110	0.997	1.439	0.634	1.168	0.612	1.300	0.937	1.073	0.757	1.386	0.769	
0.792	0.832	0.858	1.248	1.049	1.040	0.809	0.807	0.638	1.228	1.481	0.801	1.055	1.053	1.309	
0.798	1.232	1.290	0.991	0.638	0.784	1.425	0.978	0.979	1.348	0.782	1.258	0.453	0.774	1.270	
1.219	0.631	1.042	0.868	1.070	0.830	1.508	0.820	1.013	1.282	0.829	1.016	0.842	1.013	1.018	
1.467	0.848	1.273	0.834	0.816	1.041	0.851	0.804	1.005	1.029	1.004	1.279	1.287	0.833	0.629	
0.845	0.822	0.820	0.868	1.242	1.466	1.045	1.233	0.824	1.033	1.102	0.859	0.845	0.788	1.208	
1.405	0.946	0.838	0.844	1.458	1.027	0.454	0.792	0.571	1.381	1.253	1.229	1.215	0.626	0.961	
1.017	1.301	1.236	0.979	1.210	1.210	0.406	0.990	1.343	1.127	0.810	0.823	1.006	1.109	0.434	
1.236	0.426	1.722	0.613	1.000	1.746	1.414	1.013	0.984	0.911	0.789	0.855	0.815	0.607	0.869	
0.860	1.419	0.623	0.835	1.260	1.038	0.976	1.086	1.246	0.576	1.268	0.594	0.642	1.280	1.298	
0.646	1.198	0.781	0.827	1.293	1.395	0.831	1.019	0.425	1.313	1.047	1.230	1.167	0.631	1.198	
1.029	0.884	1.010	0.870	1.480	0.843	1.488	0.836	0.588	0.852	1.238	0.810	0.797	1.253	1.022	
0.451	1.196	0.787	0.945	1.446	0.993	1.004	1.352	1.730	0.873	0.818	0.993	1.045	0.573	0.793	
0.596	1.320	0.634	1.463	0.975	0.818	1.084	0.404	1.309	0.993	0.993	1.296	0.878	1.238	1.000	
1.282	0.962	1.066	1.695	0.760	0.641	1.105	1.010	0.597	0.949	1.041	0.800	1.409	1.220	0.463	
0.805	0.617	1.273	0.600	0.999	1.071	1.262	1.528	1.017	1.028	1.253	0.813	1.040	0.873	0.820	
0.406	0.799	0.987	1.011	1.191	1.593	1.088	1.317	1.311	1.189	1.508	1.017	0.400	0.400	0.784	
0.398	0.771	1.138	1.431	1.063	1.065	1.214	0.989	1.754	0.834	1.099	0.435	0.978	1.017	0.813	
0.765	0.454	1.292	1.275	1.223	1.178	1.217	1.092	0.825	1.268	0.826	0.612	0.574	0.927	1.473	
1.033	0.832	0.849	1.078	1.055	1.243	0.846	1.040	1.053	1.050	0.815	1.011	0.823	1.257	1.017	
0.864	1.003	1.020	0.844	0.867	1.741	0.803	0.844	1.423	1.030	0.614	0.813	0.835	1.273	1.027	
1.171	0.881	0.826	1.462	1.168	1.268	0.688	0.857	0.608	1.409	1.006	0.888	0.881	0.863	1.023	
0.844	0.810	1.084	0.857	1.046	1.078	0.831	1.003	0.837	1.461	1.019	0.828	1.012	1.219	1.070	
1.266	0.992	0.818	1.261	1.278	1.059	0.863	0.820	0.608	1.048	1.069	1.046	1.039	0.624	1.207	
0.401	0.998	1.387	1.654	1.471	1.106	0.933	0.872	0.944	0.772	0.951	1.181	0.994	0.802	0.533	
0.972	1.074	0.643	0.635	1.754	1.408	0.679	0.877	1.241	0.794	0.897	1.474	0.760	1.004	0.788	
0.793	1.245	1.348	0.814	0.817	0.842	0.421	1.263	1.048	0.997	1.233	1.250	0.808	1.114	1.007	
1.407	0.659	1.025	1.162	0.947	1.796	0.760	0.804	1.002	0.194	0.540	0.937	1.409	1.433	0.924	
1.046	1.053	0.812	1.234	0.843	0.815	0.788	1.505	1.279	0.813	0.587	1.266	0.828	1.282	0.852	
0.393	0.606	0.835	1.745	1.012	1.020	1.373	1.456	1.041	0.564	1.251	0.621	1.502	0.771	0.810	
0.816	1.001	1.516	0.992	0.630	0.830	1.470	1.254	1.005	0.878	1.051	0.615	1.072	0.794	1.076	
0.976	0.779	1.240	1.436	1.181	0.798	1.204	1.565	0.920	0.637	0.786	1.354	1.090	0.399	0.637	
0.863	1.015	1.050	1.010	1.037	1.473	0.845	1.059	0.796	1.044	1.048	0.592	1.279	0.840	1.048	
0.789	0.987	1.515	1.914	0.661	0.783	0.604	1.038	1.112	1.039	1.236	0.580	0.978	0.667	1.096	
0.597	1.003	0.394	1.082	1.365	1.171	1.275	1.018	0.284	1.127	1.459	1.095	1.160	0.851	1.119	
1.002	1.085	1.487	0.990	0.933	0.993	0.603	1.038	1.340	1.063	0.792	1.216	0.799	0.448	1.211	
1.477	0.603	1.000	1.433	1.014	0.893	1.264	0.809	1.407	0.389	1.028	0.924	0.477	0.765	1.516	
0.409	0.507	1.188	1.404	1.274	0.978	0.754	0.973	1.161	1.425	0.767	1.275	0.755	0.762	1.367	
0.856	0.827	0.833	0.658	1.050	1.453	1.292	0.623	1.239	0.799	1.193	1.265	1.228	0.854	0.829	
1.201	0.640	1.041	1.019	1.241	0.896	1.007	1.086	0.666	0.815	0.810	0.656	1.474	1.251	1.198	
0.951	1.444	0.832	1.273	1.461	1.126	0.759	0.821	0.985	0.982	1.290	0.403	1.624	0.243	0.806	
0.826	0.594	1.503	1.279	2.031	1.022	0.705	0.769	0.803	1.073	1.188	1.000	0.789	0.956	0.463	
1.009	1.218	0.843	2.122	0.599	0.940	0.760	1.263	0.858	0.780	1.023	0.617	0.846	1.233	0.890	
1.082	1.426	0.794	0.793	1.263	1.572	1.031	0.832	1.026	0.794	0.397	1.046	0.792	0.835	1.318	
1.480	0.576	0.790	0.788	1.294	0.773	1.360	0.634	1.141	0.492	1.006	1.200	1.211	0.942	1.313	
1.071	1.243	0.997	1.050	0.781	1.199	1.011	0.893	0.703	1.253	1.180	0.869	1.201	0.627	0.923	
0.624	0.977	1.745	1.015	0.960	1.353	1.026	1.214	0.897	1.130	0.427	0.427	1.189	0.777	1.240	
1.293	0.853	1.199	1.262	0.638	1.088	0.857	1.209	1.467	0.650	0.908	0.761	0.629	1.018	1.171	
0.782	0.822	0.982	0.988	1.075	1.322	1.652	1.056	0.912	1.079	1.246	1.000	0.608	0.824	0.651	
1.688	0.711	1.212	0.829	1.082	1.067	0.814	0.766	0.840	0.864	0.688	0.879	0.961	1.646	0.953	
1.431	0.821	1.151	1.239	1.241	0.837	0.857	1.036	1.004	0.648	1.290	0.605	0.793	0.834	1.213	
1.240	1.034	0.819	1.216	1.202	0.803	1.512	1.078	1.189	0.819	0.434	0.942	1.042	0.626	1.045	
1.018	0.654	1.445	1.107	1.267	0.919	1.473	0.832	1.000	0.808	1.179	0.595	0.805	1.260	0.638	
0.787	1.050	1.014	0.788	1.023	1.373	1.421	0.432	1.195	1.021	0.992	0.626	1.279	1.212	0.787	
0.675	0.790	0.791	1.106	2.074	1.032	1.229	1.009	1.247	1.012	0.772	1.178	1.218	0.193	0.674	
0.891	1.198	1.100	0.815	0.919	1.045	1.418	0.806	0.665	0.774	1.072	1.020	1.235	0.847	1.197	
0.828	0.697	0.782	0.821	1.327	1.021	1.446	1.241	0.787	0.849	1.237	1.221	1.052	1.008	0.683	
1.466	0.761	1.053	1.384	0.661	1.215	1.033	0.621	0.974	0.971	1.212	1.185	0.458	0.835	1.172	
0.442	0.407	1.400	1.434	0.811	1.147	1.326	1.330	1.152	0.783	1.035	0.797	0.968	0.786	1.182	
1.361	0.839	0.853	1.439	1.009	0.999	1.211	0.938	1.196	0.849	0.960	1.062	1.022	0.772	0.491	
0.810	0.605	0.417	1.451	1.477	0.801	1.046	0.791	1.027	1.218	1.347	1.015	0.992	1.399	0.604	
0.978	0.975	0.480	0.985	1.564	1.188	0.980	1.252	0.602	1.519	0.388	0.962	1.111	1.269	0.745	
0.654	0.765	1.478	0.785	1.769	0.807	1.199	0.621	1.005	0.789	1.291	0.892	0.808	0.904	1.233	
0.637	0.793	1.087	0.992	1.006	1.497	1.058	1.046	1.432	0.660	1.006	0.928	0.571	1.006	1.281	
0.461	0.647	1.389	1.398	1.430	0.851	0.836	1.022	1.063	0.832	1.063	0.748	1.088	1.207	0.964	
0.827	1.229	1.046	1.292	0.934	1.222	0.834	0.644	0.770	0.845	1.278	1.433	1.054	0.791	0.799	
1.297	1.026	1.075	0.824	1.023	0.801	0.788	1.039	0.677	0.667	1.431	1.003	1.309	1.010	1.029	
0.781	0.792	0.406	1.702	1.928	0.820	0.771	1.303	0.828	0.805	0.786	1.078	0.829	0.855	1.314	
1.053	1.036	0.854	1.309	1.446	0.858	0.605	1.054	0.823	1.013	1.277	1.036	1.008	0.796	0.832	
0.826	1.236	1.460	0.864	0.625	1.237	0.897	0.657	0.876	1.064	1.216	0.826	1.025	0.754	1.437	
1.026	0.855	1.081	0.610	1.308	0.803	1.226	1.300	0.642	1.085	1.013	0.984	1.013	1.255	0.800	
1.239	0.780	0.902	1.449	1.201	1.425	1.188	0.784	1.013	0.619	0.785	1.067	1.061	0.673	0.815	
0.772	0.792	1.204	1.379	0.966	1.510	1.226	1.027	0.984	1.212	1.356	0.820	0.228	0.426	1.098	
0.744	1.049	0.924	1.449	0.971	0.650	1.164	0.883	1.323	1.228	1.039	0.626	0.907	0.858	1.186	
1.041	0.982	1.075	1.423	0.652	1.247	1.301	1.017	1.231	0.616	1.047	1.031	0.924	0.627	0.785	
1.036	0.801	0.992	1.277	1.220	0.622	1.129	1.681	0.843	1.530	0.583	0.414	1.232	1.073	0.567	
0.864	1.018	0.618	0.621	1.482	1.454	0.801	0.797	1.286	1.060	0.826	1.030	1.026	1.070	1.047	
1.678	1.284	1.033	0.673	1.307	0.793	0.994	0.621	0.661	1.227	1.002	0.774	1.268	0.862	0.822	
0.815	0.619	1.560	1.272	1.223	1.073	0.413	0.993	1.275	0.592	0.983	1.115	0.842	1.452	0.771	
1.214	1.112	0.588	0.807	1.039	1.245	1.464	1.055	0.801	1.055	0.630	0.624	1.022	1.274	1.070	
0.593	1.066	0.601	1.242	0.637	1.010	1.034	1.306	1.248	1.258	1.054	1.037	1.024	0.869	1.022	
1.485	0.767	1.275	1.136	1.414	0.948	1.400	0.802	0.604	0.844	1.213	0.502	1.064	0.805	0.741	
1.740	0.848	1.220	1.110	0.780	1.023	1.412	0.665	0.838	0.982	1.121	0.985	0.772	0.665	0.839	
1.002	1.090	1.269	0.796	1.206	0.674	0.995	0.595	1.215	0.667	0.798	0.780	1.575	1.347	0.990	
1.199	0.618	0.896	1.231	1.017	1.295	1.341	0.639	1.199	1.039	0.877	0.842	0.965	0.630	1.213	
1.018	0.623	0.777	1.119	0.798	1.303	0.865	1.146	1.194	1.000	1.364	0.613	1.284	1.366	0.530	
1.242	0.825	1.018	1.250	0.822	0.832	1.073	1.033	0.853	1.315	1.032	1.036	0.604	0.818	1.248	
0.782	0.636	1.191	1.457	1.104	1.082	1.395	0.400	0.997	0.978	0.691	1.127	1.476	0.657	1.026	
1.018	1.044	0.838	1.055	1.016	0.823	1.054	1.533	0.610	0.820	1.224	1.038	0.793	1.524	0.609	
0.934	0.506	0.559	2.348	0.677	1.179	0.892	1.563	0.570	0.974	0.924	1.000	0.680	1.044	1.148	
1.002	0.679	0.797	0.896	1.032	0.895	1.229	1.019	1.013	1.005	1.031	1.061	1.495	0.802	1.045	
0.901	0.424	1.080	1.464	0.899	1.630	1.310	0.509	0.616	1.436	1.147	0.932	1.115	0.701	0.836	
1.401	1.070	0.602	1.230	1.178	0.789	0.970	0.844	1.036	1.510	1.042	0.417	1.047	0.823	1.042	
1.018	0.845	0.597	1.780	1.024	1.425	0.794	0.434	1.011	0.937	1.028	0.853	1.022	1.039	1.193	
0.949	1.219	1.034	1.059	0.857	1.018	0.843	1.419	0.768	1.502	0.659	0.625	1.035	0.784	1.229	
1.016	0.408	1.101	1.326	1.342	1.206	0.783	0.624	0.787	1.266	1.045	1.043	1.429	0.616	1.008	
1.042	1.204	0.433	1.264	0.889	1.202	1.086	1.100	1.245	0.846	0.602	1.296	1.415	0.426	0.950	
0.593	1.136	0.965	1.169	1.039	1.016	0.602	0.501	0.737	1.006	1.252	1.262	1.289	1.172	1.260	
1.025	0.848	1.424	0.796	1.008	1.134	1.049	1.070	0.427	1.031	0.625	0.984	0.776	1.472	1.330	
0.620	1.165	1.509	0.700	0.936	0.488	1.464	0.734	1.394	0.457	1.211	1.366	0.963	1.194	0.800	
0.660	1.206	0.873	0.833	1.437	1.125	0.773	0.820	1.082	1.036	1.020	1.437	1.013	0.871	0.815	
1.117	1.450	0.886	0.781	0.576	1.170	0.971	0.795	0.500	1.312	1.579	1.093	0.436	1.353	0.979	
0.842	0.655	1.233	1.461	0.801	0.815	0.826	1.175	0.684	0.869	1.073	0.582	1.270	1.471	1.244	
1.213	0.853	0.608	1.083	1.505	0.866	0.809	1.034	0.815	1.224	1.054	0.793	1.052	1.237	0.854	
0.804	0.998	1.042	0.862	1.026	1.231	1.093	0.820	1.065	1.251	0.633	0.596	1.080	1.235	1.264	
1.056	0.783	1.459	0.870	1.233	0.844	1.068	0.818	0.859	1.227	0.803	0.849	1.077	1.217	0.838	
0.809	0.783	1.029	1.427	1.643	1.176	0.451	1.001	0.828	1.015	0.992	0.829	0.832	1.147	1.040	
0.398	1.135	1.184	0.611	0.782	1.280	0.686	0.896	0.880	1.400	1.166	1.287	1.241	0.780	1.275	
1.264	1.131	0.767	0.606	0.804	1.198	1.167	0.962	1.228	0.987	1.329	0.499	1.400	0.794	0.864	
0.787	0.991	0.795	1.437	1.626	1.138	1.031	0.894	1.551	0.815	0.433	0.752	0.436	1.210	1.105	
0.621	1.133	1.162	1.152	0.512	1.017	0.779	0.800	1.013	1.133	1.284	1.086	1.178	1.386	0.744	
0.802	1.240	1.014	1.050	0.995	1.041	1.031	1.248	1.005	0.931	0.815	1.383	1.190	0.801	0.453	
0.683	0.974	0.891	1.227	1.948	1.016	0.698	1.000	1.275	1.009	1.024	1.004	0.586	0.880	0.783	
0.591	1.474	0.821	1.710	1.039	0.775	0.886	0.641	0.976	0.796	0.775	1.795	1.118	0.582	1.023	
0.827	0.649	1.191	0.864	1.742	1.309	0.812	1.077	0.386	1.001	1.047	1.001	1.025	0.979	1.090	
1.392	0.962	0.594	0.868	0.814	0.642	1.009	0.898	1.200	1.215	1.015	1.201	1.308	1.277	0.607	
1.101	1.234	0.825	0.892	1.030	1.046	1.442	0.862	0.771	0.794	1.042	1.228	0.814	0.863	1.056	
0.895	1.459	1.038	1.229	0.604	0.628	0.841	1.269	0.820	1.271	0.835	1.041	1.013	1.273	0.783	
0.859	1.009	1.043	0.832	0.841	0.846	1.030	1.490	0.999	1.280	1.025	0.886	1.012	1.011	0.838	
0.819	0.632	1.196	1.237	1.225	1.078	1.418	0.891	1.334	1.011	0.619	1.048	0.435	1.178	0.879	
0.785	1.060	0.819	1.560	0.417	1.214	1.141	0.613	1.194	1.224	1.062	0.994	0.596	1.258	1.063	
1.172	0.358	0.750	1.198	0.773	0.727	1.341	1.457	1.084	0.976	1.151	0.782	1.484	0.964	0.782	
1.055	1.002	0.581	1.261	1.482	0.601	1.296	0.810	1.239	1.246	1.110	0.821	0.805	1.063	0.628	
1.220	1.204	1.000	1.001	1.050	1.041	0.616	1.109	2.034	0.990	0.991	0.887	0.421	1.035	0.402	
1.109	0.816	1.002	1.025	1.054	1.209	0.980	0.779	1.874	0.983	1.066	0.697	0.810	0.714	0.882	
1.273	0.830	0.815	0.793	1.217	0.599	1.419	1.160	1.303	1.258	1.033	1.052	1.049	0.774	0.424	
0.779	1.035	1.240	1.065	1.361	1.226	1.182	0.253	0.786	0.997	1.205	1.026	0.838	0.788	1.221	
0.600	1.233	1.023	1.119	0.799	1.486	0.875	0.577	1.494	1.272	0.624	1.039	1.026	1.022	0.812	
1.022	1.028	0.809	1.513	0.616	0.872	1.005	0.600	1.260	1.239	1.268	0.827	0.835	1.101	1.005	
0.946	0.865	0.642	1.637	1.245	0.966	0.943	0.642	0.977	0.625	1.319	0.887	0.946	1.127	1.234	
1.262	0.599	1.022	1.034	1.265	0.844	0.604	1.541	0.614	1.313	1.052	1.053	1.003	0.801	0.993	
0.842	0.840	1.291	0.870	0.817	1.043	1.461	1.322	0.817	1.004	1.250	0.604	1.026	0.820	0.993	
0.619	0.976	1.459	1.461	1.023	1.721	0.612	0.904	1.026	0.672	0.818	1.005	0.886	1.226	0.593	
0.837	1.005	0.804	1.046	1.037	1.024	0.790	1.095	0.632	1.072	1.246	1.259	0.836	1.056	1.261	
1.216	0.814	0.643	0.991	1.072	0.830	0.795	0.859	0.646	1.041	1.444	1.295	1.080	1.071	1.204	
0.622	0.990	0.861	1.044	1.062	1.423	1.256	0.975	0.693	1.304	1.071	0.660	1.274	0.781	0.985	
0.624	1.215	1.222	1.164	0.618	0.862	0.995	0.981	1.045	0.651	0.784	1.544	1.192	1.306	0.796	
0.819	1.231	0.852	0.832	1.260	0.789	0.988	0.872	0.876	1.458	0.872	0.848	1.262	0.834	1.207	
1.030	1.481	1.365	1.198	1.000	1.066	0.774	0.648	0.817	0.621	0.878	1.008	0.849	1.051	1.214	
1.518	1.446	0.846	0.815	0.639	1.012	0.973	0.836	1.056	1.192	0.897	1.052	0.635	1.242	0.841	
1.085	0.825	1.057	0.606	0.590	1.290	1.030	1.671	0.821	0.874	0.832	1.024	0.774	1.259	1.263	
0.645	1.206	0.828	0.794	1.132	1.432	1.476	0.602	1.258	0.826	0.975	1.055	0.888	0.872	1.013	
1.648	0.631	1.016	0.983	1.027	1.170	1.212	1.004	1.029	0.953	0.972	0.608	0.475	1.326	0.944	
1.016	0.585	1.079	0.812	1.245	0.782	1.450	1.089	1.264	0.428	1.097	1.013	0.605	1.499	1.037	
0.640	1.201	1.028	1.403	0.818	1.264	0.946	1.244	1.056	0.657	0.996	0.778	0.814	1.018	1.137	
1.151	0.577	0.759	1.261	0.595	1.572	1.156	0.612	0.833	1.180	1.152	0.972	0.970	0.970	1.241	
0.987	0.627	1.023	1.334	0.781	1.503	0.901	0.598	1.222	1.204	0.864	1.234	1.259	0.655	0.808	
0.598	1.069	0.782	1.331	1.431	0.600	1.201	0.978	0.608	1.092	1.261	1.284	0.609	1.345	0.810	
0.815	0.778	1.095	1.330	0.786	0.633	1.340	1.003	0.820	0.810	0.411	1.444	1.282	1.218	1.233	
0.963	0.722	1.223	1.488	0.703	1.502	0.963	0.831	1.011	0.658	1.379	1.024	0.781	0.861	0.892	
0.613	0.602	0.593	1.308	1.265	1.281	1.059	1.255	1.266	1.016	0.813	0.828	1.045	1.051	1.003	
0.825	1.259	1.037	1.058	0.863	1.263	0.866	0.609	0.826	1.260	1.058	1.274	1.018	0.585	1.199	
1.451	1.515	0.870	1.011	1.040	1.010	0.782	0.822	1.029	0.841	1.059	1.020	0.846	0.629	1.075	
0.819	1.012	0.851	0.851	0.841	1.470	0.590	1.059	1.039	1.240	1.053	0.997	1.086	1.068	1.023	
1.079	0.212	1.009	0.599	1.682	1.456	1.037	1.003	1.011	0.980	1.028	1.236	0.790	1.273	0.604	
0.501	1.270	1.168	0.632	1.039	0.791	0.760	1.098	1.429	0.629	0.957	1.458	1.065	1.207	0.993	
1.264	0.812	1.036	0.690	1.174	0.964	1.296	0.867	1.226	1.095	1.016	0.417	0.983	1.498	0.662	
1.475	0.830	0.846	0.803	0.779	1.070	0.884	0.605	1.272	1.088	1.471	0.826	1.225	1.015	0.813	
1.667	0.434	0.830	1.006	1.006	1.025	0.930	0.823	1.532	1.004	1.023	1.047	0.785	1.060	0.829	
0.827	1.217	1.076	1.520	0.229	1.180	1.058	0.625	0.758	1.027	1.025	0.800	1.404	0.829	1.426	
0.462	0.821	1.015	1.395	1.205	1.129	1.473	0.922	0.797	1.088	0.583	1.163	1.264	0.843	0.841	
0.632	0.672	1.885	0.799	1.674	0.801	0.843	0.885	0.815	0.858	1.452	0.851	1.434	0.575	0.825	
1.247	0.762	0.604	1.259	1.486	1.183	1.515	0.714	0.613	1.216	0.854	0.467	1.041	1.055	0.985	
0.858	1.011	1.200	0.905	1.647	1.655	0.944	1.299	0.888	0.813	0.757	0.944	0.783	1.050	0.247	
1.261	1.086	1.208	0.915	1.240	1.187	0.436	0.799	0.637	0.855	1.563	0.988	1.033	1.202	0.592	
0.570	1.910	0.863	1.493	1.238	0.646	0.803	0.828	0.604	1.483	1.362	0.837	0.961	0.610	0.791	
0.981	0.893	0.839	1.442	0.970	0.937	0.678	1.051	0.814	1.003	0.866	1.011	1.308	1.219	0.987	
0.640	1.174	0.810	1.496	0.585	1.229	1.050	1.230	1.077	0.810	1.016	1.142	0.637	0.859	1.245	
0.826	1.066	0.401	0.996	0.836	1.243	0.817	1.293	1.484	1.044	0.809	0.602	1.254	1.026	1.301	
0.794	1.075	0.938	0.782	0.717	0.882	0.667	0.856	1.027	0.993	1.170	1.224	1.304	1.404	1.167	
1.278	1.491	1.357	1.013	0.795	0.781	1.029	0.408	1.331	0.797	0.837	0.620	1.257	1.229	0.778	
1.444	1.001	0.979	0.569	0.867	1.664	1.259	0.766	0.871	1.008	0.705	1.216	0.661	1.522	0.466	
0.782	0.666	1.662	0.828	1.720	0.663	1.013	1.000	1.177	1.059	0.781	1.005	1.152	1.046	0.449	
1.447	0.855	0.415	1.038	1.086	1.053	0.799	0.997	0.807	1.469	1.006	0.873	1.041	0.821	1.294	
0.856	1.194	1.072	1.013	1.272	0.847	0.833	1.001	1.237	0.832	0.860	1.076	1.026	0.889	0.991	
1.378	1.226	0.820	0.952	1.188	1.130	0.979	1.013	0.668	0.701	0.975	0.981	1.474	0.470	1.046	
0.996	1.239	1.257	0.595	1.126	1.174	1.018	0.760	1.408	1.487	0.671	0.678	0.837	1.125	0.630	
0.781	0.811	0.871	1.069	1.467	1.095	1.038	1.087	1.006	0.637	1.008	0.612	1.247	1.016	1.256	
0.802	0.808	0.616	1.041	1.258	0.872	0.756	1.437	1.164	0.450	1.644	0.901	1.199	1.244	0.808	
0.870	0.880	1.182	1.089	1.484	0.997	0.820	1.191	1.024	0.682	0.605	1.052	1.006	0.991	1.127	
1.514	0.784	1.058	0.627	1.256	0.619	0.841	1.025	0.839	1.267	0.808	1.314	0.796	1.233	1.020	
0.652	1.011	0.807	1.635	1.620	1.319	1.077	0.819	0.971	0.648	1.335	0.586	0.991	0.949	0.580	
1.070	1.021	1.035	0.627	1.051	0.781	1.057	1.056	1.013	1.085	0.842	1.221	0.867	1.443	0.832	
0.729	1.035	1.207	0.777	1.124	1.210	1.226	0.728	0.876	1.008	0.874	1.185	0.787	1.184	1.051	
0.403	1.212	0.996	1.369	1.556	0.806	1.450	0.599	0.813	0.787	1.083	1.274	1.031	0.826	0.795	
0.976	1.203	0.223	1.287	1.492	0.391	1.466	1.286	1.271	1.191	0.783	1.009	0.393	0.803	1.227	
1.245	1.256	1.267	0.844	0.843	0.842	0.983	0.869	1.007	1.292	1.262	0.624	1.009	0.842	0.815	
0.841	1.244	0.621	1.250	1.195	1.036	0.829	0.831	1.079	1.235	0.885	1.251	0.798	0.640	1.265	
0.838	0.797	1.051	0.850	1.013	0.802	1.484	0.983	1.526	0.781	1.422	0.966	0.230	1.020	1.235	
1.169	0.605	0.592	1.821	1.060	1.021	0.722	1.267	1.161	0.774	1.195	0.473	1.236	0.389	1.517	
1.482	0.394	1.221	0.963	1.264	0.894	1.238	1.571	1.235	0.956	1.082	0.644	0.452	0.965	0.641	
1.107	0.797	1.462	0.813	1.118	0.589	1.045	1.275	1.060	1.465	0.627	0.769	1.212	0.852	0.809	
0.890	1.243	0.805	0.868	0.639	0.796	1.309	1.670	1.187	0.833	0.830	1.044	0.818	1.251	0.817	
0.833	0.837	0.797	1.484	0.669	1.052	0.937	1.258	0.621	1.391	0.590	1.068	1.233	1.234	0.996	
0.672	0.811	1.015	1.473	0.987	0.767	0.878	0.793	1.243	1.315	1.012	0.913	0.834	0.867	1.420	
1.007	0.557	1.487	1.209	0.620	0.797	1.397	1.106	1.163	0.975	0.414	1.195	1.354	0.430	1.288	
0.856	0.894	1.511	1.452	0.815	0.613	1.060	1.010	0.636	1.249	0.857	1.010	0.986	0.855	1.195	
1.344	0.856	1.181	0.809	1.656	1.112	1.215	0.612	0.744	0.784	0.423	1.499	1.315	0.395	1.055	
0.596	0.611	1.007	1.433	1.010	1.140	1.270	0.880	0.976	0.985	1.059	0.851	1.248	1.289	0.645	
0.996	0.774	0.432	1.019	1.541	1.212	1.019	1.119	1.200	0.978	1.109	1.194	1.065	0.432	0.910	
0.588	1.282	0.858	0.783	1.008	0.998	1.261	0.904	1.238	1.329	0.633	1.239	1.241	0.783	0.855	
0.663	1.013	0.604	0.851	1.082	1.702	1.477	0.576	1.219	1.032	1.271	1.053	1.030	0.842	0.585	
0.870	1.011	0.610	1.254	1.057	0.820	0.852	1.114	0.852	1.040	1.038	1.483	0.789	1.230	0.979	
1.051	0.831	1.272	1.307	0.818	0.805	1.003	1.056	0.984	0.850	1.463	0.610	0.850	1.256	0.844	
0.607	0.578	1.315	0.622	0.799	1.281	1.252	1.087	1.475	0.831	1.228	1.257	1.266	0.611	0.791	
1.274	0.638	0.613	1.260	0.799	1.454	1.046	0.829	1.235	0.869	1.087	1.006	0.842	1.222	0.828	
1.179	1.214	1.230	1.369	0.750	1.222	1.156	0.625	0.912	1.158	1.271	0.449	0.422	1.073	0.970	
0.625	0.968	0.623	1.278	1.409	0.879	1.015	1.140	1.074	0.643	1.237	1.203	1.029	0.796	1.082	
0.821	0.823	0.784	1.470	1.327	1.240	1.445	1.038	0.784	0.422	0.594	0.831	1.044	1.128	1.249	
1.219	1.078	1.249	0.835	1.051	1.258	0.601	0.855	0.774	0.856	0.852	1.016	1.267	0.847	1.241	
1.203	1.015	0.806	1.241	1.118	1.066	1.049	0.814	0.414	1.006	1.256	1.022	1.579	0.816	0.596	
0.787	0.613	1.213	0.853	1.293	1.283	0.759	1.238	1.115	0.607	1.864	1.054	0.587	1.099	0.635	
0.994	0.907	1.239	0.643	1.253	1.075	1.235	0.814	1.029	0.977	0.842	1.025	1.275	0.866	0.826	
1.452	0.658	0.588	1.236	1.425	1.002	1.551	0.837	0.813	1.026	0.968	0.844	0.623	0.948	1.029	
1.394	1.194	1.251	0.805	0.665	0.987	0.669	1.267	1.336	0.816	0.974	0.416	1.244	1.203	0.778	
1.288	1.054	0.814	0.783	1.042	1.045	1.718	0.850	0.806	1.041	0.782	0.622	0.831	1.070	1.255	
0.585	0.753	1.159	1.370	1.095	1.025	0.745	1.278	0.618	1.339	0.684	0.687	1.189	1.156	1.317	
1.011	0.818	0.406	1.244	1.788	0.806	1.032	1.029	1.009	1.279	1.016	1.097	0.613	0.850	1.001	
1.193	0.792	0.824	1.085	0.837	0.872	1.268	1.272	1.044	1.032	1.052	0.785	1.520	0.594	0.832	
0.990	0.730	1.240	0.768	0.763	0.826	1.199	1.391	1.240	1.281	1.151	0.839	0.925	0.964	0.694	
0.851	0.601	0.754	1.268	1.007	1.876	0.780	0.894	0.754	1.526	1.212	1.127	0.876	0.643	0.833	
1.269	0.627	0.805	1.439	1.372	0.427	0.880	1.639	0.745	1.002	0.932	1.462	0.255	1.151	0.994	
1.397	0.825	0.835	1.260	0.788	1.047	0.764	1.042	1.227	1.358	0.253	0.990	1.402	0.822	0.990	
0.876	1.208	0.999	1.426	0.795	1.713	0.835	0.792	1.048	1.414	0.864	0.968	1.016	0.831	0.215	
0.875	0.833	1.541	0.843	0.566	1.428	1.038	1.008	1.176	0.955	0.864	0.438	1.235	0.786	1.414	
1.018	0.454	1.449	1.190	1.425	0.808	0.791	1.170	1.008	1.002	0.998	0.804	1.294	0.763	0.826	
0.606	0.826	1.079	1.242	0.787	1.230	1.318	0.835	0.774	1.272	0.816	1.063	1.088	1.236	0.829	
0.878	0.796	1.469	1.122	0.824	1.008	0.822	0.971	0.853	1.219	1.251	1.201	0.827	1.129	0.631	
0.811	0.388	1.670	1.257	1.204	0.580	2.228	0.813	1.001	0.778	1.357	0.659	0.810	0.661	0.781	
0.827	1.261	1.492	1.716	0.798	0.796	1.042	1.044	0.804	0.855	1.060	0.621	0.608	1.063	1.012	
1.757	1.080	0.810	0.786	0.622	0.598	0.604	1.289	1.028	1.006	0.852	1.232	0.810	1.439	1.088	
0.963	0.658	0.623	1.149	1.353	1.076	0.973	1.031	1.202	0.880	1.183	1.266	0.990	1.035	0.620	
1.033	1.002	0.680	1.219	0.901	1.529	0.988	1.076	1.098	0.876	0.612	1.420	0.603	0.779	1.186	
1.209	0.614	0.795	0.993	1.156	0.582	0.950	0.896	0.484	1.485	1.240	1.157	1.219	1.220	1.000	
1.932	0.851	0.465	1.132	0.939	0.948	0.938	0.953	0.426	1.190	0.854	0.970	1.400	0.970	1.031	
0.577	1.071	0.668	1.296	1.221	1.475	1.221	1.427	1.037	0.642	0.825	0.879	0.998	0.769	0.893	
1.190	0.806	1.261	0.937	1.698	0.459	0.397	1.450	1.177	1.231	0.747	0.777	0.576	1.454	0.841	
0.422	0.956	0.995	1.900	1.152	1.251	0.987	0.815	0.658	1.289	1.008	1.460	0.643	0.846	0.618	
0.849	1.480	1.050	1.040	0.865	0.795	0.853	0.804	1.211	0.850	0.887	1.033	1.229	1.257	0.797	
0.983	0.806	0.892	1.211	1.070	1.245	1.016	1.522	1.007	0.843	0.628	0.604	1.010	1.315	0.847	
0.424	1.018	1.031	0.839	0.840	0.835	1.194	1.260	1.300	1.168	1.479	0.592	1.050	1.196	0.773	
0.592	1.469	0.645	1.070	1.694	1.027	0.613	1.308	0.803	1.032	0.876	0.555	1.476	0.785	1.054	
1.026	0.855	1.035	0.705	1.073	0.674	0.775	1.057	1.198	0.831	1.267	1.082	0.795	1.641	0.986	
1.201	1.441	1.260	0.882	1.282	0.998	1.021	0.995	0.978	0.697	0.611	1.039	0.680	0.834	1.082	
1.100	1.233	0.841	0.778	1.001	1.200	0.643	1.136	0.900	1.071	1.177	0.855	0.683	1.202	1.180	
0.895	0.815	1.068	1.467	0.978	0.616	1.675	0.876	0.870	0.647	1.174	1.052	1.133	0.986	0.750	
0.408	1.651	0.813	1.226	0.892	0.773	1.228	0.791	0.447	1.025	1.315	1.333	1.094	0.998	1.007	
0.575	0.957	0.823	1.052	0.785	1.173	1.247	1.025	1.682	0.528	0.782	1.190	1.256	1.195	0.729	
1.188	0.617	0.994	1.750	0.848	1.177	0.864	0.874	0.991	1.040	0.439	0.962	1.057	1.199	1.000	
1.048	0.433	1.004	1.496	0.840	0.843	0.848	1.197	1.201	1.147	0.992	1.082	1.194	0.812	0.862	
1.061	1.032	0.827	0.626	1.037	1.225	1.064	1.033	0.853	1.028	1.061	0.829	1.249	1.042	1.033	
1.021	0.401	0.804	1.005	1.050	0.827	0.838	1.544	1.346	1.239	1.022	1.047	1.031	1.026	0.799	
0.872	0.966	1.171	1.271	1.090	0.403	0.848	1.310	0.597	0.661	0.861	1.212	0.977	1.350	1.410	
1.066	1.341	0.827	0.823	0.597	1.235	0.637	1.041	0.850	1.068	0.817	0.998	1.448	1.245	1.005	
1.350	0.609	0.655	1.590	0.886	0.456	1.138	1.027	1.387	1.318	0.769	0.982	0.930	0.888	1.016	
1.022	0.830	0.795	1.542	1.436	1.204	0.941	1.080	1.231	1.038	0.795	1.026	0.810	0.436	0.812	
0.845	0.896	1.455	1.213	1.057	1.010	0.822	0.686	0.804	0.781	1.462	0.986	1.134	0.673	1.175	
1.050	0.582	0.814	0.839	1.273	0.870	1.018	1.221	0.812	1.444	0.631	1.237	1.253	1.355	0.600	
0.936	0.750	0.873	1.332	1.598	0.822	0.971	1.465	0.991	0.787	0.840	0.785	1.174	1.171	0.504	
1.457	0.806	1.270	0.872	0.662	0.758	0.867	1.266	1.226	0.627	1.466	0.778	1.084	0.970	0.889	
0.807	0.463	1.015	1.048	0.993	1.219	1.138	1.253	1.033	1.203	0.809	1.027	1.254	0.805	0.934	
0.811	1.030	0.782	1.189	0.664	1.245	1.592	1.204	0.922	0.651	1.445	1.013	1.248	0.442	0.761	
0.607	0.785	0.588	0.979	1.008	1.381	1.724	0.658	0.768	1.256	1.661	0.641	1.528	0.572	0.843	
1.727	0.617	0.610	1.238	1.054	1.028	1.211	1.201	0.792	1.083	1.063	1.025	0.654	0.652	1.046	
1.037	0.784	0.781	1.692	0.822	1.209	0.810	1.645	0.801	1.011	1.727	0.809	1.275	0.384	0.213	
0.920	0.957	1.116	1.083	0.838	0.981	0.541	1.755	1.108	1.315	1.004	0.787	0.541	0.932	1.124	
0.809	0.674	1.468	1.102	1.225	0.850	1.036	0.782	1.638	1.295	1.039	0.986	0.887	0.610	0.599	
0.648	1.457	1.079	0.588	1.305	0.956	1.003	1.003	1.390	0.962	1.011	1.124	0.776	0.475	1.223	
0.896	0.851	1.221	1.267	0.956	0.889	0.876	1.245	0.878	1.000	0.882	0.797	1.211	0.853	1.179	
1.231	1.151	0.778	1.231	0.765	1.035	0.793	0.863	1.536	0.826	1.042	1.210	0.828	1.294	0.417	
0.385	1.037	0.764	1.277	1.460	1.490	0.439	1.254	0.913	1.487	0.396	1.340	0.796	0.796	1.167	
1.062	0.661	0.781	1.242	0.964	1.265	1.091	1.702	1.241	1.175	0.657	0.588	0.858	0.898	0.813	
0.697	1.192	1.010	0.947	1.196	0.683	0.742	1.340	1.406	1.386	1.193	1.204	0.747	0.434	0.823	
0.772	0.809	1.617	1.259	0.952	0.799	1.261	1.011	1.192	1.009	0.519	1.034	0.602	0.978	1.187	
1.297	0.968	0.387	1.138	0.797	1.235	1.106	1.226	1.016	1.161	1.231	0.962	0.347	0.762	1.366	
0.841	1.432	1.032	1.200	1.134	1.039	1.033	1.351	0.772	1.004	0.850	0.864	0.428	1.014	1.006	
1.450	1.312	1.052	1.185	1.260	0.995	0.879	1.047	0.813	0.667	0.767	0.896	0.988	0.837	0.853	
1.052	1.012	0.679	1.100	1.195	1.513	0.717	0.666	0.986	0.979	1.715	0.791	0.818	0.971	0.806	
1.040	1.072	0.842	1.005	0.993	1.259	1.688	1.267	1.038	0.833	0.602	0.832	0.840	0.828	0.861	
0.958	0.435	1.033	1.491	1.010	0.997	1.111	1.426	0.973	1.045	1.143	1.177	0.971	0.224	1.006	
0.949	0.630	1.162	1.595	0.943	0.977	1.461	0.237	1.020	0.623	1.057	1.215	0.647	1.143	1.340	
1.214	0.824	0.783	0.877	0.833	1.016	1.224	1.269	0.659	0.867	1.445	1.018	1.026	0.877	1.068	
0.397	0.821	1.198	1.264	1.688	1.424	0.827	0.212	1.289	0.809	1.253	1.004	0.788	1.030	0.995	
1.048	1.283	0.825	1.920	0.806	1.066	0.862	1.247	0.819	0.582	1.031	0.620	1.019	1.073	0.800	
0.776	0.847	0.988	1.414	1.356	1.012	0.627	1.029	1.430	1.095	1.124	1.064	0.795	1.019	0.423	
1.038	0.634	1.202	1.036	0.796	1.244	0.829	0.672	1.913	0.861	1.015	0.599	0.819	1.243	1.100	
0.882	1.182	1.004	1.307	0.982	1.000	1.103	0.817	1.218	0.996	1.176	0.875	1.025	0.723	0.709	
0.991	1.724	0.585	0.987	1.275	0.591	1.261	1.098	0.900	0.453	1.027	1.213	0.997	1.312	0.585	
0.857	0.819	1.467	1.452	1.045	0.842	0.841	1.031	1.089	0.860	1.221	0.824	0.990	0.589	1.074	
1.301	1.246	1.016	1.250	1.220	1.288	0.812	0.849	0.627	0.785	0.858	0.633	1.008	1.093	1.012	
0.418	0.834	0.999	1.321	1.006	1.280	1.256	0.813	0.829	1.095	1.239	1.445	0.795	0.588	1.081	
0.806	0.809	1.008	0.795	1.315	1.272	1.707	0.606	0.791	0.401	1.570	0.851	1.277	1.213	0.579	
0.843	1.254	1.029	0.862	1.011	1.510	1.290	0.783	0.843	0.838	1.026	0.811	0.822	1.253	0.824	
1.053	0.417	0.665	1.510	0.670	0.829	1.162	0.822	1.221	1.186	0.640	1.372	1.216	1.202	1.035	
1.424	0.843	0.893	1.190	1.200	1.163	1.106	0.691	0.733	0.781	0.971	1.011	0.974	1.274	0.748	
0.493	0.988	0.780	1.414	0.779	1.347	1.661	0.594	1.232	0.838	1.186	1.043	0.849	1.219	0.577	
0.634	0.805	0.576	1.169	1.310	1.438	0.975	1.012	0.416	1.057	1.419	0.603	1.508	1.220	0.858	
0.568	1.091	0.972	1.234	1.329	1.374	1.505	0.457	0.931	0.587	1.403	1.269	0.824	1.046	0.411	
0.618	1.242	1.444	1.099	0.804	1.019	0.645	1.028	1.240	1.028	1.064	0.874	0.843	0.831	1.222	
1.011	0.772	0.629	1.160	1.647	0.833	1.216	1.225	1.057	0.646	0.810	0.995	1.097	1.096	0.804	
0.808	0.770	0.641	1.669	0.997	1.085	1.027	0.806	1.466	1.046	1.332	0.878	0.834	1.024	0.618	
0.640	0.962	1.217	0.861	1.505	0.831	1.221	0.617	1.247	1.247	0.650	1.219	1.275	0.869	0.640	
1.223	0.419	0.834	1.468	1.616	1.217	1.062	1.118	0.803	0.788	0.636	0.596	0.995	1.186	1.038	
0.803	1.092	0.575	0.973	0.831	1.025	1.114	1.473	1.503	1.745	0.993	0.377	0.659	0.862	0.973	
0.635	1.203	0.775	1.422	1.506	0.881	0.840	1.455	0.858	0.625	1.140	1.191	1.029	0.806	0.635	
1.028	0.628	1.046	0.596	1.470	1.065	1.279	1.240	0.802	0.819	0.879	1.014	1.071	0.815	1.249	
0.589	1.244	0.988	1.748	0.597	1.318	0.847	1.114	0.834	0.829	1.036	1.036	0.809	1.223	0.788	
1.022	0.887	1.253	1.466	0.652	1.014	1.002	1.259	1.045	0.798	0.818	0.995	0.803	0.833	1.153	
1.711	1.195	0.226	1.696	1.026	0.787	1.198	0.576	1.511	0.591	1.243	1.035	0.580	0.809	0.814	
1.407	0.802	0.845	0.976	1.208	1.274	1.169	1.012	0.859	1.395	0.419	1.095	0.661	1.018	0.859	
1.018	1.040	1.023	1.019	1.027	1.114	1.329	1.239	1.446	0.830	0.419	0.618	1.238	0.812	0.829	
1.020	1.183	0.692	0.808	1.196	1.032	0.715	1.087	1.497	0.779	1.018	0.868	1.031	0.868	1.205	
0.814	1.030	1.013	1.018	1.247	0.917	1.260	1.250	0.626	0.986	1.240	0.592	0.880	0.867	1.261	
0.625	1.446	0.781	1.562	0.859	1.265	0.851	0.907	1.245	0.826	0.794	1.236	1.001	0.987	0.617	
0.890	1.315	1.213	0.775	0.818	0.791	1.245	1.083	1.036	0.709	0.687	1.198	1.023	0.998	1.219	
0.845	0.392	1.248	0.760	1.288	1.310	0.904	0.824	0.651	1.021	1.501	1.422	0.779	1.069	0.986	
1.593	0.804	0.647	0.806	1.004	1.218	0.432	1.515	1.192	0.788	1.709	0.573	0.376	1.010	1.334	
0.986	0.605	0.823	1.134	1.709	0.803	0.993	0.823	1.068	0.981	0.997	1.098	0.628	1.055	1.295	
0.815	1.041	0.603	1.735	1.090	0.601	0.988	1.708	1.069	1.036	0.781	1.320	0.389	1.004	0.821	
1.010	0.959	0.808	0.851	0.589	1.179	1.496	1.179	1.956	0.900	0.792	0.595	1.025	0.463	1.197	
0.415	0.607	0.773	1.601	1.637	0.787	1.261	1.030	1.083	0.830	0.806	1.143	0.984	1.053	0.988	
1.198	1.190	0.750	1.324	0.636	1.521	1.172	0.998	0.478	0.754	0.833	0.869	1.079	1.177	1.021	
0.588	1.049	1.686	1.233	0.809	0.853	0.999	0.832	0.689	1.018	0.964	1.095	1.248	0.662	1.275	
1.075	0.587	0.438	1.221	0.782	1.046	1.439	0.662	1.040	1.241	1.508	0.991	0.976	0.969	1.027	
0.814	0.873	1.459	0.871	1.523	0.844	1.640	1.236	1.010	0.558	0.852	0.788	0.615	1.264	0.653	
1.067	0.389	1.270	0.697	0.669	1.501	0.833	1.897	0.590	1.266	0.999	1.023	1.223	1.008	0.567	
1.059	0.839	1.001	1.200	1.208	1.916	1.234	0.204	0.629	1.259	0.778	1.017	0.820	0.827	1.010	
0.814	0.991	0.602	1.081	1.020	1.037	1.310	1.249	1.515	0.794	0.598	0.874	0.620	1.257	1.239	
1.109	0.381	1.447	0.723	0.462	0.967	1.447	0.435	1.120	1.183	1.465	0.961	1.272	1.061	0.968	
0.666	1.030	1.014	1.433	0.651	1.163	1.496	0.804	0.887	0.937	0.857	1.064	0.838	1.202	0.959	
0.607	0.850	0.977	1.049	1.016	0.856	0.795	1.476	1.253	1.238	0.858	0.835	0.833	1.092	1.266	
0.630	1.386	0.861	1.088	0.704	1.038	0.730	0.789	0.983	0.845	0.989	1.107	1.440	1.396	1.015	
0.847	1.436	0.610	1.461	1.049	0.995	1.079	0.599	0.611	1.085	1.211	1.336	1.205	0.836	0.640	
0.805	0.696	1.674	1.016	0.715	0.986	0.840	1.261	1.463	1.048	0.854	1.011	0.668	0.790	1.174	
1.229	1.772	1.221	0.838	0.837	0.992	1.243	0.997	0.992	0.998	0.788	1.025	0.218	0.800	1.052	
0.650	0.452	0.973	1.400	1.165	1.199	1.417	1.235	0.737	0.928	0.825	0.683	1.038	1.162	1.136	
1.148	1.164	0.966	1.241	0.641	0.666	1.477	1.002	0.649	0.225	1.720	1.158	0.928	1.167	0.849	
0.824	0.788	1.025	0.900	1.657	0.822	1.008	0.819	1.216	0.675	0.857	1.084	1.042	1.050	1.234	
1.187	0.861	1.042	1.523	1.217	1.288	0.615	0.813	1.123	1.016	0.811	0.810	1.502	0.408	0.784	
0.792	0.806	0.811	1.005	1.721	1.482	0.603	0.971	1.083	1.081	0.213	0.977	1.005	1.021	1.428	
0.802	0.587	1.298	1.044	1.502	0.821	0.792	1.075	1.771	0.598	1.033	1.011	0.837	1.023	0.803	
1.275	0.626	1.287	1.229	1.045	0.868	0.632	1.655	0.585	0.590	1.023	1.012	1.046	1.057	1.073	
0.996	0.653	1.045	1.270	0.820	1.055	0.798	0.791	0.855	1.235	1.456	1.019	1.058	1.122	0.827	
0.820	1.255	1.017	0.811	0.783	1.491	0.792	1.244	1.062	1.082	0.632	1.030	1.059	0.825	1.095	
0.820	0.910	1.697	0.655	1.047	1.016	0.890	0.814	0.580	0.878	1.645	0.985	1.462	0.789	0.813	
0.809	0.956	0.888	0.881	0.688	0.910	1.244	1.428	1.186	0.773	1.035	0.789	0.851	1.115	1.448	
1.018	1.302	0.794	1.003	1.043	1.016	1.335	1.296	1.257	0.822	0.406	1.219	1.075	0.604	0.810	
1.000	0.840	1.009	1.039	0.752	0.988	0.495	1.395	1.413	1.096	0.989	0.789	0.940	0.991	1.264	
0.815	1.713	1.473	1.313	1.026	1.033	0.613	0.607	0.826	0.629	1.222	1.038	1.035	0.827	0.829	
1.270	0.853	1.244	0.601	1.035	1.024	1.024	0.796	0.810	0.847	0.859	1.054	1.290	1.052	1.240	
0.809	0.782	1.033	1.232	1.500	1.033	1.681	1.254	0.871	1.043	0.681	0.684	0.780	0.814	0.803	
1.029	1.052	0.658	1.658	0.788	1.121	0.827	1.027	0.854	0.832	1.012	1.045	0.995	1.084	1.016	
0.963	1.042	0.925	1.078	1.256	0.464	0.895	1.127	0.624	1.185	0.791	0.970	1.661	1.245	0.773	
1.073	1.291	1.197	1.253	0.636	0.900	0.866	0.973	0.805	0.981	0.612	1.563	1.020	1.398	0.433	
1.251	0.639	1.030	0.828	1.211	0.802	1.027	0.605	0.867	1.112	0.792	1.220	1.551	1.257	0.807	
0.598	0.853	0.774	1.466	0.794	1.306	1.091	1.242	1.034	1.058	0.796	0.867	1.494	0.824	0.803	
0.825	1.228	1.031	1.026	1.136	1.218	0.440	1.022	0.787	1.143	0.814	1.446	0.845	1.037	1.003	
0.642	1.220	0.418	1.427	0.787	0.875	1.310	1.215	1.728	0.851	0.799	0.820	0.769	1.090	1.049	
0.843	0.985	1.002	1.073	1.138	1.676	1.011	0.599	0.659	0.995	1.080	0.808	0.993	1.288	0.849	
0.433	1.637	0.973	1.096	1.455	0.903	1.284	0.276	1.005	0.983	0.779	0.752	0.959	1.268	1.197	
1.123	1.208	0.965	1.225	0.878	0.611	0.718	0.999	1.025	1.381	0.706	0.974	1.026	1.091	1.071	
0.489	1.226	1.221	1.015	1.172	1.080	0.808	0.742	1.254	0.766	0.991	0.603	1.492	0.790	1.353	
1.103	1.103	0.791	1.305	0.620	1.208	0.500	1.385	0.810	0.793	0.752	1.246	1.019	1.188	1.176	
0.828	0.806	1.073	1.078	1.254	0.820	1.233	1.039	0.619	0.834	1.013	1.272	0.814	1.050	1.267	
0.818	0.608	1.251	1.369	1.248	1.001	1.218	1.050	1.051	0.441	0.897	1.207	1.404	0.817	0.622	
0.809	1.110	1.219	0.806	0.629	0.809	1.240	1.283	1.303	1.013	1.233	1.116	0.633	0.996	0.801	
0.846	1.271	1.016	0.992	1.036	1.027	0.949	0.790	1.225	1.121	1.016	0.994	1.259	0.463	0.995	
0.988	1.028	0.839	1.005	1.211	1.042	0.936	1.004	1.620	0.996	0.624	1.204	1.267	0.790	0.448	
1.247	0.612	1.084	1.268	0.618	0.986	0.825	1.031	1.230	1.067	1.485	1.311	0.806	0.605	0.825	
1.029	0.998	0.616	1.268	1.024	0.852	0.839	1.034	0.860	0.613	1.000	1.443	1.282	1.077	1.063	
0.669	0.981	0.827	0.897	1.059	1.415	0.799	0.982	1.152	1.210	1.171	1.004	1.563	1.037	0.233	
1.092	0.850	1.234	1.441	0.660	0.843	0.815	1.088	0.798	1.031	1.228	1.233	0.992	0.785	0.910	
0.830	0.628	0.990	1.310	1.216	1.036	0.863	0.814	1.307	1.263	1.021	0.612	1.035	1.083	0.993	
0.750	0.990	0.559	1.535	1.190	0.960	1.167	1.427	1.070	1.103	0.582	1.418	0.778	1.183	0.287	
0.588	1.072	0.802	1.666	1.023	1.287	0.808	0.865	1.263	0.997	1.081	1.016	0.902	0.991	0.641	
0.842	0.650	1.249	0.679	1.478	0.662	1.480	0.652	1.024	1.024	0.976	1.239	1.041	0.997	1.007	
1.281	0.458	2.182	0.568	0.963	0.568	0.770	0.599	1.275	1.007	0.902	1.268	0.986	1.025	1.147	
0.647	0.617	1.233	1.005	1.494	1.225	0.858	1.092	0.789	0.866	1.704	1.038	0.800	0.802	0.829	
0.784	0.962	0.793	0.478	1.728	1.023	1.600	0.975	0.809	1.199	1.036	0.632	0.846	1.145	0.990	
0.857	0.996	1.038	1.196	0.617	0.870	1.050	1.402	1.182	1.390	0.771	0.868	0.416	0.991	1.354	
0.755	1.289	0.776	1.326	1.024	0.880	0.860	1.417	1.212	1.164	1.187	0.994	1.057	0.249	0.812	
0.439	0.833	0.806	1.185	1.312	1.202	1.207	0.880	0.824	0.966	1.188	1.346	1.212	1.170	0.430	
0.753	1.383	0.744	1.455	0.764	0.462	0.899	1.871	1.254	0.823	1.026	0.561	1.260	0.784	0.964	
1.195	0.588	1.464	1.148	0.580	1.355	0.977	0.892	1.705	1.180	0.446	1.325	0.425	0.553	1.168	
1.217	0.995	0.880	0.646	1.032	0.872	1.005	1.020	0.646	1.065	1.432	1.191	1.224	1.169	0.607	
1.243	1.449	1.150	0.890	0.933	1.141	0.687	0.671	0.946	1.018	0.981	0.734	0.817	1.189	1.152	
0.986	0.993	0.835	0.977	1.250	1.035	0.609	1.247	0.934	1.261	0.645	0.631	1.442	1.085	1.068	
0.614	0.975	1.129	1.750	1.661	0.614	0.813	1.254	1.057	1.224	0.979	1.000	0.457	0.897	0.575	
0.563	1.081	1.084	1.387	0.768	1.025	0.948	1.154	1.174	0.515	1.245	1.008	1.226	1.225	0.596	
1.022	0.639	0.589	1.265	1.090	1.924	1.270	0.858	0.785	0.792	1.049	1.048	1.019	0.393	1.255	
0.462	1.183	0.831	0.973	1.036	1.379	1.242	0.864	1.180	1.043	0.996	1.197	1.042	0.788	0.786	
0.572	0.874	0.619	1.285	0.708	1.023	1.660	0.798	0.719	1.178	1.072	1.180	0.960	1.439	0.912	
1.263	1.070	0.980	1.007	0.671	0.968	0.793	1.024	0.491	1.193	1.009	0.904	1.037	1.406	1.183	
0.799	1.425	1.014	0.809	1.022	0.810	0.983	1.321	1.750	1.204	0.459	0.768	0.993	0.446	1.197	
0.429	1.213	0.414	1.301	1.334	1.036	0.789	0.984	1.144	1.084	1.228	1.022	1.219	0.807	0.996	
0.967	0.675	0.629	1.214	0.660	1.194	1.062	1.314	1.081	1.248	0.793	1.246	1.075	0.785	1.056	
0.801	0.819	1.048	1.474	0.848	1.015	1.275	1.062	1.017	1.058	1.036	0.810	0.841	0.820	1.077	
0.978	0.833	0.978	1.462	0.914	1.095	0.667	0.642	1.382	1.171	0.938	1.052	0.960	0.852	1.076	
1.008	0.953	1.065	1.081	0.609	1.734	1.513	0.960	0.388	0.230	0.999	1.221	0.772	1.167	1.299	
0.953	1.041	0.790	1.614	1.091	1.176	1.121	1.460	0.432	0.850	0.609	1.038	1.414	0.973	0.437	
1.231	0.790	1.010	1.039	0.897	0.773	1.227	1.413	1.670	0.447	0.997	0.754	0.647	0.999	1.105	
1.191	0.790	1.374	1.230	1.008	1.112	1.336	0.766	1.179	1.244	0.420	1.041	0.611	1.284	0.416	
0.842	0.991	1.069	1.047	1.421	0.780	0.960	1.342	1.232	0.934	0.778	0.633	1.226	0.450	1.294	
0.808	0.987	0.640	1.052	1.248	0.799	0.791	1.482	1.086	1.231	0.892	1.031	0.842	1.284	0.826	
1.187	0.613	0.875	1.515	0.628	1.219	0.781	1.081	0.228	1.658	1.040	0.950	1.198	0.969	1.057	
1.099	0.660	1.245	1.064	0.636	0.859	1.872	1.033	0.818	0.796	0.776	1.032	0.872	1.216	1.022	
0.588	0.844	0.997	1.292	1.075	1.488	1.076	0.622	1.024	0.801	0.796	1.474	1.074	1.008	0.841	
1.072	1.024	0.602	1.898	1.247	0.829	0.882	0.837	1.263	0.866	0.637	0.987	1.071	0.995	0.791	
1.180	0.811	0.687	1.358	1.101	1.042	0.811	0.583	1.686	0.684	1.169	0.963	0.581	1.291	1.053	
1.452	1.030	0.422	1.157	1.044	1.427	0.788	0.977	1.299	1.009	1.069	0.888	0.633	1.002	0.802	
1.008	0.825	0.822	1.042	1.047	1.278	1.482	0.814	1.054	0.594	1.282	0.812	0.842	0.809	1.288	
0.648	0.789	1.420	1.368	0.860	1.442	1.107	0.617	0.574	0.972	1.354	0.630	1.034	1.003	1.182	
1.014	1.233	0.852	1.221	1.031	0.850	1.284	0.861	0.816	0.835	1.294	0.871	0.629	1.188	1.023	
1.105	1.242	1.205	1.009	0.986	1.034	0.908	0.662	0.816	0.805	1.069	0.618	1.011	1.448	1.081	
1.650	0.456	1.008	1.126	1.387	1.178	0.991	1.326	1.007	0.890	1.026	0.739	1.018	0.948	0.249	
0.999	1.264	0.884	0.706	1.201	0.965	1.203	0.967	0.917	0.993	1.254	0.862	1.269	0.632	0.885	
0.841	1.200	0.644	1.043	1.753	1.316	0.815	0.390	0.793	1.082	1.212	0.837	1.027	1.029	1.019	
0.838	1.836	0.620	0.793	1.684	1.016	0.801	1.084	0.596	1.243	1.559	0.232	0.949	0.547	1.203	
1.401	0.803	1.076	0.631	1.180	0.783	1.441	1.217	1.064	1.009	0.795	0.730	1.172	0.528	1.171	
1.215	0.641	0.600	1.322	1.475	1.352	0.772	0.958	1.024	1.241	0.252	0.789	0.770	1.204	1.386	
0.797	1.059	1.297	1.006	1.711	0.606	0.818	1.077	0.998	1.064	1.075	0.593	1.017	0.603	1.278	
0.615	1.181	1.044	0.618	1.260	1.177	0.966	0.962	1.296	0.984	1.347	0.416	1.399	1.332	0.405	
1.218	0.226	0.603	0.990	1.343	1.200	1.412	0.622	0.793	1.420	0.889	0.582	1.177	1.025	1.502	
0.673	0.810	0.838	1.052	1.021	1.471	1.251	1.006	0.841	1.210	1.043	0.913	1.009	0.849	1.015	
0.733	1.226	0.976	0.979	0.692	1.716	1.169	0.832	0.691	1.465	1.170	0.214	1.031	0.959	1.147	
1.102	0.599	1.022	1.277	0.785	1.406	0.956	1.185	1.180	0.846	0.975	1.164	1.032	1.185	0.286	
1.487	0.823	1.469	1.058	0.998	0.617	1.033	0.996	1.083	0.985	0.664	1.097	0.664	1.249	0.778	
1.021	0.841	1.165	0.810	0.970	1.099	1.204	1.355	0.979	0.602	0.455	1.059	1.453	1.013	0.973	
1.065	1.112	1.217	0.654	1.043	0.978	1.449	1.004	0.610	0.871	1.211	1.046	0.811	1.101	0.829	
1.498	0.599	0.589	1.242	1.230	1.051	1.096	1.557	0.412	1.227	0.985	0.404	0.999	1.077	1.035	
0.424	1.223	1.435	1.033	1.653	0.818	0.784	0.806	1.111	0.876	0.818	0.991	1.352	0.808	0.870	
1.218	0.819	1.427	0.804	1.024	1.190	1.760	0.815	1.294	0.960	0.219	1.062	0.628	0.977	0.804	
1.237	0.403	1.033	1.076	1.503	1.515	0.834	0.854	0.996	0.642	0.401	1.072	1.235	1.428	0.770	
0.698	1.327	0.786	0.804	0.679	1.000	1.190	0.882	1.422	1.034	0.857	1.280	0.815	1.204	1.023	
0.727	0.753	0.777	1.171	1.131	1.131	1.148	1.275	1.361	0.555	1.253	1.128	1.115	1.108	0.367	
1.448	0.803	0.656	1.109	1.449	1.014	1.049	1.028	0.982	1.092	0.583	0.910	1.062	0.843	0.972	
0.504	1.019	1.012	1.115	1.649	0.771	1.306	0.771	0.758	0.782	1.218	1.020	0.759	1.091	1.225	
0.816	0.793	0.700	0.882	0.885	1.017	1.621	1.172	0.827	0.981	1.002	0.951	0.996	1.173	1.185	
1.260	0.425	1.252	1.362	0.813	0.985	1.404	1.136	0.777	1.309	1.204	0.820	0.609	1.035	0.609	
0.824	0.957	0.278	1.717	1.124	1.164	1.231	1.046	0.672	0.775	1.168	1.253	1.215	0.934	0.641	
0.660	1.037	1.898	1.057	1.251	1.331	0.605	0.570	0.657	1.211	0.822	0.614	1.243	1.017	1.026	
0.463	1.690	1.033	0.915	0.992	0.610	0.564	0.882	1.155	1.251	1.054	1.433	0.793	1.170	0.996	
1.488	1.255	1.075	0.992	0.821	0.790	1.034	1.235	0.796	0.987	0.851	0.649	0.868	1.285	0.876	
0.744	0.880	0.815	1.125	1.235	0.864	1.021	1.373	1.428	1.548	1.170	0.412	0.815	0.874	0.697	
1.086	0.837	0.621	1.026	1.192	1.370	0.626	1.248	0.626	1.418	1.436	1.073	1.059	0.781	0.601	
0.657	0.626	1.043	0.922	1.262	1.254	0.627	1.414	0.771	0.825	1.059	0.992	1.214	1.090	1.245	
0.963	0.607	0.397	1.526	1.379	1.237	0.879	0.808	0.818	0.873	0.980	1.769	0.615	0.989	1.159	
1.066	1.285	1.017	0.602	1.309	1.222	0.632	0.887	1.016	1.306	0.828	0.799	0.994	1.011	1.027	
1.393	0.581	1.373	1.123	1.182	0.651	0.853	1.726	1.605	0.435	0.777	0.425	1.009	0.929	0.939	
0.792	0.858	1.023	0.855	1.312	0.588	0.815	0.808	1.311	1.239	0.588	1.527	1.206	1.039	1.040	
0.831	1.241	1.026	0.986	0.745	1.182	0.614	0.869	0.488	1.418	1.073	1.357	0.993	0.956	1.220	
1.265	1.226	0.623	1.049	1.016	1.269	1.051	1.002	1.108	0.609	1.076	1.052	0.614	1.239	0.801	
0.587	1.213	0.609	1.507	0.931	1.012	1.171	1.272	1.028	0.982	1.013	1.032	0.994	0.465	1.184	
0.845	1.249	1.244	0.789	0.828	0.997	1.632	1.223	1.545	0.817	0.813	0.823	1.211	0.231	0.753	
1.063	1.281	1.016	1.480	0.817	0.820	1.084	0.990	0.621	1.242	0.813	0.821	1.214	0.909	0.829	
0.677	1.007	1.016	1.260	0.959	1.381	0.660	0.670	1.245	0.981	0.774	1.520	0.668	1.063	1.119	
0.818	1.215	1.036	1.032	1.030	1.058	1.072	1.028	1.000	1.266	1.044	0.842	0.842	0.866	0.852	
0.620	1.035	0.598	0.862	2.384	0.928	1.235	0.833	1.030	0.804	0.816	0.800	0.997	1.004	1.056	
1.268	1.040	0.787	1.303	0.670	1.205	0.829	1.192	1.205	1.071	0.974	0.897	0.796	0.708	1.054	
0.613	0.994	1.201	1.235	1.445	1.133	0.603	0.788	0.435	1.408	1.210	0.988	1.034	0.827	1.086	
1.206	0.883	0.961	0.692	1.080	1.797	1.010	0.992	0.386	1.275	1.009	0.828	0.710	0.785	1.386	
0.983	0.624	1.469	1.297	1.573	0.433	0.898	1.184	1.220	0.850	0.774	0.606	0.822	1.004	1.263	
