1.019	1.635	1.052	1.319	0.903	1.123	1.324	1.088	0.796	0.887	0.758	0.922	0.737	0.794	0.642	
0.531	1.439	0.955	1.186	1.459	1.149	1.634	0.918	0.977	0.934	0.749	1.046	0.751	0.627	0.645	
0.995	1.301	0.882	2.893	0.960	0.998	0.930	1.007	0.583	0.752	0.738	0.639	0.929	0.742	0.650	
0.767	1.618	1.142	1.627	0.732	1.305	0.957	1.086	0.717	0.756	1.103	0.711	1.158	0.654	0.668	
0.819	1.671	0.942	1.264	1.152	0.887	1.574	1.110	0.871	0.971	0.902	0.805	0.773	0.597	0.665	
0.842	0.939	1.366	1.762	1.081	1.209	1.230	0.976	0.732	0.828	0.911	0.779	0.918	0.777	0.651	
1.002	1.804	0.883	1.135	0.969	1.917	0.916	0.989	0.860	0.689	1.214	0.762	0.634	0.620	0.606	
1.004	1.015	0.852	1.965	0.876	0.691	1.107	1.229	1.178	0.892	1.122	0.920	0.780	0.706	0.665	
1.029	1.099	0.846	1.751	1.149	1.497	0.819	0.980	1.115	0.550	1.078	1.032	0.623	0.785	0.650	
0.956	1.392	1.641	0.948	1.513	1.098	1.159	0.615	0.762	1.035	0.855	0.833	0.926	0.640	0.626	
0.754	1.408	1.282	1.465	1.148	1.216	1.710	0.782	0.740	0.948	0.765	0.620	0.911	0.634	0.617	
1.265	1.413	0.521	2.423	1.353	0.963	0.818	0.908	1.080	0.951	0.541	0.760	0.759	0.580	0.665	
1.564	0.797	0.859	2.251	0.719	1.303	0.810	0.773	0.724	1.746	0.599	0.702	0.759	0.762	0.632	
1.591	1.225	1.065	1.699	1.405	1.327	0.706	0.715	0.908	0.727	0.776	0.746	0.855	0.642	0.613	
0.905	0.692	1.054	1.453	1.254	1.285	1.456	0.996	1.152	0.655	1.084	0.750	0.800	0.821	0.644	
0.734	1.592	0.717	1.161	1.916	0.942	0.687	1.578	1.126	0.707	0.770	0.841	0.975	0.606	0.647	
1.104	0.587	2.345	1.038	0.984	1.118	1.261	0.954	0.850	0.735	0.739	0.974	0.809	0.845	0.657	
0.527	0.881	1.255	1.604	1.678	0.959	1.428	0.733	0.938	0.909	0.958	0.785	0.815	0.845	0.685	
0.900	1.308	1.216	1.534	1.061	0.974	1.462	1.086	1.171	0.919	0.741	0.758	0.631	0.625	0.615	
1.535	1.180	1.105	1.532	1.294	1.143	0.919	0.787	0.721	0.935	0.792	0.971	0.799	0.637	0.651	
0.792	1.103	0.735	1.843	1.364	1.252	1.122	0.911	0.936	0.868	1.068	0.772	0.736	0.886	0.612	
0.411	1.069	1.802	1.170	1.240	1.126	0.905	1.890	0.873	0.738	1.004	0.786	0.558	0.796	0.632	
0.900	0.991	0.824	2.199	1.146	1.033	0.944	1.088	0.898	0.754	1.074	0.942	0.787	0.762	0.659	
1.191	1.392	1.243	1.561	1.436	0.964	1.459	0.753	0.783	0.741	0.800	0.787	0.633	0.629	0.629	
1.657	1.125	0.761	1.184	0.941	1.415	1.028	1.102	0.996	0.963	0.923	0.601	0.875	0.791	0.638	
1.100	1.127	0.786	1.841	1.629	1.304	1.055	1.026	0.954	0.801	0.790	0.726	0.605	0.620	0.637	
1.895	1.608	0.930	0.875	1.063	1.224	1.533	0.804	0.805	0.920	0.620	0.759	0.588	0.752	0.623	
0.852	1.130	1.433	1.274	0.837	0.925	1.353	0.965	0.951	0.849	0.866	1.451	0.851	0.646	0.617	
1.113	0.948	0.628	2.013	0.874	1.305	1.191	1.198	1.024	0.867	0.815	0.691	0.946	0.764	0.624	
1.186	0.733	1.374	1.096	1.758	1.055	0.951	1.535	0.953	0.923	0.734	0.848	0.633	0.610	0.611	
0.676	1.480	0.886	1.790	1.195	1.280	1.342	0.985	0.861	0.795	0.984	0.617	0.833	0.601	0.673	
1.432	1.042	0.791	1.729	1.120	1.167	1.085	1.136	0.989	1.002	0.770	0.611	0.844	0.613	0.670	
0.842	0.876	1.409	1.756	0.913	0.986	1.274	1.180	0.857	0.987	0.917	0.834	0.750	0.778	0.641	
1.122	1.206	1.203	1.559	1.305	1.085	1.259	0.730	0.730	0.929	0.897	0.972	0.747	0.637	0.618	
2.013	0.848	1.589	1.346	1.135	0.991	0.764	1.163	0.846	0.909	0.782	0.743	0.623	0.623	0.626	
0.879	0.686	1.645	1.038	1.476	1.060	1.102	1.107	1.189	0.962	0.935	0.917	0.756	0.630	0.617	
1.665	0.526	1.484	1.425	0.970	0.889	1.432	0.923	1.393	0.766	0.840	0.819	0.641	0.640	0.587	
1.389	1.020	1.118	1.821	0.872	1.212	1.080	0.808	1.065	0.609	0.980	0.893	0.632	0.850	0.651	
0.637	1.407	0.605	1.292	1.152	1.528	1.252	1.238	0.785	1.335	0.818	0.862	0.624	0.849	0.617	
1.811	1.346	0.954	1.423	0.688	0.755	1.081	0.921	1.099	0.839	0.770	0.928	0.874	0.869	0.642	
1.562	0.624	1.661	1.243	1.251	1.262	0.874	0.924	1.189	0.730	0.748	0.745	0.933	0.626	0.626	
1.527	0.882	0.495	1.971	0.896	1.463	0.688	1.106	0.954	1.223	0.836	0.847	0.673	0.802	0.638	
1.107	1.811	0.931	1.479	1.346	1.127	1.339	0.910	0.735	0.828	0.778	0.744	0.614	0.619	0.633	
1.292	1.442	1.306	1.113	1.425	1.254	0.879	1.246	0.760	0.776	0.622	0.734	0.719	0.802	0.630	
1.094	1.529	0.713	1.895	1.144	1.153	0.900	0.771	0.875	1.155	0.658	0.916	0.900	0.642	0.656	
0.666	0.341	2.121	1.838	1.466	0.942	0.913	0.875	1.045	0.714	0.753	1.181	0.648	0.861	0.637	
1.129	1.322	1.668	0.947	1.010	1.177	1.145	0.880	0.938	1.145	0.874	0.854	0.637	0.637	0.637	
0.864	2.358	0.437	1.029	1.175	1.544	0.856	0.901	0.816	0.686	1.184	0.991	0.829	0.718	0.613	
1.693	1.200	0.958	1.040	0.969	1.076	1.444	0.823	0.970	1.155	0.747	0.754	0.914	0.608	0.650	
0.882	1.584	0.714	1.691	1.062	1.112	1.003	0.857	1.421	0.697	0.813	0.736	1.010	0.790	0.628	
0.685	1.560	0.761	1.531	1.461	0.778	1.185	1.090	0.590	1.307	0.943	0.858	0.966	0.639	0.645	
1.562	2.043	0.714	1.057	1.129	1.195	1.015	0.730	1.087	0.760	0.938	0.920	0.581	0.631	0.637	
1.914	0.648	0.909	1.016	1.091	1.070	0.913	1.512	1.119	0.861	0.764	1.091	0.821	0.636	0.634	
0.989	0.772	1.397	1.590	1.298	1.481	0.886	0.935	1.095	1.024	0.666	0.848	0.606	0.754	0.659	
1.125	0.995	0.950	2.147	1.838	0.747	1.120	1.098	0.600	0.796	0.764	0.769	0.626	0.776	0.650	
1.146	1.052	1.016	0.985	1.673	1.031	0.906	1.353	1.311	0.725	0.967	0.778	0.623	0.798	0.636	
0.995	1.339	1.620	1.020	1.210	1.351	0.963	0.896	0.783	1.010	1.104	0.633	0.838	0.634	0.605	
1.520	0.851	0.991	1.239	1.031	1.867	0.808	1.021	1.294	0.775	0.773	0.769	0.761	0.683	0.618	
1.532	0.708	1.310	1.028	1.371	0.985	1.187	1.105	0.746	1.198	1.047	0.764	0.761	0.638	0.618	
1.659	1.262	0.922	0.914	0.914	0.908	2.085	1.047	0.783	0.942	0.872	0.711	0.742	0.615	0.624	
1.287	0.502	1.540	1.224	0.856	1.067	1.063	1.464	1.166	1.054	0.920	0.801	0.805	0.645	0.605	
1.477	0.493	1.018	1.302	1.089	0.746	1.143	1.680	1.374	0.798	0.812	0.860	0.775	0.755	0.679	
1.501	2.007	0.628	0.720	1.287	1.337	0.916	0.932	0.738	1.137	0.710	0.733	1.106	0.608	0.641	
0.988	0.893	1.261	1.378	1.255	1.262	1.200	0.892	0.921	0.952	0.917	1.071	0.615	0.765	0.629	
1.759	0.243	0.849	1.515	1.251	1.479	0.784	1.001	1.134	1.344	0.778	0.590	0.722	0.872	0.679	
0.872	1.072	0.973	1.157	1.590	1.456	1.517	0.927	1.085	0.945	0.810	0.597	0.764	0.608	0.628	
1.375	1.074	1.288	1.569	1.182	1.074	0.715	0.888	0.893	1.119	0.626	0.846	1.078	0.642	0.632	
1.657	0.804	0.962	1.271	1.076	1.571	1.236	1.453	0.697	0.593	0.838	0.795	0.812	0.614	0.621	
1.291	1.336	0.818	1.570	0.949	1.224	0.943	1.108	1.143	1.071	0.925	0.784	0.638	0.610	0.589	
0.670	1.383	1.626	1.145	0.838	1.549	1.018	0.995	1.113	0.918	0.973	0.782	0.608	0.740	0.643	
1.209	1.423	0.795	0.945	1.537	1.182	0.724	1.294	0.822	1.117	1.086	0.747	0.746	0.730	0.644	
1.092	0.913	1.789	1.302	0.886	0.975	1.013	0.775	0.763	1.102	1.378	0.633	1.105	0.637	0.637	
0.837	1.210	1.161	0.920	1.778	1.779	0.927	0.885	1.039	0.743	0.741	0.717	0.770	0.849	0.643	
0.619	0.983	0.572	2.770	1.251	1.163	0.778	1.629	0.781	0.940	0.592	0.905	0.619	0.740	0.658	
0.682	1.226	1.461	1.468	0.864	0.949	1.072	1.091	1.408	0.847	0.981	0.740	0.766	0.778	0.666	
0.443	1.648	0.980	1.092	1.184	1.935	0.648	0.825	1.087	1.021	0.826	0.965	0.981	0.738	0.628	
0.526	1.925	1.536	0.912	1.704	1.013	1.108	0.883	1.061	0.609	0.743	0.962	0.621	0.778	0.619	
1.366	0.535	1.449	1.661	1.447	0.975	1.119	0.994	0.780	1.023	0.751	0.891	0.772	0.600	0.638	
0.845	1.276	1.621	1.452	1.042	1.217	1.099	0.707	0.967	0.933	0.723	1.012	0.818	0.630	0.657	
0.350	1.567	0.630	1.842	1.192	1.113	1.143	1.129	0.839	1.256	0.867	1.063	0.795	0.622	0.592	
0.928	0.804	1.522	1.614	1.264	0.870	1.321	1.288	0.995	0.864	0.922	0.717	0.602	0.637	0.653	
0.506	1.802	1.519	1.182	1.097	1.059	1.058	0.707	1.096	0.732	1.003	0.655	0.961	0.969	0.652	
0.988	1.245	0.862	1.653	1.523	0.865	1.323	0.721	0.766	0.861	1.149	0.687	0.781	0.898	0.678	
1.651	0.469	0.689	2.135	0.989	1.138	1.088	0.755	1.102	0.989	1.290	0.664	0.802	0.627	0.611	
1.320	1.200	0.784	1.307	1.269	1.727	1.020	0.781	1.116	0.923	0.636	0.906	0.777	0.613	0.620	
0.894	1.060	1.904	0.962	1.568	1.110	0.941	0.752	1.117	1.052	0.964	0.602	0.788	0.645	0.640	
1.924	0.595	1.254	1.659	1.812	0.706	0.722	0.899	1.155	0.762	0.813	0.801	0.644	0.615	0.639	
1.556	0.642	0.658	2.184	1.489	0.959	1.062	1.054	0.776	0.867	0.903	0.909	0.575	0.740	0.625	
1.218	0.549	1.248	1.098	2.451	0.642	0.909	1.098	1.069	1.082	0.830	0.768	0.810	0.615	0.613	
0.642	1.382	0.904	1.832	1.450	0.977	0.835	1.409	1.327	0.799	0.724	0.750	0.599	0.735	0.633	
1.162	1.561	0.610	1.960	0.994	1.257	0.806	0.901	0.974	0.964	1.117	0.802	0.608	0.634	0.651	
0.908	1.140	0.808	2.213	1.548	0.864	1.622	0.840	0.898	0.583	0.761	0.839	0.719	0.624	0.634	
1.293	1.673	0.465	1.389	1.215	1.402	1.107	0.741	1.026	0.965	0.911	0.754	0.767	0.671	0.621	
1.316	1.107	0.929	1.794	1.127	0.972	0.898	1.498	0.917	0.757	0.801	1.024	0.622	0.599	0.639	
0.968	0.347	1.030	2.184	1.163	1.394	1.007	1.068	1.126	0.944	0.788	0.729	0.729	0.902	0.624	
1.330	0.842	0.906	1.809	1.499	0.954	1.410	0.990	0.945	0.782	0.918	0.606	0.794	0.616	0.598	
1.646	0.986	1.651	1.079	1.343	0.863	1.004	0.787	0.874	0.928	0.995	0.784	0.796	0.633	0.631	
1.761	0.725	0.787	1.147	1.264	1.683	1.400	0.966	0.985	0.784	0.717	0.789	0.726	0.672	0.595	
1.798	1.273	0.653	1.208	1.346	1.083	1.138	1.062	0.772	0.757	0.960	0.733	0.780	0.767	0.669	
1.288	1.227	0.457	1.383	2.044	1.066	0.727	1.275	0.933	0.990	0.797	0.744	0.619	0.814	0.635	
1.075	0.902	0.994	1.845	1.587	0.885	1.296	0.862	1.004	0.884	0.762	0.805	0.616	0.820	0.663	
1.430	1.264	1.007	1.432	0.924	0.908	1.249	0.766	0.920	1.303	0.974	0.608	0.618	0.948	0.649	
0.992	1.386	1.403	1.004	1.137	1.096	0.990	0.783	1.172	1.195	0.973	0.779	0.771	0.662	0.657	
0.753	0.460	1.657	0.925	1.126	1.149	1.667	1.030	1.270	0.821	0.938	1.269	0.645	0.659	0.632	
1.375	0.544	1.247	1.430	2.004	0.907	1.413	0.871	0.961	0.736	0.824	0.746	0.596	0.709	0.637	
0.996	1.004	1.363	1.427	1.847	1.375	0.845	0.828	1.321	0.719	0.733	0.601	0.687	0.627	0.628	
1.289	0.655	1.123	1.376	1.093	1.136	1.118	1.401	1.092	0.938	0.764	0.797	0.772	0.787	0.659	
1.569	0.733	1.057	1.285	1.555	1.087	1.264	0.884	0.920	0.848	0.739	1.004	0.804	0.616	0.634	
1.005	1.243	0.822	1.428	1.610	1.433	0.885	0.913	1.023	1.013	0.706	0.739	0.905	0.640	0.635	
0.765	1.026	1.085	1.511	1.849	1.241	1.019	1.572	0.891	0.705	0.555	0.705	0.796	0.651	0.630	
1.334	1.862	0.972	0.950	1.171	0.985	0.921	1.318	0.988	0.946	0.607	0.758	0.927	0.624	0.636	
0.909	1.516	0.985	1.260	1.259	1.013	1.285	0.829	0.844	1.006	0.871	0.881	0.866	0.801	0.676	
1.138	1.153	1.493	1.183	1.723	0.741	1.025	0.988	1.043	0.963	0.745	0.770	0.620	0.769	0.645	
1.213	0.512	1.356	1.557	0.724	1.312	1.105	1.772	0.975	0.774	0.738	0.774	0.891	0.656	0.642	
1.314	1.461	0.813	1.333	1.047	1.715	1.012	0.777	0.994	1.052	0.679	0.787	0.760	0.627	0.630	
1.079	1.135	1.089	1.330	1.375	1.666	0.743	0.932	0.842	0.897	0.737	0.800	0.749	0.984	0.642	
1.662	0.925	0.766	1.329	2.188	1.214	0.726	0.869	0.952	1.066	0.594	0.734	0.610	0.729	0.635	
1.078	0.878	1.555	1.750	0.947	1.134	1.121	0.973	0.794	1.283	0.612	0.656	0.817	0.763	0.638	
1.181	1.339	1.035	1.047	1.425	1.633	0.871	0.873	1.051	0.943	0.720	0.786	0.855	0.609	0.635	
1.393	1.358	1.104	1.665	0.852	1.022	1.097	0.864	0.858	0.963	0.854	0.917	0.807	0.614	0.634	
0.461	1.226	1.144	1.524	1.492	1.197	0.774	0.968	1.433	0.580	1.260	0.804	0.886	0.643	0.608	
1.621	0.354	0.928	1.126	2.221	1.156	0.951	0.979	1.007	1.128	0.755	0.608	0.743	0.771	0.653	
0.913	1.712	0.651	1.909	0.948	1.139	1.598	0.714	0.823	0.651	0.911	0.764	0.773	0.794	0.701	
1.183	0.670	0.981	1.666	1.532	1.017	1.023	1.060	0.955	0.864	0.968	0.858	0.634	0.968	0.622	
1.348	1.349	0.570	1.716	1.392	0.907	1.228	1.227	0.935	0.616	0.852	0.804	0.614	0.844	0.600	
1.374	1.535	1.127	1.613	0.721	1.285	1.112	0.987	0.881	0.591	0.886	0.845	0.624	0.798	0.622	
0.939	1.714	0.792	1.360	1.099	1.531	1.206	0.878	0.740	1.043	0.741	0.947	0.735	0.627	0.649	
1.139	1.022	1.195	1.272	1.474	1.247	0.916	1.243	0.800	0.974	1.083	0.754	0.633	0.630	0.618	
1.042	0.971	1.488	0.933	0.937	0.777	1.880	1.086	1.031	0.760	1.149	0.946	0.789	0.578	0.633	
1.258	0.641	1.696	1.071	1.731	1.282	1.020	1.114	0.854	0.751	0.776	0.770	0.812	0.618	0.605	
0.787	1.381	0.794	1.416	1.468	1.368	1.019	1.071	0.748	0.768	1.067	1.049	0.809	0.641	0.614	
0.654	0.977	1.518	1.488	1.694	1.072	1.072	1.203	0.830	0.560	1.070	0.864	0.603	0.772	0.622	
1.159	1.081	1.352	0.871	1.472	1.290	0.958	0.913	0.843	1.158	1.162	0.856	0.653	0.612	0.622	
1.157	0.661	0.997	1.976	1.411	1.106	0.818	0.931	0.909	1.383	0.811	0.766	0.809	0.615	0.651	
1.730	1.002	1.220	0.927	1.247	1.777	1.109	0.951	0.869	0.795	0.759	0.553	0.840	0.635	0.585	
0.831	2.333	0.828	0.958	0.935	1.230	1.132	1.755	0.770	0.885	0.612	0.649	0.771	0.645	0.667	
0.495	0.879	1.496	2.107	1.033	0.731	1.257	0.656	0.648	0.727	1.236	1.225	0.897	0.892	0.719	
1.190	0.995	0.461	1.133	1.932	1.220	1.617	1.165	0.928	0.841	0.625	0.834	0.619	0.822	0.616	
0.698	1.455	1.041	1.467	1.114	1.189	0.777	1.063	1.221	1.115	1.042	0.889	0.654	0.633	0.641	
0.780	1.643	0.755	1.690	1.939	0.857	0.795	0.885	0.981	0.725	0.961	0.593	0.982	0.749	0.664	
0.790	0.569	1.434	1.581	1.819	1.409	1.148	0.915	0.725	0.706	1.221	0.834	0.614	0.627	0.607	
1.192	1.448	0.915	1.817	0.867	1.397	0.822	0.819	0.875	0.753	0.911	0.968	0.907	0.647	0.664	
1.361	0.847	0.682	2.041	0.889	1.113	0.769	1.368	0.948	0.841	0.983	1.130	0.761	0.614	0.654	
0.858	1.065	0.824	1.592	1.181	1.401	0.831	0.920	1.238	0.899	1.054	0.756	0.936	0.803	0.643	
0.854	0.982	1.572	1.204	1.104	1.314	1.148	1.064	0.896	0.927	0.960	0.644	0.827	0.829	0.674	
0.945	1.249	1.092	1.452	1.586	1.222	0.992	0.688	1.313	0.755	0.944	0.857	0.654	0.627	0.622	
1.338	1.542	0.955	0.975	0.994	1.765	1.232	1.123	0.803	0.798	0.769	0.616	0.837	0.639	0.615	
0.946	0.555	1.230	1.610	1.819	1.320	1.030	0.937	0.578	0.945	0.995	0.833	0.766	0.802	0.635	
0.801	1.376	0.932	1.339	1.691	1.103	1.273	0.807	0.954	1.000	0.754	0.752	0.954	0.647	0.617	
1.288	0.532	0.650	2.218	1.380	1.246	0.780	0.802	1.047	0.991	0.963	0.953	0.800	0.708	0.641	
1.032	0.974	1.248	1.204	1.686	1.205	1.192	0.987	0.751	0.867	0.893	0.832	0.856	0.625	0.648	
1.355	1.004	1.359	1.176	0.943	1.499	0.885	1.117	1.050	1.057	0.925	0.758	0.632	0.625	0.614	
0.923	0.799	0.843	1.894	1.938	1.312	0.866	0.590	1.143	0.901	0.833	0.889	0.628	0.770	0.670	
1.592	0.281	1.421	2.152	0.719	1.004	1.461	1.115	0.687	0.571	0.983	0.848	0.783	0.758	0.624	
1.559	0.611	1.049	1.445	1.038	0.845	1.218	0.964	0.931	0.914	1.016	1.177	0.773	0.810	0.649	
1.980	0.669	1.264	1.622	1.382	1.155	0.770	0.851	0.684	0.813	0.927	0.828	0.839	0.595	0.620	
0.807	1.375	0.552	1.774	1.093	1.280	0.944	2.002	0.786	0.767	0.789	0.772	0.838	0.625	0.594	
1.368	0.797	1.461	1.189	0.894	1.548	1.201	0.802	0.863	0.702	1.002	0.863	0.766	0.876	0.670	
1.335	1.262	1.104	1.241	1.123	1.806	0.720	0.992	1.099	0.770	0.773	0.909	0.627	0.620	0.619	
1.344	1.244	0.904	1.223	1.237	1.293	0.776	1.101	1.134	0.942	0.966	0.782	0.794	0.622	0.638	
0.826	1.000	1.351	1.516	1.780	1.073	1.255	1.090	0.718	0.747	0.782	0.733	0.744	0.731	0.655	
1.104	1.598	1.155	0.935	1.219	1.072	1.574	0.972	0.754	1.052	0.766	0.761	0.782	0.632	0.625	
1.112	0.871	1.100	1.718	1.547	0.956	1.022	0.976	0.874	1.159	0.848	0.956	0.604	0.622	0.636	
1.271	0.715	0.887	1.727	1.523	1.428	1.419	0.843	0.751	1.084	0.616	0.721	0.792	0.618	0.605	
0.958	1.133	1.624	1.178	1.365	0.791	1.359	0.942	0.742	0.975	1.125	0.772	0.769	0.629	0.638	
1.153	0.909	1.528	1.142	1.525	1.031	1.108	0.918	1.124	0.896	0.695	0.751	0.729	0.854	0.637	
1.125	0.445	0.879	1.923	1.828	1.104	1.283	1.160	0.940	0.921	0.782	0.763	0.602	0.604	0.640	
1.782	0.907	0.570	1.698	0.969	1.123	0.972	0.930	0.809	0.734	1.357	1.045	0.795	0.645	0.663	
1.111	0.716	2.474	0.706	1.380	0.955	1.198	0.836	0.993	0.945	0.573	0.780	0.940	0.747	0.647	
1.190	0.907	1.246	1.219	0.964	1.427	1.243	1.017	0.945	1.493	0.757	0.702	0.647	0.620	0.625	
1.264	1.281	1.133	0.890	1.725	1.223	1.100	1.055	1.051	0.740	0.739	0.744	0.632	0.797	0.626	
1.460	0.944	1.204	1.670	1.113	1.422	0.933	0.734	0.735	0.762	1.160	0.859	0.755	0.613	0.636	
0.949	0.957	2.051	1.051	0.867	0.844	1.033	1.047	1.228	1.066	1.088	0.927	0.652	0.640	0.598	
0.694	1.822	1.508	1.413	1.464	1.142	0.974	0.736	1.135	0.724	0.588	0.761	0.818	0.593	0.630	
1.416	0.616	1.655	1.198	1.067	0.909	1.401	0.703	1.456	0.970	0.815	0.791	0.747	0.618	0.636	
0.986	0.394	1.054	1.652	0.830	2.040	0.944	1.188	1.198	1.362	0.582	0.747	0.784	0.611	0.628	
0.752	1.319	1.177	1.904	0.848	1.326	0.999	0.768	0.914	1.052	1.153	0.777	0.771	0.631	0.610	
1.107	1.431	1.004	1.318	0.855	1.040	1.194	0.961	1.022	0.965	1.003	0.817	0.998	0.659	0.625	
0.717	1.081	1.654	1.818	0.886	1.033	0.979	1.286	0.837	0.941	0.775	0.785	0.782	0.793	0.632	
2.024	0.817	0.723	1.268	1.385	1.218	0.795	1.330	0.579	0.829	0.922	0.902	0.761	0.801	0.647	
1.266	1.227	1.255	1.382	1.502	1.103	0.852	1.053	0.862	0.829	0.605	0.903	0.765	0.760	0.637	
1.929	0.879	1.066	1.058	1.096	1.362	1.063	0.883	0.783	1.136	0.858	0.741	0.863	0.655	0.626	
0.632	1.715	0.903	1.184	1.040	1.680	1.347	1.090	0.749	0.903	0.659	1.062	0.822	0.604	0.610	
1.344	1.146	1.776	0.887	1.278	0.829	0.915	1.373	1.091	0.840	0.628	0.733	0.767	0.758	0.634	
1.049	1.646	1.188	1.141	1.337	2.008	0.706	0.720	0.953	0.898	0.685	0.790	0.613	0.633	0.634	
0.865	1.304	1.135	1.470	0.992	1.331	0.850	1.483	0.974	0.751	1.207	0.626	0.781	0.609	0.623	
0.728	0.683	1.829	0.770	1.218	1.323	1.777	0.868	1.107	0.943	0.946	0.788	0.599	0.764	0.657	
0.865	0.719	1.705	1.404	1.393	1.148	1.324	1.222	0.792	0.898	0.898	0.763	0.595	0.657	0.618	
1.410	0.974	0.337	1.586	1.782	1.026	1.016	1.456	0.724	0.968	0.806	0.698	0.746	0.794	0.677	
0.615	1.020	1.496	1.596	1.687	0.860	1.072	1.269	1.050	0.570	0.879	0.663	0.805	0.773	0.645	
0.453	0.811	1.352	2.247	1.491	0.952	0.945	1.064	1.364	0.772	0.705	0.852	0.768	0.635	0.588	
1.380	1.630	1.229	1.613	1.278	1.031	0.743	0.827	0.605	0.786	0.933	0.943	0.744	0.624	0.633	
1.040	1.324	0.858	1.863	1.543	1.023	1.015	1.146	0.816	0.879	0.637	0.724	0.815	0.697	0.620	
0.868	0.709	0.792	1.830	1.452	1.989	1.084	0.723	1.008	0.971	0.761	0.773	0.801	0.616	0.624	
0.866	0.816	1.000	1.299	2.051	1.374	0.838	1.056	1.371	0.832	0.595	0.906	0.757	0.634	0.605	
1.168	0.883	1.336	1.511	1.622	0.747	0.992	0.739	1.238	0.939	0.973	0.798	0.829	0.647	0.576	
1.478	0.830	1.527	1.130	1.374	1.263	0.924	0.836	0.858	1.404	0.681	0.717	0.587	0.769	0.621	
0.666	1.427	1.190	1.260	1.817	1.273	1.247	0.599	0.744	0.800	0.929	0.751	0.896	0.739	0.663	
1.082	0.698	1.207	1.102	1.178	1.760	1.012	1.171	0.958	0.946	0.959	0.815	0.850	0.633	0.630	
0.930	1.664	0.874	1.410	0.947	1.068	0.970	1.132	1.419	0.857	1.150	0.690	0.614	0.651	0.623	
1.466	0.727	0.908	1.857	1.482	1.168	0.824	0.746	1.121	0.941	1.106	0.780	0.644	0.594	0.635	
1.350	1.673	0.316	1.443	1.768	1.020	1.309	0.976	0.888	0.762	0.711	0.740	0.809	0.613	0.622	
1.402	0.617	1.874	1.410	0.858	0.906	1.276	0.950	1.013	0.966	0.910	0.730	0.637	0.790	0.661	
1.271	1.640	1.233	1.018	1.056	0.829	1.218	0.829	0.797	1.545	0.906	0.799	0.598	0.655	0.607	
0.676	0.959	1.582	1.217	1.211	0.950	1.344	1.306	0.954	1.182	0.771	0.599	0.795	0.807	0.645	
0.508	2.085	1.127	1.155	0.691	1.883	1.088	0.951	0.679	1.049	0.595	1.019	0.839	0.638	0.694	
0.604	1.088	2.193	1.286	0.787	1.106	1.225	1.007	0.709	0.804	0.771	1.126	0.797	0.843	0.653	
0.822	0.800	1.340	1.600	1.383	1.221	1.432	0.839	1.287	0.611	0.740	0.762	0.896	0.628	0.638	
0.705	0.779	1.473	1.989	1.262	1.265	1.166	1.164	0.826	0.607	0.787	0.793	0.780	0.758	0.646	
1.055	1.098	1.315	1.121	1.428	1.251	0.925	0.935	1.329	0.930	0.766	0.858	0.616	0.749	0.623	
1.370	0.318	1.446	1.516	1.076	1.239	1.532	0.889	0.722	1.111	0.857	0.831	0.827	0.614	0.651	
0.966	0.509	1.354	2.232	1.863	0.729	1.093	1.303	0.807	0.779	0.738	0.827	0.614	0.641	0.545	
1.648	1.257	1.181	1.258	1.386	0.914	1.074	0.906	0.745	0.740	0.895	0.869	0.839	0.641	0.645	
1.080	0.646	1.508	1.290	1.735	1.068	1.065	0.979	1.004	0.600	0.983	0.805	0.787	0.791	0.662	
1.840	0.681	1.837	0.913	1.298	0.965	1.276	0.889	0.705	0.916	0.771	0.800	0.864	0.619	0.627	
1.048	1.409	0.987	1.461	1.025	1.146	1.017	1.155	0.975	0.772	0.759	0.794	0.962	0.831	0.658	
1.519	1.185	0.911	1.458	1.609	0.735	0.919	0.929	1.015	0.965	0.766	0.755	0.793	0.783	0.657	
1.506	1.530	0.482	1.150	2.133	0.811	0.893	0.722	1.020	0.910	1.058	0.789	0.790	0.588	0.618	
2.523	0.792	0.857	1.197	1.269	0.752	0.835	0.763	1.188	0.756	0.784	0.853	0.921	0.840	0.669	
0.709	1.594	1.155	1.243	1.388	0.872	1.186	0.934	1.061	0.944	0.939	0.786	0.720	0.798	0.672	
0.819	1.544	1.099	1.653	0.898	1.324	0.906	1.044	0.959	1.010	0.773	0.929	0.780	0.642	0.619	
1.252	1.042	1.089	1.548	1.175	0.821	1.555	0.908	0.768	1.173	0.625	0.960	0.826	0.619	0.640	
0.619	1.035	1.137	1.562	1.087	1.739	1.451	1.076	0.884	0.748	0.790	0.848	0.760	0.619	0.643	
0.709	1.295	1.208	1.599	0.938	1.847	0.927	0.706	1.063	0.921	0.787	0.752	0.803	0.785	0.660	
1.108	0.785	1.193	1.201	1.433	1.260	1.137	1.011	1.257	0.918	0.711	1.022	0.608	0.725	0.630	
0.381	2.010	1.001	1.398	1.222	0.909	0.722	1.594	0.830	0.829	0.978	0.845	1.023	0.623	0.634	
1.160	1.484	0.550	1.162	1.476	1.096	1.261	1.118	1.118	0.918	0.906	0.712	0.787	0.635	0.615	
1.308	1.414	1.079	1.721	1.183	0.751	1.307	0.772	0.922	0.934	0.712	0.844	0.702	0.714	0.637	
1.064	1.157	0.813	2.010	1.118	1.223	0.922	1.226	0.847	0.838	0.976	0.805	0.648	0.745	0.609	
1.279	1.537	1.278	1.312	1.005	0.879	1.285	0.899	0.728	1.014	0.782	0.729	0.889	0.750	0.635	
0.790	1.008	1.758	1.143	0.965	0.969	1.125	2.001	0.922	0.850	0.793	0.602	0.619	0.828	0.628	
0.939	1.069	0.506	2.046	1.179	1.288	1.266	1.208	1.065	0.745	0.942	0.664	0.772	0.690	0.622	
1.075	0.989	1.605	1.547	1.055	1.352	1.261	0.757	0.927	0.906	0.766	0.742	0.602	0.765	0.651	
1.452	0.510	0.536	1.656	1.948	1.091	1.142	0.737	1.036	0.653	1.137	0.894	0.907	0.677	0.624	
1.293	1.273	1.016	1.845	1.374	1.312	0.755	0.921	0.766	0.778	0.909	0.760	0.754	0.620	0.623	
1.748	0.647	0.955	1.547	1.426	1.022	0.901	1.454	0.778	0.848	0.715	0.912	0.784	0.637	0.626	
0.758	0.978	1.278	2.607	0.773	1.415	1.001	0.994	0.866	0.937	0.617	0.756	0.747	0.643	0.628	
1.325	1.105	1.030	1.409	1.124	1.204	0.909	1.376	0.707	0.760	1.246	0.805	0.744	0.615	0.641	
0.818	0.498	1.964	1.519	2.060	0.844	1.043	1.279	0.744	0.725	0.714	0.772	0.714	0.621	0.686	
0.904	1.661	1.129	1.531	1.378	0.851	0.883	0.902	1.032	1.163	0.719	0.731	0.745	0.733	0.638	
0.523	1.243	1.476	1.683	1.213	1.135	0.708	0.996	0.776	1.027	1.026	0.932	0.924	0.680	0.657	
0.809	0.990	1.853	1.493	1.054	0.930	1.057	0.900	0.898	1.392	0.618	0.801	0.764	0.802	0.639	
1.539	0.964	1.192	2.684	0.698	0.980	1.009	0.932	0.714	0.776	0.740	0.905	0.621	0.635	0.612	
0.949	1.802	1.101	0.696	1.498	1.258	1.103	1.044	0.781	0.975	0.964	0.780	0.775	0.623	0.650	
1.336	1.040	0.825	1.069	1.546	1.679	1.035	1.058	0.769	0.968	0.996	0.791	0.614	0.588	0.688	
1.229	0.831	1.107	1.548	1.217	1.205	1.487	0.887	1.134	0.964	0.639	0.788	0.717	0.629	0.618	
1.214	0.887	0.616	2.067	0.934	1.220	1.275	1.482	0.731	0.866	0.912	0.781	0.800	0.634	0.582	
1.179	1.246	0.773	1.086	1.648	1.270	0.896	1.071	1.545	0.741	0.780	0.727	0.786	0.603	0.648	
1.074	1.308	1.708	1.419	1.408	0.781	0.909	1.029	0.877	0.963	0.755	0.716	0.785	0.647	0.621	
1.615	1.178	0.982	1.444	1.259	1.202	1.474	0.896	0.766	0.781	0.766	0.586	0.801	0.633	0.617	
0.682	1.107	1.424	1.567	0.975	1.260	0.902	1.419	0.920	0.777	0.969	0.972	0.667	0.722	0.638	
0.543	0.712	1.444	1.312	1.802	0.888	1.957	1.041	0.967	0.844	0.763	0.621	0.707	0.733	0.664	
1.143	0.975	0.792	1.144	1.163	1.843	1.427	1.118	0.723	1.067	1.035	0.624	0.696	0.612	0.636	
0.977	1.152	1.216	0.878	1.085	1.758	1.742	0.784	0.612	0.746	0.775	1.301	0.738	0.618	0.618	
1.467	0.737	1.013	1.752	1.032	0.747	1.295	0.774	0.929	1.003	1.084	1.122	0.805	0.608	0.631	
1.555	1.349	0.999	1.366	1.052	1.119	1.011	1.147	0.846	0.866	0.980	0.604	0.842	0.623	0.640	
1.850	0.686	0.657	1.478	1.836	0.858	0.869	0.764	1.277	0.846	0.799	0.892	0.765	0.790	0.633	
1.274	1.119	0.600	2.297	0.752	1.093	0.947	1.349	0.946	0.897	0.817	0.855	0.783	0.619	0.654	
1.675	0.445	1.459	1.083	1.491	1.323	0.839	1.349	1.015	0.870	0.688	0.630	0.768	0.746	0.620	
0.688	1.056	1.478	1.177	1.870	0.956	1.179	0.998	0.738	0.946	0.924	1.105	0.601	0.634	0.650	
0.821	1.602	0.640	1.500	1.235	1.193	0.723	1.205	0.935	1.190	1.028	0.604	0.896	0.781	0.648	
0.936	0.944	0.805	1.942	1.654	0.564	1.103	1.089	1.072	0.711	0.871	0.778	1.024	0.878	0.629	
1.454	0.699	1.065	1.059	1.556	0.941	1.330	1.302	1.211	0.596	0.972	0.787	0.816	0.614	0.597	
1.603	0.971	1.088	1.558	0.920	0.954	0.749	0.990	1.271	0.997	0.934	0.629	0.876	0.811	0.647	
1.461	1.827	0.889	1.426	1.662	0.896	0.834	0.896	0.725	1.003	0.818	0.737	0.606	0.640	0.577	
1.030	1.111	1.098	1.109	1.686	1.555	1.276	0.844	0.659	0.831	0.730	0.910	0.766	0.745	0.650	
0.721	1.319	1.004	1.395	1.803	1.163	1.000	0.754	1.229	0.720	1.083	0.781	0.760	0.613	0.652	
1.477	1.086	0.778	1.675	1.005	1.011	0.946	1.024	0.924	1.160	1.283	0.755	0.634	0.623	0.621	
1.149	1.696	0.511	1.421	1.013	1.737	1.088	1.081	0.991	0.737	0.718	0.758	0.731	0.725	0.643	
1.741	1.556	0.740	1.114	1.425	0.899	0.833	0.751	1.026	0.916	0.831	0.783	0.972	0.784	0.628	
0.943	0.753	1.478	1.272	1.250	1.134	0.867	1.555	0.759	1.258	0.722	0.814	0.807	0.739	0.651	
1.130	0.968	1.000	1.220	1.081	1.484	0.933	1.295	1.264	0.943	0.831	0.799	0.787	0.616	0.649	
0.943	1.123	1.818	0.885	1.370	1.392	0.912	0.876	0.850	1.184	0.776	0.837	0.768	0.648	0.618	
1.170	0.790	0.996	1.664	1.239	1.325	0.975	0.980	1.038	0.738	0.919	0.831	0.919	0.766	0.651	
0.833	1.514	1.478	1.353	1.424	0.941	0.676	1.217	1.000	1.124	0.779	0.776	0.589	0.654	0.642	
1.177	0.795	1.452	1.027	1.282	1.045	1.436	0.932	0.733	0.806	1.187	0.772	0.910	0.775	0.671	
1.581	0.850	1.430	0.981	0.867	1.360	0.926	0.922	0.896	1.436	0.977	0.758	0.747	0.618	0.651	
0.938	1.196	0.908	1.539	1.115	1.265	1.526	0.878	1.364	0.776	0.782	0.708	0.749	0.633	0.625	
1.060	1.046	1.487	1.324	1.302	2.012	0.816	0.925	0.847	0.568	0.739	0.850	0.606	0.773	0.645	
0.593	1.700	1.078	1.267	1.044	1.722	0.950	0.935	0.921	0.766	1.015	0.812	0.749	0.766	0.683	
1.134	0.872	0.907	1.354	1.379	0.940	1.118	1.364	1.112	0.917	0.728	1.107	0.801	0.639	0.629	
1.243	0.801	1.641	1.923	1.013	1.154	0.759	1.203	0.839	0.805	0.976	0.815	0.604	0.624	0.598	
0.809	0.909	0.856	2.229	1.451	0.932	0.894	1.091	0.891	0.964	0.810	0.913	0.819	0.759	0.674	
1.689	1.130	0.836	1.278	1.242	1.031	1.060	0.767	1.306	0.936	0.785	0.833	0.639	0.835	0.634	
0.804	1.139	1.230	1.152	1.528	1.166	1.104	1.711	0.717	0.928	0.740	0.761	0.644	0.752	0.624	
0.644	1.325	1.565	1.571	1.480	1.281	1.029	0.752	0.848	1.086	0.743	0.624	0.832	0.589	0.631	
1.632	1.235	1.334	1.153	1.391	1.018	0.927	0.698	0.844	1.044	0.749	0.957	0.775	0.612	0.631	
1.193	1.037	0.869	1.486	0.863	1.763	1.525	0.610	0.941	0.776	0.735	1.019	0.942	0.623	0.617	
1.041	1.168	0.687	1.632	1.078	1.249	0.933	1.522	1.028	0.774	0.720	1.006	0.783	0.743	0.636	
1.860	0.886	0.777	1.309	1.034	0.876	1.507	1.472	0.958	0.745	0.929	0.751	0.625	0.646	0.624	
1.471	1.324	1.222	1.513	0.854	1.047	1.050	1.155	0.764	0.864	0.707	0.872	0.886	0.638	0.634	
0.771	0.842	0.975	2.132	1.006	1.423	1.025	0.882	0.767	1.696	0.754	0.581	0.666	0.836	0.641	
0.896	1.285	1.063	1.017	1.395	1.605	1.197	0.872	0.901	0.939	0.861	0.715	0.845	0.774	0.634	
0.804	1.852	1.134	1.376	1.247	0.826	1.142	0.919	0.725	1.243	0.970	0.897	0.629	0.601	0.635	
1.391	1.319	0.224	1.387	1.406	1.834	0.902	0.721	0.936	0.888	0.873	0.925	0.796	0.783	0.616	
0.461	1.126	1.228	1.929	1.351	1.433	1.028	0.810	0.843	0.823	0.750	0.928	0.790	0.862	0.639	
0.890	1.287	0.799	1.217	1.473	1.348	1.779	0.795	0.863	0.810	0.994	0.626	0.737	0.735	0.647	
1.547	1.532	1.161	0.825	1.339	1.217	0.837	1.150	1.007	0.873	0.908	0.724	0.633	0.635	0.611	
0.617	1.011	1.351	1.753	1.820	0.727	0.905	1.153	0.893	0.883	0.932	0.880	0.792	0.642	0.641	
0.978	0.643	1.648	1.302	1.564	1.407	0.992	1.028	0.887	0.758	0.816	0.851	0.814	0.649	0.665	
0.985	0.744	1.578	1.034	1.418	1.287	1.174	1.273	1.076	0.783	0.945	0.608	0.853	0.625	0.616	
1.657	1.201	0.935	1.099	0.863	1.147	1.599	0.863	0.956	0.749	0.893	0.752	0.888	0.775	0.619	
0.783	1.034	0.814	2.053	1.224	1.134	1.122	0.884	1.332	0.867	0.907	0.819	0.760	0.628	0.638	
1.157	1.465	1.307	2.020	1.291	1.117	0.734	1.068	0.758	0.599	0.762	0.762	0.701	0.640	0.618	
1.982	0.882	0.909	1.094	1.050	1.315	1.524	1.114	0.790	0.707	0.916	0.774	0.577	0.753	0.614	
1.151	1.463	0.859	1.094	1.807	1.149	1.125	1.039	0.960	0.728	0.774	0.750	0.669	0.766	0.664	
1.282	1.967	1.085	1.277	0.791	1.106	1.260	1.093	0.805	0.748	0.873	0.610	0.755	0.711	0.638	
0.912	1.560	1.377	1.156	0.995	1.214	1.065	0.869	0.744	1.271	0.781	0.801	0.975	0.641	0.641	
1.479	0.914	0.941	1.560	1.316	0.561	1.542	1.007	1.086	1.109	0.728	0.780	0.729	0.626	0.621	
1.825	0.694	1.205	1.666	1.380	0.906	0.735	1.058	1.431	0.621	0.724	0.700	0.795	0.620	0.641	
0.913	1.362	1.326	1.485	1.116	1.264	1.202	0.930	0.854	0.909	0.735	0.860	0.769	0.616	0.657	
1.096	1.272	1.032	1.143	1.343	1.012	1.036	1.230	0.797	1.148	0.912	0.751	0.930	0.655	0.643	
1.158	0.975	0.231	1.061	1.886	1.920	0.693	0.738	0.950	1.453	0.926	0.798	0.954	0.636	0.621	
0.523	1.082	0.799	2.204	1.865	1.518	0.927	0.875	0.749	0.757	0.866	0.859	0.725	0.622	0.628	
0.848	1.106	1.505	1.315	1.431	1.177	0.752	1.327	0.735	1.122	0.836	0.796	0.618	0.795	0.638	
0.614	1.078	1.045	1.872	1.166	1.867	0.806	1.139	0.943	0.820	0.867	0.790	0.783	0.599	0.611	
1.384	0.712	0.645	2.553	1.165	1.085	1.148	0.862	1.190	0.726	0.838	0.607	0.837	0.635	0.615	
0.653	1.186	1.016	2.813	1.443	0.883	0.766	1.083	0.708	0.624	0.747	1.133	0.701	0.616	0.627	
0.938	1.473	0.527	1.453	1.219	1.778	1.217	1.381	0.771	0.687	0.765	0.716	0.721	0.715	0.638	
0.613	1.203	1.382	1.437	1.230	1.147	1.262	0.821	0.935	1.309	0.716	0.814	0.696	0.831	0.604	
0.624	1.205	1.029	1.210	2.520	1.044	0.961	1.117	0.975	0.973	0.746	0.759	0.593	0.594	0.650	
2.286	0.454	1.320	1.393	1.350	0.864	0.906	1.015	0.885	0.768	0.926	0.611	0.795	0.805	0.620	
1.591	1.247	0.914	1.174	1.396	0.904	0.965	0.966	1.258	0.847	0.797	0.931	0.747	0.640	0.623	
1.300	2.171	0.762	0.904	1.371	1.178	0.908	0.861	1.167	0.738	0.878	0.746	0.767	0.632	0.619	
1.662	1.228	0.682	1.981	1.084	0.689	1.296	1.063	0.817	0.739	0.843	0.931	0.763	0.596	0.626	
0.479	1.379	1.305	1.298	1.952	0.898	1.193	1.356	0.746	0.766	0.729	0.708	0.740	0.854	0.597	
0.635	0.705	0.994	1.559	2.253	1.344	1.155	0.767	1.103	0.782	0.619	1.018	0.614	0.819	0.632	
1.122	0.696	0.994	1.353	1.435	1.113	1.122	1.340	1.063	1.309	0.855	0.752	0.594	0.622	0.632	
1.701	1.017	0.912	1.595	1.186	0.746	1.215	1.227	0.854	0.890	0.786	0.827	0.761	0.621	0.662	
1.529	1.003	0.678	0.871	1.208	1.457	1.059	1.346	1.130	1.017	0.714	0.617	0.923	0.782	0.666	
0.676	1.058	1.534	1.548	1.303	1.422	1.023	0.937	1.130	0.762	0.752	0.823	0.770	0.631	0.631	
0.460	1.267	1.471	1.852	1.083	1.792	0.764	0.806	0.828	0.901	0.543	0.839	1.115	0.642	0.640	
0.482	1.401	1.510	0.912	1.026	1.024	1.424	1.173	1.048	0.728	0.953	1.015	0.815	0.840	0.649	
0.487	1.148	0.846	1.719	1.704	1.028	1.314	1.025	0.769	1.360	0.738	0.776	0.801	0.668	0.616	
0.968	1.719	0.757	1.745	1.255	1.124	0.899	0.857	1.080	0.577	1.180	0.820	0.771	0.641	0.609	
1.278	1.357	0.916	1.373	1.602	1.355	1.175	0.772	0.725	1.005	0.735	0.725	0.735	0.638	0.609	
0.782	1.496	0.938	1.519	1.367	0.994	0.736	1.053	1.165	1.061	0.889	0.799	0.751	0.800	0.650	
0.777	1.276	0.848	1.232	1.821	1.211	1.026	1.299	1.043	1.047	0.807	0.760	0.624	0.636	0.594	
0.805	1.215	1.203	1.273	1.093	1.093	1.373	1.101	1.296	0.915	0.795	0.615	0.774	0.816	0.633	
1.254	0.918	0.743	1.647	1.259	1.249	1.485	0.809	1.164	0.768	0.993	0.754	0.731	0.632	0.595	
1.810	0.494	1.541	1.197	0.736	1.426	1.115	1.138	1.103	0.776	1.002	0.857	0.629	0.583	0.595	
0.593	1.024	0.793	2.256	1.134	1.673	1.406	0.829	0.564	1.056	0.718	0.800	0.768	0.723	0.661	
1.080	0.643	1.283	1.816	1.043	1.661	0.939	0.929	0.680	1.216	1.058	0.695	0.710	0.635	0.614	
1.033	0.792	1.191	2.321	0.865	1.420	1.081	0.874	0.782	0.930	0.806	0.686	0.781	0.818	0.621	
1.330	0.869	1.102	1.567	1.195	1.481	0.845	0.971	1.068	0.717	0.927	0.743	0.763	0.779	0.641	
1.514	0.714	1.760	1.463	0.762	0.904	1.034	1.138	1.209	0.886	0.638	0.952	0.785	0.625	0.616	
1.125	1.997	1.260	1.352	1.160	1.092	0.944	0.890	0.959	0.708	0.766	0.746	0.727	0.632	0.643	
1.198	0.503	1.008	1.152	1.699	1.067	1.816	0.902	0.747	0.972	1.067	0.805	0.821	0.587	0.656	
1.161	0.663	1.751	1.247	1.539	1.305	1.113	0.570	0.765	1.130	0.867	0.757	0.706	0.758	0.668	
1.301	1.380	0.799	2.127	1.143	1.112	1.033	0.780	0.746	0.894	1.068	0.740	0.609	0.641	0.625	
1.311	1.034	1.010	1.725	1.617	1.030	1.043	0.965	0.866	0.846	0.761	0.641	0.886	0.637	0.627	
0.901	1.122	0.827	2.136	1.113	1.052	1.044	1.557	0.767	0.764	0.926	0.736	0.779	0.613	0.663	
1.381	0.386	0.766	1.667	2.119	1.156	0.804	0.768	0.833	0.916	0.930	0.904	1.110	0.619	0.642	
1.102	2.258	0.802	1.401	0.965	1.372	1.195	0.765	0.827	0.754	0.729	0.993	0.624	0.622	0.591	
0.748	1.196	1.297	2.056	1.488	1.388	0.897	0.724	0.783	0.913	0.867	0.781	0.623	0.628	0.611	
1.151	0.568	1.226	1.748	1.241	1.211	1.156	0.714	1.016	1.057	1.158	0.720	0.765	0.637	0.631	
1.321	1.313	0.897	0.917	1.634	1.134	1.535	0.961	0.785	0.851	0.761	0.839	0.626	0.771	0.654	
0.928	0.922	1.225	1.499	1.410	1.051	0.918	1.541	0.941	0.990	0.858	0.634	0.844	0.631	0.606	
1.833	0.846	1.206	1.803	0.727	1.267	0.798	0.873	1.013	0.900	0.831	0.649	0.859	0.747	0.647	
1.070	1.098	1.555	0.712	1.150	1.396	1.499	1.233	0.950	0.761	0.745	0.788	0.790	0.624	0.629	
1.294	0.997	1.203	1.009	1.027	1.580	1.494	0.874	1.096	0.734	0.884	0.801	0.724	0.643	0.640	
0.672	2.013	0.370	1.058	1.459	1.292	1.392	0.871	1.201	0.905	0.786	0.839	0.920	0.620	0.601	
1.038	1.007	1.517	1.623	1.304	0.895	1.407	0.756	0.822	1.099	0.760	0.741	0.759	0.624	0.648	
0.906	0.805	0.884	1.864	1.429	1.809	1.337	0.837	0.747	0.604	0.916	0.700	0.768	0.748	0.644	
0.843	0.902	1.979	1.228	0.884	1.297	1.107	1.381	0.895	0.926	0.786	0.738	0.646	0.771	0.618	
1.217	1.089	1.314	0.924	1.898	0.836	1.504	0.782	0.880	0.890	0.754	0.624	0.808	0.832	0.646	
1.128	0.749	1.635	1.737	1.376	1.041	0.925	1.050	0.718	0.925	0.891	0.767	0.628	0.781	0.649	
1.318	0.507	1.295	1.240	0.971	1.782	1.137	0.870	1.440	0.620	0.763	0.717	0.904	0.802	0.635	
0.830	0.517	1.574	1.368	1.759	0.895	1.370	1.695	0.840	0.784	0.737	0.621	0.785	0.660	0.564	
1.344	0.950	0.853	1.331	1.679	1.410	1.327	0.753	0.964	0.750	0.930	0.849	0.629	0.592	0.638	
1.450	0.496	0.929	1.622	1.099	1.355	1.161	0.732	1.201	1.463	0.725	0.599	0.791	0.747	0.631	
2.156	0.827	0.520	1.318	1.125	0.555	1.518	0.930	1.219	1.053	0.742	0.882	0.755	0.750	0.651	
1.353	0.955	0.881	1.582	1.561	1.097	0.741	1.091	1.187	1.179	0.779	0.779	0.590	0.626	0.599	
1.621	0.867	1.659	1.242	1.088	0.968	1.198	1.169	0.756	0.947	0.884	0.736	0.625	0.650	0.590	
0.886	0.792	1.854	1.200	1.673	0.651	0.879	1.163	1.123	0.940	0.846	0.802	0.889	0.688	0.613	
1.020	0.688	1.851	1.783	1.084	0.954	1.015	0.950	0.942	0.919	0.784	0.948	0.781	0.627	0.655	
2.072	1.236	0.784	1.035	1.048	0.809	1.081	1.177	0.965	0.828	0.963	0.911	0.812	0.626	0.653	
0.979	1.024	1.005	1.802	1.071	1.433	0.872	0.699	0.948	0.894	0.940	1.303	0.624	0.753	0.652	
1.116	0.917	1.400	1.406	1.828	1.078	0.919	0.920	1.069	0.892	0.749	0.723	0.696	0.645	0.641	
1.037	0.887	0.645	1.913	1.097	1.482	0.840	1.112	0.784	0.866	0.878	0.951	0.983	0.830	0.697	
1.249	0.628	1.644	2.196	1.026	1.283	0.740	0.735	1.139	0.915	0.621	0.867	0.624	0.703	0.630	
0.840	0.799	1.069	1.292	1.564	1.476	0.966	1.502	0.976	0.774	0.909	0.754	0.635	0.814	0.630	
1.237	0.549	1.235	1.111	1.761	1.319	1.103	1.199	0.856	0.863	1.042	0.748	0.718	0.653	0.605	
0.536	1.417	0.748	1.908	1.280	0.822	1.505	1.299	1.065	0.815	0.809	0.764	0.596	0.812	0.624	
1.088	1.640	0.867	1.270	1.601	1.127	1.175	0.782	0.939	0.776	0.820	0.871	0.782	0.624	0.638	
1.367	1.024	1.014	2.159	1.060	1.131	0.907	0.767	1.134	0.748	0.885	0.621	0.932	0.646	0.605	
1.131	0.990	0.627	1.461	2.129	0.995	0.797	1.231	1.033	1.152	0.603	0.584	0.830	0.819	0.617	
1.036	1.194	1.412	1.438	1.699	0.968	1.250	0.718	0.864	0.780	0.625	1.018	0.743	0.620	0.635	
0.930	1.623	0.987	1.338	0.901	1.315	0.968	0.746	0.977	0.778	1.421	0.782	0.766	0.795	0.673	
1.159	0.474	1.552	1.264	1.356	1.300	1.118	0.922	1.172	0.747	1.040	0.738	0.722	0.768	0.668	
1.437	0.763	1.263	1.995	1.185	1.245	1.249	0.773	0.791	0.758	0.729	0.803	0.620	0.758	0.632	
0.937	1.048	1.090	1.980	1.355	1.604	0.907	0.832	0.691	0.801	0.777	0.803	0.790	0.722	0.662	
1.578	1.212	0.702	1.053	1.341	1.362	1.159	1.169	0.811	0.965	0.756	0.764	0.871	0.636	0.621	
0.512	0.691	1.350	1.986	1.067	0.714	1.132	1.003	1.340	1.220	1.016	0.757	0.788	0.772	0.651	
1.049	0.746	1.289	1.373	1.291	0.776	1.436	0.963	1.058	1.373	0.909	0.744	0.731	0.631	0.630	
1.232	1.405	1.056	1.108	0.999	1.714	0.753	1.196	0.928	0.843	0.906	0.839	0.631	0.756	0.633	
1.329	1.188	0.916	1.701	1.112	1.137	0.748	0.792	1.275	1.001	0.800	0.906	0.805	0.661	0.630	
0.998	0.761	0.598	2.030	0.907	1.001	1.868	0.990	1.128	0.958	1.105	0.778	0.665	0.611	0.601	
1.251	1.205	1.087	1.135	1.449	0.943	1.210	1.338	0.607	0.981	0.788	0.952	0.790	0.630	0.632	
1.438	1.324	0.918	2.009	1.188	0.917	1.008	0.927	1.026	0.753	0.765	0.695	0.765	0.646	0.622	
1.106	1.637	1.273	0.959	1.870	1.080	0.753	0.784	1.021	0.985	0.755	0.626	0.765	0.768	0.616	
0.925	1.309	0.661	1.239	1.350	1.695	1.264	0.810	0.987	0.846	0.742	0.925	0.764	0.864	0.619	
1.257	1.696	0.987	1.414	0.932	1.256	1.068	0.893	1.018	0.598	0.767	0.762	0.936	0.769	0.647	
1.700	0.696	1.133	0.958	1.052	1.579	0.982	1.415	1.216	0.802	0.753	0.844	0.614	0.639	0.616	
0.611	1.394	1.117	2.410	0.691	0.939	1.125	0.873	0.988	0.780	1.186	0.829	0.660	0.761	0.635	
0.942	0.400	1.085	1.948	1.499	1.371	0.835	1.371	0.902	0.892	0.972	0.739	0.812	0.638	0.595	
1.717	0.847	0.900	1.249	0.974	1.365	0.983	1.132	1.298	0.908	1.024	0.612	0.766	0.601	0.625	
1.081	0.533	1.078	1.709	1.259	1.942	1.013	0.846	0.844	1.049	0.717	0.904	0.736	0.618	0.670	
0.913	1.503	1.072	0.969	1.296	1.590	1.148	1.082	0.911	0.878	0.763	0.705	0.731	0.795	0.645	
1.053	0.450	0.962	1.408	1.405	1.503	0.886	1.623	0.876	0.928	0.955	0.966	0.749	0.625	0.611	
0.614	2.833	1.111	0.878	1.296	1.129	1.104	0.740	1.091	0.594	0.808	0.739	0.764	0.610	0.688	
0.582	1.226	1.397	1.416	1.332	1.540	0.981	0.710	0.820	0.799	1.077	0.952	0.839	0.640	0.690	
1.451	0.763	1.484	1.106	1.418	1.057	1.090	0.829	0.930	1.228	0.717	0.748	0.940	0.626	0.612	
1.046	1.232	1.319	1.284	0.859	0.767	1.086	1.669	1.068	0.838	0.836	0.854	0.870	0.647	0.627	
1.077	0.941	1.007	1.480	1.285	0.882	1.349	1.013	0.817	1.014	1.217	0.854	0.646	0.798	0.617	
0.713	1.055	1.131	1.268	1.267	1.804	1.081	0.934	0.892	0.941	0.916	0.998	0.611	0.754	0.635	
1.210	1.084	0.640	1.095	1.336	1.561	1.364	1.290	1.100	0.832	0.772	0.868	0.599	0.635	0.613	
1.223	1.883	1.281	1.368	1.111	1.043	0.977	0.764	1.193	0.772	0.753	0.627	0.779	0.606	0.620	
0.916	1.490	0.911	1.501	1.530	1.308	1.028	1.143	0.975	0.563	0.875	0.695	0.789	0.624	0.653	
1.518	1.000	1.049	1.441	0.772	1.112	1.039	1.315	0.936	0.749	0.928	1.088	0.764	0.643	0.644	
1.218	1.029	0.754	1.006	1.737	1.331	1.617	0.774	0.923	0.862	0.598	0.869	0.883	0.768	0.631	
1.233	0.971	1.201	1.222	1.129	1.867	0.932	0.826	0.728	0.887	0.764	1.246	0.755	0.638	0.601	
1.538	0.979	0.983	1.141	1.359	1.972	0.717	0.878	0.815	0.784	0.951	0.617	0.890	0.763	0.614	
0.997	0.524	1.367	1.895	2.145	0.854	1.151	0.932	0.763	0.971	0.773	0.800	0.623	0.603	0.601	
0.484	1.405	0.927	1.579	1.213	1.129	0.990	1.611	1.196	0.784	0.699	0.768	0.738	0.861	0.617	
1.325	1.037	1.305	1.411	0.813	1.088	1.558	0.714	0.837	1.146	0.593	0.749	0.947	0.820	0.657	
0.389	1.956	1.240	1.430	1.258	1.211	1.021	1.224	0.690	1.019	0.846	0.580	0.611	0.877	0.648	
0.836	1.066	2.086	1.051	1.224	1.351	1.022	0.761	1.120	0.875	0.627	0.831	0.716	0.823	0.612	
0.701	1.187	1.417	1.254	1.562	1.399	0.906	1.191	1.225	0.808	0.745	0.626	0.756	0.631	0.591	
1.561	0.683	0.556	1.806	1.818	0.984	0.963	0.782	1.004	1.092	0.591	0.830	0.826	0.867	0.636	
1.721	0.673	1.168	1.137	1.429	1.004	0.993	0.910	1.218	0.813	0.939	0.748	0.787	0.830	0.629	
1.808	0.469	1.372	1.756	1.418	0.956	0.901	0.849	0.595	0.792	0.809	1.077	0.728	0.771	0.697	
0.784	1.128	1.008	1.657	1.149	1.369	1.426	0.705	0.861	0.955	0.942	1.012	0.752	0.640	0.612	
1.271	0.819	0.762	2.305	1.130	0.985	0.912	1.290	1.090	0.849	0.775	0.779	0.749	0.637	0.648	
0.513	1.136	1.343	1.332	1.604	1.402	1.086	1.023	1.086	0.937	0.773	0.586	0.736	0.819	0.623	
1.460	0.838	0.862	1.407	1.193	0.814	1.162	1.478	0.725	1.005	1.142	0.718	0.945	0.637	0.614	
2.304	0.869	0.619	1.343	1.388	0.968	0.913	0.935	1.041	0.607	0.605	0.883	1.013	0.856	0.655	
1.311	0.833	1.007	1.181	1.428	0.915	1.565	0.902	1.419	0.907	0.787	0.624	0.763	0.751	0.606	
0.941	0.625	2.206	0.891	1.138	1.292	1.259	0.984	0.825	0.967	0.870	0.755	0.814	0.789	0.643	
1.003	1.010	1.479	1.698	1.523	1.102	0.847	0.605	0.932	1.185	0.877	0.763	0.738	0.623	0.616	
0.769	1.214	1.930	1.245	1.223	1.030	0.948	0.870	1.035	0.950	0.754	1.021	0.755	0.631	0.627	
1.629	1.768	0.987	0.927	0.723	1.052	1.121	0.923	1.437	0.911	0.753	0.758	0.637	0.735	0.640	
0.507	1.442	1.041	1.628	1.667	1.042	0.693	0.913	0.679	1.256	1.072	0.976	0.626	0.808	0.648	
1.103	1.114	1.500	1.509	1.303	1.370	0.996	0.864	0.946	0.739	0.714	0.626	0.944	0.638	0.634	
1.241	0.708	1.306	2.119	0.958	1.095	1.006	1.039	0.923	1.000	0.590	0.720	1.019	0.630	0.646	
1.175	1.191	1.233	1.144	1.178	1.428	1.237	0.955	0.879	1.062	0.791	0.723	0.734	0.636	0.634	
1.114	1.552	0.934	1.510	0.966	0.879	0.903	1.079	1.029	1.222	1.137	0.770	0.639	0.626	0.639	
1.036	0.828	1.080	1.150	1.620	1.506	1.196	1.315	0.785	0.809	0.753	0.735	0.779	0.780	0.629	
1.050	0.744	0.894	1.935	1.900	0.715	1.226	0.907	0.966	0.777	0.932	0.772	0.894	0.665	0.623	
1.913	0.916	1.035	1.328	1.219	1.129	0.739	1.287	0.941	0.827	0.771	0.823	0.795	0.646	0.630	
0.951	0.679	0.765	1.552	2.624	0.945	0.868	1.276	0.995	0.922	0.815	0.596	0.735	0.643	0.633	
0.758	1.227	0.821	1.666	1.275	1.009	1.277	1.434	0.968	0.912	0.752	0.746	0.727	0.787	0.641	
1.725	1.200	1.128	0.946	0.809	1.579	1.035	0.828	0.921	0.815	1.213	0.927	0.621	0.625	0.629	
1.052	0.888	1.418	1.590	1.430	1.562	0.761	0.935	0.866	0.800	1.048	0.576	0.849	0.661	0.563	
0.540	1.456	1.299	1.412	1.298	0.900	0.981	1.058	0.997	1.127	1.118	0.802	0.767	0.626	0.619	
0.634	0.684	1.197	2.103	1.123	1.103	0.951	1.144	1.548	0.863	0.904	0.686	0.601	0.799	0.661	
0.937	1.605	1.370	1.560	0.930	0.778	1.002	1.513	0.971	0.926	0.790	0.764	0.638	0.605	0.610	
1.244	1.127	0.587	2.149	1.096	1.268	1.225	0.738	0.903	0.899	0.761	0.789	0.636	0.929	0.648	
1.334	1.997	0.396	1.097	0.982	1.338	1.243	1.024	1.182	0.759	0.993	0.636	0.819	0.604	0.595	
0.711	1.144	1.010	1.731	1.214	1.324	0.990	1.443	1.033	0.744	1.083	0.702	0.626	0.632	0.615	
1.351	0.748	1.317	1.232	1.793	0.898	1.365	0.956	0.773	0.836	0.855	0.741	0.739	0.711	0.686	
1.159	0.679	1.472	1.069	0.916	1.396	1.137	1.600	0.854	1.302	0.717	0.618	0.827	0.633	0.622	
0.986	1.137	1.389	1.995	1.123	0.876	0.783	1.181	1.156	0.812	0.718	0.971	0.634	0.600	0.639	
1.347	1.087	1.403	1.177	1.566	0.948	1.238	0.906	0.783	1.084	0.863	0.787	0.606	0.623	0.582	
1.136	1.701	0.601	1.433	1.419	1.141	0.723	0.963	0.911	0.761	1.467	0.751	0.582	0.780	0.630	
0.836	0.901	1.521	1.206	1.559	1.143	1.162	1.082	0.919	0.933	0.927	0.776	0.780	0.635	0.618	
1.079	1.356	0.906	1.320	1.210	1.440	0.968	1.212	0.779	1.009	0.755	0.919	0.815	0.634	0.599	
0.819	1.423	0.462	1.639	1.623	1.126	1.096	1.262	0.782	0.825	0.812	0.593	1.283	0.627	0.629	
1.467	0.839	1.596	1.148	0.796	1.636	1.381	0.826	0.980	0.784	0.881	0.656	0.758	0.643	0.608	
1.304	1.533	1.062	1.719	0.740	1.276	0.940	0.684	1.028	1.013	0.859	0.625	0.760	0.795	0.662	
1.256	1.377	0.595	1.049	1.715	1.131	1.183	1.138	1.022	0.700	0.926	0.902	0.629	0.749	0.631	
0.587	1.439	1.088	1.596	1.122	1.640	1.255	0.968	0.579	0.769	0.772	0.954	0.796	0.799	0.635	
0.728	1.125	1.928	1.556	1.138	0.864	1.176	1.123	0.806	0.950	0.784	0.612	0.961	0.608	0.641	
0.681	1.156	1.275	1.419	1.107	1.288	1.128	1.052	0.949	1.380	0.785	0.771	0.642	0.762	0.605	
0.790	0.563	1.452	1.737	1.524	1.316	0.820	1.545	0.721	0.790	0.790	0.935	0.780	0.618	0.619	
1.006	1.793	1.097	0.932	1.116	0.773	0.992	1.457	0.765	1.099	1.140	0.777	0.804	0.604	0.647	
0.745	0.636	1.147	1.349	1.724	1.668	1.134	1.013	1.268	0.730	0.710	0.773	0.712	0.764	0.627	
0.911	0.668	1.296	2.217	1.224	1.051	1.411	0.896	0.687	0.738	0.871	0.789	0.700	0.904	0.637	
1.237	1.544	0.814	1.472	1.546	1.247	0.757	0.861	0.870	0.795	1.059	0.847	0.592	0.723	0.636	
0.790	0.918	1.236	1.263	1.004	1.542	1.204	1.255	1.330	0.753	0.911	0.912	0.630	0.623	0.628	
1.030	1.235	1.349	0.930	1.568	1.013	1.050	1.116	1.051	0.899	0.906	0.766	0.787	0.655	0.646	
0.507	1.431	1.489	1.404	1.041	1.087	1.122	1.639	0.803	0.602	0.700	0.778	0.824	0.914	0.660	
1.655	1.532	0.742	1.582	1.154	1.424	1.038	0.573	0.807	0.737	0.846	0.674	0.789	0.786	0.662	
1.367	0.922	0.928	0.938	1.738	1.290	1.017	0.771	1.149	1.119	0.895	0.738	0.867	0.624	0.636	
1.722	1.627	1.452	1.015	0.815	1.157	0.833	1.044	0.828	0.733	1.075	0.718	0.734	0.629	0.618	
0.957	1.937	1.183	1.083	0.840	1.378	1.331	0.991	0.727	0.725	0.890	0.891	0.811	0.627	0.629	
1.089	0.713	0.627	1.765	1.113	1.330	1.204	0.890	1.297	0.790	1.122	0.818	0.837	0.705	0.700	
0.768	1.671	0.467	2.405	0.872	1.099	1.784	0.688	0.759	1.080	0.714	0.668	0.616	0.770	0.638	
1.154	0.861	1.568	1.030	1.072	0.982	0.845	1.180	1.468	0.902	0.615	1.291	0.765	0.659	0.609	
1.721	0.865	1.006	1.668	1.092	1.053	1.143	0.890	1.178	0.773	0.624	0.751	0.843	0.754	0.639	
0.646	0.809	1.455	1.437	1.378	1.102	1.678	1.051	0.942	0.590	0.702	0.946	0.806	0.790	0.668	
1.268	1.029	1.189	1.431	1.297	0.968	1.091	0.928	0.599	1.090	1.029	1.018	0.790	0.633	0.638	
1.117	0.995	1.109	1.681	1.744	1.386	0.863	0.938	0.713	0.946	0.884	0.782	0.646	0.621	0.575	
1.636	0.974	1.398	0.966	1.613	0.898	0.773	1.149	0.964	0.885	0.826	0.625	0.888	0.757	0.648	
1.392	2.280	1.000	1.071	0.675	0.750	1.003	0.820	1.054	0.858	1.092	0.747	0.729	0.878	0.651	
1.799	0.786	0.552	1.998	0.867	1.017	0.903	1.155	1.241	0.587	1.081	0.637	0.857	0.889	0.631	
1.131	1.523	0.990	1.610	1.198	0.709	0.849	1.543	0.626	1.192	0.908	0.787	0.707	0.611	0.617	
0.531	1.114	1.504	1.211	1.202	0.969	1.441	1.339	0.779	0.801	1.131	0.760	0.970	0.628	0.619	
0.580	1.160	0.877	1.739	1.191	1.027	1.692	1.265	1.226	0.748	0.722	0.808	0.756	0.586	0.623	
0.933	1.029	1.423	1.390	1.473	0.947	1.118	0.912	0.901	0.915	0.817	0.961	0.786	0.758	0.639	
1.443	0.737	1.050	1.223	1.538	1.330	0.828	1.137	1.199	0.719	0.816	0.956	0.619	0.757	0.648	
1.230	1.074	1.236	1.509	0.755	1.216	0.975	0.987	1.147	0.829	0.945	1.025	0.601	0.811	0.660	
1.057	1.878	0.582	1.786	1.285	0.617	1.297	1.030	0.726	1.164	0.704	0.824	0.716	0.694	0.639	
0.492	1.352	0.900	1.732	1.299	1.362	1.723	1.119	0.751	0.575	0.794	0.588	0.783	0.898	0.633	
0.569	1.039	1.403	1.672	1.526	0.703	0.936	1.085	0.808	1.136	1.194	0.814	0.828	0.639	0.647	
1.147	1.366	1.169	1.075	0.940	1.345	1.192	0.988	1.390	0.745	0.871	0.613	0.751	0.773	0.635	
1.537	0.798	1.171	1.194	1.186	0.745	1.877	0.702	0.930	1.099	0.743	0.914	0.833	0.630	0.639	
1.041	0.778	0.929	1.867	1.508	1.711	0.702	1.031	1.077	0.883	0.858	0.613	0.616	0.766	0.619	
1.999	1.206	0.768	0.858	1.016	1.480	0.890	0.794	1.115	0.760	1.049	0.864	0.817	0.743	0.642	
1.529	1.460	0.574	1.251	1.446	1.132	1.376	0.922	0.760	0.933	0.724	0.790	0.633	0.847	0.624	
0.731	1.041	0.891	1.144	1.387	1.622	0.883	1.328	1.438	1.201	0.726	0.757	0.624	0.600	0.627	
0.998	1.036	1.445	0.993	1.321	1.517	0.976	0.956	1.051	0.957	0.740	0.981	0.668	0.729	0.631	
0.789	0.888	0.833	2.158	1.803	0.684	1.291	1.112	0.925	0.792	0.931	0.777	0.780	0.612	0.626	
0.387	0.959	1.492	1.804	1.186	1.026	1.570	1.008	1.077	0.581	0.948	0.782	0.747	0.800	0.635	
1.636	1.121	0.871	1.424	1.156	1.096	1.135	0.905	1.371	0.819	0.846	0.608	0.630	0.728	0.652	
0.891	1.124	1.031	2.261	1.287	1.164	1.043	0.725	0.735	0.968	1.012	0.623	0.720	0.790	0.626	
1.149	0.870	0.863	1.676	1.028	1.342	1.331	1.559	0.761	0.732	0.724	0.824	0.761	0.744	0.636	
1.308	1.036	0.974	1.575	1.136	1.150	1.068	0.897	0.883	0.956	1.178	0.799	0.781	0.624	0.637	
1.012	1.147	1.028	1.195	1.348	1.222	1.581	1.081	1.058	0.783	0.770	0.623	0.766	0.752	0.633	
1.783	0.808	1.229	1.566	0.986	1.055	1.154	0.960	0.790	0.966	0.904	0.609	0.779	0.795	0.616	
0.460	0.991	1.253	0.870	1.895	1.913	0.931	1.085	0.917	0.717	1.001	1.073	0.659	0.609	0.626	
1.136	1.352	1.274	1.291	0.796	1.339	1.266	0.747	0.796	1.244	0.746	0.759	0.807	0.792	0.654	
1.051	1.493	1.139	1.310	0.792	1.296	1.303	0.936	0.907	1.073	0.929	0.762	0.762	0.625	0.621	
1.488	1.617	0.810	0.992	1.644	0.796	1.098	1.259	0.774	0.801	0.796	0.936	0.565	0.751	0.672	
1.006	0.856	1.104	1.478	1.638	0.695	1.206	1.096	1.550	0.755	0.714	0.746	0.917	0.628	0.612	
1.463	0.832	0.928	1.281	1.701	0.990	0.902	1.301	0.922	1.133	0.836	0.729	0.747	0.618	0.617	
1.755	0.749	0.899	0.775	1.277	1.260	1.455	1.063	1.197	0.915	0.736	0.927	0.622	0.742	0.629	
1.687	0.939	1.341	1.685	0.861	1.070	0.944	1.076	0.762	0.920	0.926	0.768	0.756	0.624	0.641	
0.609	1.193	1.241	1.972	1.117	1.291	0.955	0.874	0.770	1.234	0.799	1.042	0.642	0.648	0.613	
1.109	1.273	1.381	1.095	1.370	1.228	0.759	0.922	1.161	1.122	0.744	0.745	0.720	0.717	0.654	
0.619	1.812	1.154	1.427	1.129	1.059	1.141	1.116	0.873	0.793	0.847	0.770	0.793	0.817	0.650	
1.316	1.256	0.992	1.629	1.015	1.133	0.725	1.614	0.934	0.960	0.615	0.623	0.845	0.715	0.628	
0.669	1.268	0.881	2.127	1.451	0.895	0.833	0.962	0.941	0.814	0.926	0.729	0.979	0.886	0.639	
1.378	1.933	1.065	1.130	1.104	0.758	1.354	0.724	0.814	1.086	0.721	0.767	0.732	0.809	0.622	
0.960	1.584	1.103	1.231	1.245	1.388	1.460	0.880	0.695	0.711	0.850	0.746	0.733	0.773	0.641	
1.404	1.014	1.219	1.210	2.001	0.771	0.723	1.037	0.631	0.948	0.898	0.941	0.752	0.815	0.636	
0.991	1.687	1.564	1.307	1.038	0.871	0.734	1.481	0.738	0.739	0.906	0.763	0.737	0.792	0.652	
1.237	0.681	1.285	1.565	1.395	1.516	0.766	0.708	0.692	1.357	0.829	0.869	0.649	0.806	0.643	
0.358	1.459	0.407	2.641	1.239	1.444	0.884	1.065	0.560	1.114	0.905	0.869	0.585	0.865	0.605	
1.058	0.805	1.477	1.832	1.417	0.897	0.934	1.082	0.863	0.899	1.015	0.720	0.617	0.744	0.641	
0.802	1.154	2.018	1.084	0.989	1.073	1.355	1.089	0.857	1.149	0.741	0.801	0.641	0.613	0.633	
1.182	1.017	1.187	1.096	1.072	0.922	1.081	0.975	1.147	1.141	1.044	0.945	0.761	0.772	0.657	
1.550	0.717	1.582	0.821	1.572	1.166	0.648	0.883	0.755	1.108	0.774	0.859	1.058	0.869	0.639	
1.020	1.316	0.893	1.244	1.421	1.628	1.088	1.129	0.801	1.022	0.820	0.735	0.650	0.608	0.624	
1.451	1.295	0.795	1.190	1.691	0.891	0.868	0.883	0.861	1.261	0.779	0.980	0.768	0.652	0.633	
0.924	1.620	1.248	1.145	1.218	1.123	0.756	0.776	1.204	1.143	0.778	0.647	0.779	0.990	0.650	
1.140	0.442	2.347	0.914	1.282	1.595	1.204	0.753	0.823	0.846	0.780	0.772	0.827	0.608	0.665	
0.987	1.511	1.020	1.049	1.187	1.345	0.954	1.219	0.719	0.728	1.261	0.862	0.762	0.740	0.656	
0.688	1.933	0.756	0.915	1.826	1.305	1.099	0.925	0.685	1.215	0.884	0.889	0.644	0.637	0.598	
1.136	1.249	1.191	1.219	1.759	0.748	1.418	0.964	0.754	0.740	0.895	0.904	0.611	0.779	0.635	
0.825	1.696	0.697	1.253	1.717	1.027	0.831	1.186	1.419	0.979	0.770	0.769	0.629	0.603	0.600	
0.938	1.718	0.552	2.028	1.017	0.904	0.966	0.859	1.273	0.823	0.885	0.924	0.675	0.791	0.647	
1.536	0.909	1.327	1.943	0.726	1.066	1.051	0.718	0.886	1.050	1.048	0.718	0.742	0.655	0.625	
0.747	0.553	1.926	0.893	1.367	0.928	1.297	1.238	1.146	0.774	1.049	0.794	0.961	0.691	0.635	
0.470	1.172	1.238	1.361	1.480	1.493	1.151	1.272	1.194	0.722	0.846	0.792	0.593	0.583	0.632	
0.482	1.023	1.454	1.826	1.126	1.332	0.970	0.745	1.446	0.768	1.073	0.602	0.914	0.627	0.612	
0.957	0.493	1.489	1.899	1.179	1.304	1.304	0.939	0.946	0.952	0.791	0.598	0.689	0.822	0.640	
1.069	0.855	1.100	1.205	1.676	1.552	0.747	1.181	0.803	1.096	0.758	0.761	0.768	0.794	0.634	
1.256	1.269	1.031	1.081	1.066	1.504	1.137	0.726	1.108	1.051	0.728	0.851	0.775	0.782	0.636	
1.149	1.018	1.171	1.728	1.153	1.384	0.994	0.935	0.761	1.117	0.943	0.755	0.630	0.636	0.627	
1.331	0.804	1.247	0.935	1.533	1.092	1.077	1.087	0.906	1.080	0.793	0.905	0.776	0.784	0.650	
1.575	0.937	0.864	1.246	1.892	1.237	1.112	1.060	0.794	0.772	0.798	0.768	0.739	0.570	0.638	
0.467	0.975	1.665	2.020	1.210	1.275	0.851	1.068	0.595	0.945	1.126	0.780	0.790	0.602	0.632	
1.105	1.423	0.748	1.085	1.941	1.474	0.868	0.951	1.135	0.761	0.736	0.796	0.732	0.614	0.632	
0.789	1.127	2.274	1.056	1.054	0.917	0.669	1.023	1.274	0.915	0.914	0.900	0.791	0.659	0.639	
1.388	0.607	1.557	1.279	1.316	1.853	0.695	1.071	0.996	0.567	0.641	0.706	0.901	0.790	0.634	
1.049	1.192	1.140	1.579	0.908	0.946	1.018	1.162	1.429	0.751	0.742	0.834	0.807	0.789	0.654	
0.838	0.659	0.949	2.212	1.216	1.127	1.433	1.203	0.917	0.735	0.898	0.731	0.833	0.597	0.650	
0.933	0.884	2.000	1.159	0.935	0.967	1.143	1.546	0.911	0.729	0.794	0.901	0.822	0.638	0.636	
0.868	0.878	1.667	1.287	1.055	0.874	1.013	1.495	1.279	0.721	0.765	0.985	0.865	0.627	0.622	
0.820	1.692	1.034	1.344	1.317	1.446	0.837	1.161	0.746	0.739	0.790	0.719	0.866	0.842	0.648	
0.634	0.895	1.755	2.540	1.104	1.053	0.862	0.805	0.871	0.906	0.987	0.623	0.627	0.719	0.622	
0.968	1.162	0.737	1.428	1.622	1.682	1.103	0.937	0.570	0.979	0.911	0.912	0.730	0.633	0.628	
1.108	1.098	1.876	1.459	1.108	1.021	0.807	0.908	1.462	0.798	0.711	0.787	0.634	0.611	0.612	
1.798	0.732	1.041	1.495	0.953	1.153	1.550	0.717	0.927	0.680	1.037	0.950	0.623	0.712	0.631	
0.422	0.705	1.620	1.780	1.493	1.148	0.928	0.902	1.130	1.057	0.591	1.127	0.831	0.604	0.661	
0.993	0.849	1.049	0.897	1.166	1.672	1.806	0.876	1.255	0.858	0.880	0.802	0.614	0.644	0.637	
1.071	0.988	1.464	1.364	1.058	1.355	0.857	1.342	1.056	0.746	0.822	0.715	0.769	0.763	0.629	
0.919	1.464	0.977	1.592	1.523	1.250	0.935	0.778	0.717	0.725	1.527	0.599	0.796	0.590	0.608	
0.993	0.754	1.645	1.416	2.150	1.154	0.910	0.753	0.773	0.788	1.076	0.762	0.621	0.611	0.594	
0.958	1.316	1.143	2.223	0.820	1.243	0.891	1.050	0.791	0.933	0.825	0.608	0.762	0.793	0.644	
1.225	1.504	0.867	1.019	1.224	2.219	0.955	0.931	0.887	0.755	0.677	0.744	0.723	0.628	0.643	
1.892	0.468	1.272	1.061	1.312	1.409	1.366	0.780	0.988	0.687	0.805	0.780	0.812	0.706	0.664	
1.405	1.450	0.968	1.218	0.866	1.070	1.182	1.220	0.943	1.053	0.757	0.625	0.810	0.784	0.649	
0.739	1.233	1.785	0.981	0.888	1.885	1.031	1.050	1.032	1.107	0.602	0.604	0.731	0.709	0.622	
1.636	1.062	1.051	1.307	1.079	1.118	0.786	1.047	1.213	0.929	1.031	0.727	0.602	0.766	0.646	
0.795	1.346	1.127	1.031	1.352	1.213	1.291	1.320	0.997	1.011	0.847	0.780	0.623	0.634	0.633	
2.070	0.865	1.216	1.299	1.296	1.323	0.804	0.706	0.908	0.744	0.832	0.699	0.827	0.782	0.628	
1.638	0.880	1.318	1.721	1.420	0.999	0.922	0.936	0.890	0.791	0.919	0.707	0.633	0.615	0.612	
1.323	0.988	0.802	1.513	1.487	0.758	1.734	1.180	0.937	0.823	0.794	0.767	0.636	0.617	0.640	
1.316	0.859	1.813	1.457	1.267	0.987	1.540	0.740	0.598	0.819	0.937	0.685	0.747	0.632	0.604	
1.087	1.332	1.025	1.073	1.261	1.927	1.028	0.717	0.943	0.968	0.856	0.712	0.628	0.811	0.632	
1.096	0.822	0.724	1.418	2.492	1.138	1.255	0.911	0.973	0.788	0.850	0.744	0.640	0.551	0.598	
1.633	1.201	1.178	0.992	1.084	1.349	1.291	0.998	0.786	0.746	0.800	0.795	0.918	0.599	0.628	
1.548	0.768	0.693	1.165	1.501	1.262	1.445	1.161	0.756	0.754	0.810	0.947	0.927	0.592	0.671	
1.417	0.898	1.302	2.164	0.963	1.315	0.833	0.785	0.987	0.944	0.803	0.735	0.588	0.637	0.630	
0.492	0.473	1.578	2.212	1.173	1.221	1.328	1.113	0.802	0.917	0.851	0.780	0.713	0.732	0.614	
1.401	0.908	0.748	1.887	0.980	1.102	1.568	0.910	0.989	0.891	0.773	0.632	0.985	0.607	0.618	
1.005	0.887	0.376	2.121	1.629	0.911	0.954	1.052	0.889	0.995	1.236	0.744	0.603	0.935	0.663	
1.049	1.140	0.466	1.530	1.699	1.193	0.994	0.863	0.906	1.535	0.702	0.710	0.861	0.612	0.741	
0.682	0.745	1.781	1.208	2.434	0.947	1.016	0.882	0.820	0.825	0.802	0.851	0.739	0.642	0.626	
0.615	1.009	1.430	1.260	1.644	1.245	0.939	1.324	1.226	0.821	0.602	0.787	0.735	0.723	0.639	
0.390	0.702	1.913	1.697	1.771	1.048	1.014	1.118	0.924	0.770	0.796	0.672	0.821	0.622	0.743	
1.155	1.571	1.128	1.341	1.441	1.470	0.756	0.768	0.713	0.916	0.913	0.793	0.784	0.630	0.622	
1.318	1.048	1.825	0.951	1.392	0.939	0.769	0.922	1.004	0.747	1.076	0.751	0.811	0.794	0.652	
0.995	0.949	0.274	2.097	2.286	1.026	0.853	0.861	0.920	0.951	0.906	0.821	0.619	0.742	0.698	
1.093	1.512	0.828	1.760	1.633	0.806	0.704	0.941	0.813	1.082	0.950	0.814	0.805	0.627	0.629	
0.815	1.214	1.786	1.615	0.754	1.112	1.119	0.948	1.055	0.902	1.048	0.626	0.666	0.700	0.639	
1.001	0.859	1.511	1.119	1.424	1.031	1.127	1.310	0.808	0.826	0.798	0.931	0.807	0.822	0.625	
1.219	1.069	0.887	1.729	1.302	1.339	1.371	0.762	0.829	0.756	0.787	0.793	0.881	0.666	0.610	
0.742	0.810	1.580	1.467	1.020	1.855	1.113	0.877	0.755	0.790	1.412	0.641	0.548	0.748	0.644	
1.008	0.996	1.217	2.157	1.179	0.973	0.995	1.071	1.015	0.956	0.741	0.642	0.821	0.608	0.622	
1.548	1.041	1.262	1.235	0.950	1.327	1.332	1.049	1.012	0.744	0.792	0.609	0.841	0.631	0.627	
1.112	1.171	0.929	1.595	1.198	0.925	1.237	1.420	0.877	1.111	0.723	0.636	0.831	0.629	0.605	
1.140	1.139	0.654	1.026	1.989	1.307	0.914	1.174	1.325	0.810	0.744	0.731	0.762	0.673	0.614	
1.904	1.154	1.378	1.069	1.611	1.110	0.737	0.800	0.724	0.948	0.883	0.602	0.810	0.632	0.638	
0.955	0.691	2.046	1.340	1.254	1.400	0.727	0.875	1.326	0.688	0.888	0.719	0.632	0.816	0.643	
1.922	1.341	0.662	0.987	1.259	1.196	1.379	0.943	0.898	0.820	0.623	0.945	0.590	0.787	0.648	
0.948	1.737	0.565	1.485	0.983	1.289	0.957	1.142	0.966	1.079	0.796	0.758	0.861	0.771	0.662	
1.378	0.862	1.548	1.729	1.418	0.879	1.008	0.849	0.881	0.767	0.779	0.793	0.865	0.609	0.634	
2.035	0.905	1.263	1.338	1.135	0.990	1.305	0.814	0.804	0.769	1.020	0.770	0.622	0.613	0.620	
0.912	1.405	1.573	0.870	1.217	1.314	1.286	0.834	1.282	0.823	0.714	0.740	0.631	0.786	0.614	
1.230	0.999	0.905	1.779	1.192	1.269	1.459	0.784	1.210	0.807	0.638	0.612	0.720	0.771	0.623	
1.727	0.639	0.651	1.344	1.197	1.564	0.891	1.051	0.881	0.901	1.051	0.787	1.053	0.627	0.634	
1.580	1.034	1.108	1.284	0.984	1.241	1.114	0.891	0.969	1.285	0.742	0.768	0.738	0.626	0.635	
0.759	0.527	1.231	1.868	1.521	1.722	1.218	0.667	0.925	0.711	1.010	0.796	0.767	0.608	0.670	
1.009	1.394	0.918	1.645	1.137	0.972	1.061	1.374	0.755	0.795	1.055	0.799	0.618	0.858	0.609	
0.917	0.560	0.639	3.130	1.094	1.145	0.930	1.307	0.864	0.757	0.719	0.942	0.625	0.743	0.628	
1.384	1.036	0.951	1.159	1.504	0.747	1.320	1.053	0.926	1.035	1.102	0.620	0.786	0.752	0.626	
0.908	0.422	1.485	1.919	1.020	1.756	1.028	0.834	0.753	1.223	0.822	0.787	0.631	0.769	0.643	
1.489	1.405	0.610	1.538	1.565	0.729	1.119	0.905	0.772	1.420	0.768	0.594	0.822	0.632	0.631	
0.857	0.902	0.965	2.409	1.207	1.468	1.024	0.743	0.940	0.785	1.030	0.652	0.650	0.721	0.647	
0.983	1.304	1.330	1.436	0.811	0.977	1.009	1.392	0.885	1.476	0.640	0.778	0.764	0.573	0.642	
1.129	0.841	1.258	1.495	1.683	1.064	0.873	0.800	0.874	1.047	0.881	0.990	0.776	0.625	0.663	
1.461	1.236	0.468	1.549	1.245	1.241	1.034	1.119	1.152	1.035	0.694	0.764	0.776	0.605	0.621	
0.617	1.262	1.269	1.614	1.435	1.094	1.003	1.226	0.843	0.993	0.768	0.770	0.740	0.722	0.643	
0.978	0.792	1.721	0.938	1.632	1.632	0.797	1.167	0.661	0.772	0.823	0.921	0.720	0.800	0.647	
0.549	1.282	1.996	1.003	1.395	0.766	1.551	0.823	0.854	0.581	1.104	0.939	0.673	0.850	0.633	
0.669	1.378	1.292	1.074	2.037	0.856	1.041	0.770	1.183	0.929	0.769	0.935	0.785	0.641	0.641	
1.109	2.124	0.881	1.007	0.958	1.182	0.855	1.233	0.809	1.075	0.864	1.035	0.582	0.643	0.643	
0.848	0.610	1.545	2.291	1.056	0.697	1.140	0.946	1.027	0.901	1.060	0.682	0.783	0.737	0.675	
1.071	1.182	0.946	1.454	1.409	1.254	0.915	0.884	0.924	1.281	1.074	0.633	0.733	0.633	0.606	
0.747	0.803	1.686	1.505	1.303	1.013	1.312	0.886	0.785	1.141	0.826	0.787	0.765	0.794	0.646	
1.345	0.806	1.548	1.380	1.201	0.889	1.134	0.941	1.070	0.920	0.718	0.950	0.803	0.641	0.655	
0.779	0.883	1.343	1.576	1.693	1.696	0.706	1.015	0.801	0.750	0.949	0.775	0.777	0.628	0.630	
0.482	1.797	1.280	0.800	0.909	1.543	1.164	1.021	0.861	1.083	1.100	0.917	0.797	0.618	0.629	
1.421	1.425	0.698	0.794	1.021	1.210	1.087	0.920	1.073	0.806	1.367	0.927	0.815	0.782	0.655	
0.813	1.056	0.800	1.659	1.540	1.623	0.964	0.921	1.355	0.796	0.630	0.732	0.699	0.775	0.635	
0.593	1.374	1.722	1.501	1.198	1.054	0.977	1.089	0.891	0.920	0.817	0.743	0.709	0.808	0.605	
1.005	1.583	1.161	1.151	1.147	1.130	1.356	1.120	0.725	1.047	0.759	0.968	0.608	0.610	0.631	
0.798	1.246	0.965	1.350	2.067	1.172	0.869	0.807	1.162	0.939	0.993	0.784	0.597	0.629	0.624	
0.556	1.599	1.171	2.016	1.262	0.737	1.465	0.832	1.045	0.693	0.737	0.857	0.767	0.623	0.640	
1.134	0.897	1.246	1.365	1.929	1.415	0.923	1.071	0.589	0.931	0.753	0.756	0.745	0.626	0.622	
2.111	0.963	0.620	1.289	0.867	0.849	1.002	0.678	1.127	1.242	1.018	0.791	0.936	0.873	0.635	
1.687	1.197	1.100	1.118	1.415	1.295	1.172	0.601	0.776	0.908	0.785	0.956	0.638	0.726	0.625	
1.249	1.462	1.084	1.315	1.163	0.915	1.119	0.969	0.820	1.149	0.770	0.936	0.638	0.780	0.631	
1.429	0.857	1.396	1.285	1.272	1.141	0.948	1.208	0.823	1.209	0.798	0.748	0.634	0.642	0.611	
0.938	0.930	1.016	1.520	1.217	1.297	1.256	0.788	1.448	1.034	0.791	0.752	0.756	0.631	0.626	
0.759	1.312	0.965	2.162	0.712	1.503	0.813	0.706	1.079	1.081	1.158	0.756	0.763	0.629	0.602	
1.778	0.433	0.729	1.860	1.055	1.110	1.217	1.039	0.998	0.889	0.895	0.764	0.820	0.772	0.641	
1.064	1.128	0.591	1.460	1.585	0.889	1.005	0.973	1.238	1.131	0.857	0.941	0.621	0.860	0.655	
1.260	1.234	1.024	1.094	1.311	1.261	0.739	1.107	1.670	0.746	0.745	0.943	0.616	0.641	0.608	
1.077	0.948	1.192	1.175	1.325	1.345	0.876	0.733	1.349	0.763	0.959	0.962	0.802	0.833	0.663	
1.902	0.672	1.180	1.053	1.445	0.844	1.282	1.136	1.252	0.785	0.786	0.655	0.778	0.593	0.637	
0.717	1.188	1.201	1.306	1.444	1.303	1.381	0.597	0.912	0.916	1.086	0.907	0.616	0.779	0.648	
0.855	1.582	0.826	1.750	0.910	1.565	1.192	0.873	1.105	0.766	0.760	0.791	0.742	0.656	0.631	
1.291	0.987	0.961	2.419	0.875	0.825	1.133	0.821	0.954	1.002	0.782	0.786	0.905	0.638	0.621	
1.235	0.969	0.890	2.006	1.458	1.398	0.849	0.766	1.035	0.744	0.751	0.788	0.705	0.759	0.647	
1.461	0.566	0.920	1.732	1.901	0.915	0.868	1.207	0.606	0.981	1.031	0.789	0.724	0.645	0.653	
1.206	0.978	1.465	1.017	0.967	1.148	1.503	1.275	0.762	0.915	0.962	0.778	0.777	0.620	0.625	
0.549	1.075	1.546	1.584	1.038	1.930	0.995	1.128	0.925	0.789	0.820	0.752	0.653	0.614	0.601	
1.127	1.186	0.674	1.749	1.438	0.945	0.936	1.366	1.066	1.051	0.756	0.643	0.711	0.730	0.622	
1.524	1.106	0.830	0.990	1.280	0.900	0.912	1.370	1.298	1.075	0.735	0.782	0.777	0.787	0.633	
0.862	1.222	1.233	1.075	1.082	1.779	1.573	0.733	1.042	0.753	0.885	0.725	0.808	0.615	0.615	
0.895	1.091	1.821	1.898	0.794	1.171	1.231	0.974	0.864	0.695	0.751	0.744	0.813	0.632	0.626	
1.179	1.175	1.318	1.469	1.195	0.825	1.018	1.161	1.070	0.949	0.850	0.615	0.749	0.768	0.659	
1.041	1.609	1.425	1.714	1.029	1.351	0.702	0.826	0.824	0.827	0.771	0.874	0.760	0.636	0.612	
1.830	1.468	0.942	0.991	1.035	0.748	0.889	1.048	1.223	0.894	1.033	0.844	0.626	0.811	0.616	
1.799	0.866	1.101	0.879	0.805	1.145	1.236	1.511	1.021	0.884	0.766	0.763	0.850	0.748	0.627	
0.951	1.021	1.236	1.145	1.501	1.423	1.278	0.731	0.842	0.829	0.934	0.840	0.860	0.778	0.629	
1.511	0.570	1.496	1.280	1.161	0.963	1.496	0.972	1.178	0.755	0.628	0.724	0.800	0.816	0.649	
1.115	0.608	1.836	0.935	1.341	1.068	1.235	1.478	1.050	0.731	0.610	0.769	0.800	0.792	0.633	
0.964	1.183	1.397	1.572	1.085	1.124	1.326	1.306	0.917	0.747	0.745	0.770	0.623	0.622	0.621	
1.118	0.835	1.145	1.844	1.020	1.166	1.205	0.876	0.706	1.070	1.151	0.723	0.745	0.745	0.651	
0.964	1.063	0.983	1.355	0.933	1.726	1.230	0.605	1.312	0.930	0.986	0.799	0.852	0.620	0.642	
0.697	1.491	0.837	1.566	1.520	0.859	1.293	0.867	0.839	1.084	0.791	0.958	0.770	0.801	0.627	
0.793	0.798	1.970	1.494	0.940	1.271	1.306	0.904	0.947	0.873	0.606	0.904	0.764	0.771	0.659	
0.912	0.736	1.592	2.000	0.828	1.278	0.898	1.145	0.960	0.631	0.983	1.011	0.594	0.795	0.637	
0.772	0.799	1.013	1.567	1.319	1.681	1.103	1.328	0.966	0.915	0.769	0.640	0.878	0.629	0.622	
0.871	1.547	1.105	1.588	1.030	1.443	0.923	0.730	0.934	1.120	0.754	0.978	0.719	0.619	0.639	
1.601	1.580	1.049	0.946	1.275	0.977	0.759	1.122	0.991	0.926	0.841	0.755	0.774	0.753	0.651	
1.227	1.111	0.890	1.113	1.030	2.024	0.886	0.930	0.978	1.108	0.782	0.872	0.638	0.784	0.627	
1.425	0.316	1.032	1.005	1.762	1.587	1.040	1.236	0.914	0.866	0.736	0.861	0.725	0.859	0.635	
0.595	1.923	1.195	1.335	1.364	0.974	0.885	0.908	1.234	0.788	0.866	0.897	0.784	0.636	0.616	
1.712	0.766	1.188	1.130	1.326	1.002	1.339	0.919	0.809	1.179	0.808	0.586	0.726	0.881	0.628	
2.086	0.761	1.179	1.035	1.032	0.915	1.296	0.688	0.987	0.944	0.939	0.597	0.969	0.870	0.701	
2.158	0.527	0.836	1.403	1.089	0.955	1.025	0.740	1.343	1.008	0.856	1.004	0.582	0.812	0.661	
0.892	1.324	1.189	1.729	0.576	1.367	1.000	1.185	0.833	1.198	0.810	0.730	0.892	0.651	0.624	
0.559	0.853	1.323	1.774	1.447	1.032	1.787	1.015	0.743	1.023	0.683	0.701	0.624	0.809	0.628	
1.047	0.787	2.222	0.812	1.946	0.719	0.957	1.162	0.792	0.906	0.733	0.772	0.797	0.726	0.624	
1.490	0.680	0.476	2.020	1.770	1.068	1.270	0.894	0.830	0.854	0.865	0.616	0.656	0.818	0.692	
0.968	1.153	1.198	1.093	1.748	1.469	0.943	1.291	0.981	0.825	0.735	0.608	0.746	0.628	0.615	
1.384	1.387	1.263	1.463	1.110	1.406	0.696	1.035	0.820	0.733	0.736	0.882	0.843	0.616	0.628	
0.651	1.960	1.151	1.371	1.361	0.984	0.910	0.758	0.756	1.157	1.085	0.852	0.767	0.627	0.609	
0.947	1.552	0.735	1.714	1.150	1.644	0.644	1.186	0.789	1.012	0.777	0.717	0.655	0.812	0.666	
0.648	1.270	1.012	2.067	0.834	1.352	1.024	1.191	0.959	0.735	0.724	1.162	0.775	0.625	0.622	
0.927	1.497	0.442	1.417	1.073	1.630	0.863	1.432	1.096	1.100	0.866	0.602	0.781	0.627	0.647	
1.059	1.104	1.220	1.329	1.234	1.064	0.894	0.854	1.275	0.843	1.121	0.849	0.747	0.752	0.654	
1.307	1.624	1.709	1.191	1.019	0.880	1.124	0.734	0.918	0.597	0.950	0.772	0.760	0.802	0.614	
2.070	0.886	0.894	0.826	1.103	1.661	1.024	0.753	0.849	0.960	0.964	0.740	0.628	0.987	0.656	
0.797	0.783	2.087	1.242	1.604	0.863	1.087	0.894	0.936	1.164	0.749	0.753	0.765	0.655	0.622	
2.083	0.985	0.444	1.312	1.282	1.164	0.907	1.214	0.941	1.078	0.711	0.793	0.796	0.641	0.650	
0.749	1.289	1.208	1.246	1.711	0.925	1.087	0.933	1.188	0.642	0.917	0.867	0.949	0.666	0.622	
1.390	1.530	0.801	1.103	1.451	1.333	1.348	0.795	1.040	0.707	0.747	0.741	0.753	0.611	0.649	
1.014	1.164	1.704	0.943	1.258	1.062	0.963	0.828	0.734	1.199	0.944	0.808	0.845	0.876	0.658	
0.877	0.883	1.538	1.586	1.567	1.342	1.107	1.001	0.915	0.670	0.884	0.614	0.734	0.627	0.655	
0.691	1.116	0.897	1.476	1.735	0.804	0.910	1.560	0.970	0.916	1.056	0.854	0.758	0.637	0.620	
0.928	1.008	1.374	1.396	1.751	1.104	0.891	1.262	0.747	0.808	0.791	0.915	0.744	0.616	0.666	
1.804	0.688	0.995	0.906	1.718	1.001	0.933	1.333	0.848	1.180	0.771	0.777	0.618	0.779	0.648	
0.510	1.422	0.694	1.911	1.626	1.512	0.884	0.752	0.750	1.003	1.214	0.598	0.825	0.687	0.610	
1.347	1.379	1.138	1.099	1.186	0.856	1.376	1.193	0.717	0.909	0.825	0.732	0.793	0.807	0.643	
0.911	1.213	1.290	0.916	1.696	1.352	1.216	0.904	0.919	0.755	0.902	0.760	0.747	0.770	0.649	
0.767	1.130	0.964	1.714	1.733	0.921	1.430	0.874	0.930	0.917	0.798	0.796	0.785	0.610	0.631	
1.264	1.179	0.249	1.654	1.916	0.677	1.223	0.770	1.193	1.091	0.977	0.852	0.569	0.741	0.646	
1.486	1.207	1.267	1.093	1.207	1.069	1.034	0.953	1.109	0.847	0.850	0.651	0.793	0.793	0.640	
1.240	1.631	0.670	1.610	1.357	1.046	0.922	0.917	1.268	0.726	0.916	0.632	0.707	0.726	0.631	
0.965	0.822	1.349	0.875	1.486	0.916	1.582	1.083	1.463	0.837	1.036	0.727	0.606	0.623	0.629	
1.215	1.068	0.520	2.331	0.954	1.064	1.330	0.990	1.047	0.699	0.832	0.663	1.067	0.591	0.630	
1.521	0.360	1.679	1.126	1.180	1.052	1.450	1.054	1.232	0.715	0.919	0.818	0.620	0.632	0.641	
1.582	0.711	1.495	1.071	1.233	0.721	1.337	1.207	0.996	0.990	0.583	0.750	0.838	0.828	0.658	
1.319	1.594	0.939	0.948	1.043	1.094	1.327	1.477	0.884	0.812	0.733	0.784	0.783	0.633	0.630	
1.074	0.780	1.228	1.821	1.209	1.076	1.126	1.198	0.748	1.008	0.748	0.762	0.770	0.785	0.666	
1.035	1.056	0.952	2.145	1.393	0.807	1.110	0.917	0.723	1.088	0.919	0.787	0.827	0.619	0.620	
0.984	0.670	1.993	1.353	0.894	0.970	1.211	1.269	1.091	0.766	0.723	0.777	1.053	0.620	0.625	
1.005	0.921	1.928	1.742	1.117	0.762	1.333	1.087	0.604	0.899	0.745	0.873	0.727	0.626	0.631	
1.554	0.883	1.151	1.193	1.784	1.039	1.047	0.767	0.728	0.756	0.585	1.142	1.119	0.645	0.608	
0.620	1.098	1.056	1.534	1.176	1.423	1.631	1.160	0.875	0.730	0.850	0.727	0.855	0.640	0.624	
1.376	0.708	0.774	1.428	1.739	1.037	1.083	1.210	1.121	0.763	1.103	0.644	0.770	0.614	0.632	
0.640	2.028	1.245	1.177	1.007	1.139	1.253	1.153	0.872	1.040	0.607	0.797	0.792	0.624	0.625	
0.787	1.178	0.668	1.038	1.292	1.864	1.522	0.720	1.139	0.757	1.186	1.002	0.622	0.619	0.607	
0.922	1.702	0.562	1.593	1.395	0.968	0.924	0.879	0.765	0.987	0.968	1.165	0.774	0.797	0.599	
1.255	1.052	1.273	1.802	1.035	1.009	0.961	1.054	0.869	0.935	0.983	0.641	0.899	0.625	0.607	
0.783	0.684	2.017	0.916	1.076	1.426	0.883	1.129	1.355	0.744	0.950	0.921	0.875	0.613	0.628	
1.605	0.658	0.710	1.456	1.172	1.380	1.021	0.793	1.165	0.815	1.022	0.974	0.788	0.800	0.642	
1.349	1.198	1.566	1.327	1.039	1.275	0.907	0.759	0.955	0.892	1.101	0.627	0.625	0.758	0.622	
0.956	0.974	0.560	2.010	1.516	1.274	1.066	0.959	0.928	0.756	0.967	0.797	0.790	0.726	0.720	
0.761	0.767	1.024	2.063	1.736	1.240	1.560	0.780	0.723	0.771	0.729	0.606	0.820	0.782	0.638	
1.290	1.179	1.293	1.007	1.565	1.237	0.761	1.071	0.892	0.819	0.732	0.947	0.934	0.638	0.634	
1.044	1.042	1.052	1.683	1.546	1.012	0.922	0.931	0.699	0.919	1.022	0.802	1.033	0.650	0.644	
0.736	0.702	1.296	1.332	1.652	1.511	0.807	0.727	1.300	0.733	1.188	0.890	0.613	0.848	0.666	
1.231	1.378	1.306	0.923	1.217	1.092	1.452	0.973	1.110	0.722	0.717	0.827	0.630	0.798	0.624	
2.011	0.621	0.602	1.511	1.585	1.055	1.416	0.772	0.972	0.741	0.601	0.839	0.819	0.831	0.625	
1.441	1.105	1.765	1.093	1.067	0.957	0.761	1.038	1.236	0.745	0.900	0.635	0.795	0.805	0.658	
1.705	1.161	0.887	1.085	1.219	0.973	1.663	1.036	0.765	0.849	0.723	0.777	0.787	0.742	0.627	
0.525	0.804	1.245	2.382	1.356	1.314	0.932	1.138	0.876	1.013	0.690	0.770	0.736	0.598	0.621	
1.274	1.057	0.474	1.352	2.010	0.961	1.229	1.079	0.896	1.114	0.739	0.789	0.782	0.609	0.634	
1.104	0.686	1.117	1.707	1.187	0.941	1.058	1.265	0.973	0.833	1.014	0.761	1.074	0.658	0.623	
1.200	0.679	1.664	1.196	0.844	0.957	1.227	1.093	1.046	1.146	1.169	0.791	0.684	0.590	0.713	
1.242	0.662	0.973	1.435	1.375	1.700	0.908	1.161	0.823	0.845	0.777	1.025	0.796	0.639	0.640	
1.561	0.735	0.767	1.464	1.509	1.126	1.014	1.559	0.715	1.060	0.718	0.883	0.636	0.643	0.609	
1.730	1.265	0.655	1.294	1.131	1.272	0.693	0.993	1.106	1.355	0.640	0.738	0.776	0.734	0.617	
0.978	1.331	1.123	1.640	0.761	1.973	0.832	0.920	0.909	0.943	0.794	0.783	0.813	0.633	0.566	
1.082	0.749	1.894	0.995	0.905	1.417	1.229	0.996	1.081	0.977	0.764	0.604	0.930	0.734	0.643	
1.277	0.822	1.487	1.413	1.662	0.964	0.758	0.997	0.925	0.776	0.777	0.918	0.981	0.622	0.622	
0.711	1.009	1.557	1.686	0.860	1.223	1.368	0.882	0.894	1.147	0.784	0.818	0.802	0.618	0.641	
0.993	0.872	1.928	1.676	0.900	1.116	0.709	1.150	1.100	0.723	0.951	0.628	0.777	0.863	0.616	
0.790	0.282	1.793	1.898	1.292	0.833	1.952	0.907	0.964	0.716	0.706	0.841	0.808	0.617	0.599	
0.894	1.373	1.559	1.959	0.972	0.746	1.116	0.962	0.772	1.084	0.795	0.762	0.606	0.769	0.632	
2.434	1.302	0.747	0.864	0.899	0.828	0.895	1.164	0.874	1.193	0.875	0.762	0.763	0.784	0.616	
1.242	1.177	0.838	1.535	1.399	0.921	1.357	1.035	0.996	0.843	0.784	0.848	0.772	0.645	0.608	
1.081	1.273	0.991	1.498	1.399	1.691	0.954	1.127	0.945	0.700	0.621	0.748	0.598	0.747	0.628	
1.633	0.685	1.323	1.440	1.292	0.750	0.990	0.920	0.781	1.022	1.061	0.879	0.774	0.804	0.648	
2.315	0.869	0.828	1.398	0.776	1.286	1.235	1.002	0.571	0.907	0.922	0.730	0.890	0.632	0.638	
1.036	1.254	0.603	1.504	1.437	1.398	1.379	1.248	0.830	0.758	0.816	0.832	0.615	0.621	0.668	
1.171	0.698	1.351	1.403	1.904	0.795	0.783	1.146	1.131	1.239	0.589	0.600	0.724	0.815	0.651	
0.765	0.940	0.988	2.623	1.418	1.124	0.739	1.053	0.951	0.760	0.768	1.022	0.632	0.633	0.583	
0.855	2.115	1.070	0.937	1.461	0.910	1.195	0.979	0.885	0.576	0.621	1.085	0.800	0.836	0.675	
1.246	0.940	0.975	1.336	1.338	1.323	0.981	1.680	0.941	0.791	0.736	0.700	0.732	0.640	0.642	
0.354	1.293	1.252	1.310	1.014	0.915	1.334	1.440	0.995	0.862	1.224	0.776	0.780	0.804	0.644	
0.881	1.598	0.601	1.618	1.652	1.023	0.906	1.060	0.979	0.878	0.859	0.719	0.938	0.638	0.649	
0.883	1.403	1.422	1.060	1.472	0.713	1.273	1.164	1.122	0.815	0.695	0.803	0.736	0.775	0.663	
1.135	1.672	1.305	1.221	1.475	0.947	1.092	0.936	0.750	0.926	0.745	0.776	0.751	0.629	0.638	
1.513	1.321	1.198	0.890	1.231	0.898	1.065	0.998	0.833	1.171	0.878	0.982	0.643	0.751	0.627	
1.249	0.976	1.151	1.877	1.110	0.741	1.634	0.966	0.923	0.603	0.937	0.795	0.619	0.806	0.614	
0.335	2.089	0.985	1.587	1.296	0.868	1.428	0.740	0.721	1.106	1.010	0.865	0.737	0.597	0.635	
0.656	1.352	1.116	1.121	1.400	1.383	1.113	0.739	1.373	0.858	0.714	0.925	0.966	0.636	0.648	
1.230	1.079	0.915	1.806	1.107	1.181	1.230	1.063	1.150	0.879	0.595	0.617	0.741	0.768	0.639	
1.563	0.421	1.195	1.766	0.992	0.796	0.755	1.446	1.318	1.008	0.898	0.793	0.638	0.748	0.662	
1.768	1.306	0.703	0.854	1.409	1.459	0.734	1.081	0.987	0.802	0.739	0.919	0.785	0.789	0.664	
1.976	0.519	0.827	1.161	1.314	1.134	0.896	1.614	1.003	0.918	0.788	0.779	0.738	0.692	0.640	
0.991	0.878	1.427	1.664	1.855	0.725	0.890	1.128	0.777	0.851	0.768	0.918	0.749	0.735	0.644	
1.137	1.771	0.830	1.389	0.914	1.588	0.828	1.173	0.734	0.857	0.753	0.869	0.883	0.637	0.638	
1.428	0.962	0.649	2.108	1.197	0.765	1.185	0.842	1.069	1.068	0.750	0.788	0.756	0.788	0.646	
0.993	1.138	0.725	1.941	1.677	1.085	1.114	1.035	0.852	0.839	0.811	0.948	0.651	0.568	0.624	
1.092	1.394	1.615	1.404	1.240	0.999	0.989	0.947	0.854	0.733	0.913	0.735	0.835	0.622	0.630	
1.334	0.499	1.330	0.918	1.526	1.611	1.053	1.083	0.724	0.932	0.818	0.760	0.868	0.892	0.653	
0.993	0.933	1.211	1.704	1.763	0.963	1.145	1.330	0.877	0.734	0.795	0.601	0.712	0.636	0.602	
1.667	0.698	1.350	1.179	0.770	0.870	1.382	1.149	0.963	0.853	1.081	0.905	0.830	0.619	0.684	
0.837	0.512	1.424	1.486	1.082	1.497	1.294	1.180	0.788	1.073	0.770	0.805	0.963	0.613	0.676	
0.913	1.320	1.090	1.204	1.103	1.501	1.516	0.773	1.088	0.726	0.959	0.754	0.799	0.610	0.643	
0.516	1.182	0.971	1.260	1.274	1.775	1.478	1.015	0.797	0.944	0.954	0.727	0.807	0.610	0.689	
2.029	0.629	0.912	1.601	1.276	1.240	0.969	1.049	0.786	0.800	1.056	0.629	0.807	0.588	0.630	
1.476	0.779	0.709	2.080	1.037	1.300	0.889	1.255	0.809	0.688	1.142	0.598	1.027	0.674	0.538	
1.003	1.205	1.167	1.289	0.852	1.474	0.822	1.599	1.125	0.968	0.782	0.748	0.555	0.751	0.660	
1.023	0.846	1.651	1.284	1.404	0.892	1.192	0.874	1.309	0.852	0.977	0.612	0.836	0.636	0.613	
0.536	1.742	1.068	1.307	1.470	1.123	0.892	1.060	1.266	0.868	0.764	0.969	0.586	0.682	0.666	
0.929	1.130	1.642	1.375	1.275	1.017	0.954	1.373	0.979	0.725	0.765	0.872	0.728	0.613	0.622	
1.609	1.466	1.043	1.550	0.834	0.952	0.983	1.181	1.105	0.731	0.831	0.719	0.738	0.644	0.615	
0.380	1.360	0.998	1.811	1.649	1.240	0.763	0.908	0.726	1.602	0.727	0.814	0.766	0.645	0.610	
1.191	0.601	1.216	1.624	1.077	1.024	1.273	1.552	1.090	0.788	0.781	0.559	0.881	0.678	0.666	
1.035	1.483	0.959	1.299	1.379	0.976	0.850	0.933	1.121	1.155	0.772	1.168	0.598	0.646	0.627	
0.896	0.929	1.792	1.490	1.193	0.969	1.286	1.017	1.096	0.725	0.672	0.987	0.602	0.723	0.622	
1.313	1.303	0.475	1.323	1.454	1.351	1.260	0.955	1.273	0.878	0.762	0.714	0.606	0.700	0.633	
0.827	1.982	1.112	1.306	1.467	1.100	0.931	1.164	0.728	0.948	0.787	0.657	0.591	0.766	0.636	
1.444	1.395	1.125	1.447	1.414	1.017	1.096	0.830	0.824	0.833	0.727	0.808	0.606	0.797	0.635	
1.423	1.207	1.124	1.215	1.527	1.275	1.041	0.710	1.064	0.848	0.934	0.622	0.785	0.616	0.610	
1.041	1.130	1.126	1.318	0.937	1.419	1.671	0.840	1.021	0.809	0.633	0.840	0.771	0.795	0.649	
0.954	0.805	1.153	1.972	1.524	1.219	1.316	1.046	0.898	0.752	0.645	0.799	0.767	0.549	0.603	
0.997	0.803	1.303	2.358	1.009	1.055	1.372	0.535	1.041	0.739	0.729	1.061	0.631	0.730	0.636	
1.488	1.189	0.746	1.236	1.455	0.956	1.141	1.290	0.789	1.017	1.075	0.765	0.604	0.626	0.623	
0.467	0.890	1.450	1.403	1.946	1.362	1.093	0.564	1.017	0.927	0.920	0.954	0.611	0.770	0.626	
1.062	1.344	0.713	2.134	1.192	1.382	0.929	1.178	0.757	0.743	0.746	0.743	0.795	0.652	0.629	
0.800	0.733	1.220	1.731	1.818	1.112	0.951	0.790	1.248	0.961	0.969	0.781	0.645	0.638	0.602	
1.515	0.957	1.329	1.344	0.910	1.302	0.936	1.011	1.362	0.811	0.757	0.611	0.742	0.769	0.645	
1.337	1.204	0.988	1.555	1.022	1.017	1.275	0.734	0.889	1.077	0.771	1.032	0.668	0.807	0.624	
1.428	2.029	0.489	1.053	1.568	0.905	1.145	1.072	0.946	0.634	0.852	0.781	0.638	0.860	0.600	
0.994	1.019	1.459	1.997	1.073	1.186	0.716	0.895	1.201	0.834	0.978	0.764	0.623	0.622	0.639	
1.416	1.464	0.895	1.656	1.147	1.450	0.904	0.938	0.811	0.743	0.769	0.772	0.607	0.787	0.643	
0.487	1.125	1.495	1.435	1.275	1.332	1.402	0.745	0.914	0.754	0.952	0.948	0.751	0.754	0.631	
1.033	1.035	0.915	1.107	1.921	0.979	1.931	0.930	0.731	0.690	0.873	0.745	0.860	0.622	0.630	
1.279	1.263	1.169	1.242	1.215	1.371	1.462	0.737	0.920	0.772	0.964	0.634	0.729	0.636	0.608	
1.317	0.763	1.080	1.698	1.351	1.209	0.772	0.895	0.888	1.133	0.852	0.890	0.767	0.773	0.612	
1.449	1.033	0.925	1.418	1.282	1.227	1.346	0.844	0.894	0.794	0.897	0.601	0.738	0.875	0.678	
0.874	1.251	0.829	1.589	1.025	1.283	2.012	0.916	1.042	0.749	0.881	0.717	0.615	0.625	0.592	
0.745	1.158	0.581	1.659	1.390	1.493	1.170	1.144	0.675	1.114	0.887	0.743	0.788	0.817	0.634	
0.579	1.419	1.108	1.391	1.484	1.223	1.463	0.882	0.905	0.598	0.929	0.814	0.630	0.960	0.616	
0.715	1.413	1.516	1.906	0.877	1.108	0.908	1.139	0.858	0.730	1.030	0.768	0.595	0.794	0.643	
0.924	1.125	0.894	1.589	1.922	0.891	1.155	0.983	1.138	0.774	0.767	0.776	0.820	0.620	0.622	
0.809	1.151	0.637	2.180	1.176	1.244	0.925	0.925	1.160	0.814	1.192	0.864	0.622	0.672	0.628	
0.716	0.923	1.785	1.221	1.483	1.411	1.316	0.697	1.145	0.755	0.841	0.782	0.649	0.615	0.660	
1.066	0.403	1.182	1.936	1.364	1.448	1.207	1.047	0.910	0.891	0.588	0.733	0.782	0.766	0.677	
1.150	1.425	0.610	1.208	1.001	1.110	1.275	0.934	1.393	1.471	0.809	0.613	0.756	0.634	0.611	
0.587	1.188	0.839	1.916	1.522	0.953	1.151	1.166	0.838	0.784	1.041	0.949	0.807	0.627	0.630	
1.093	0.841	1.270	1.038	1.235	1.233	1.258	1.336	1.005	0.938	0.930	0.605	0.849	0.742	0.627	
0.607	1.401	1.048	2.246	1.027	0.966	1.251	1.174	0.964	0.615	0.794	0.751	0.729	0.799	0.628	
1.052	1.484	1.204	1.841	0.867	1.194	1.038	0.948	1.065	0.746	0.766	0.783	0.750	0.623	0.638	
1.973	1.286	0.188	2.094	1.217	0.900	1.095	0.720	1.205	0.619	0.929	0.819	0.722	0.606	0.628	
1.763	0.838	0.939	1.102	1.278	1.066	1.674	0.925	0.917	0.893	0.591	0.980	0.785	0.629	0.620	
0.994	1.024	1.568	1.204	1.313	1.248	1.085	0.972	1.177	0.999	0.603	0.796	0.635	0.796	0.586	
1.115	1.183	1.018	1.110	1.484	1.172	1.088	0.900	1.264	0.922	0.824	0.804	0.757	0.728	0.632	
0.881	1.511	1.213	1.320	1.145	1.379	1.075	1.355	0.746	0.712	0.734	0.711	0.840	0.731	0.646	
0.902	1.374	0.887	1.734	1.110	1.305	1.100	0.997	1.177	0.799	0.632	1.000	0.765	0.621	0.597	
1.105	1.506	1.626	0.882	1.027	0.908	1.240	1.008	1.313	0.842	0.628	0.770	0.781	0.749	0.615	
0.928	0.392	1.579	1.181	1.464	1.218	1.408	0.709	0.921	0.943	1.134	1.116	0.731	0.638	0.637	
1.780	1.052	0.731	0.895	1.084	1.773	0.699	1.551	0.828	0.848	1.191	0.610	0.612	0.710	0.636	
1.013	0.982	0.928	1.609	1.934	0.831	1.189	0.948	0.899	0.730	0.849	1.081	0.730	0.623	0.654	
0.936	1.601	0.668	2.094	1.228	0.832	1.028	1.206	0.760	0.965	0.749	1.092	0.594	0.619	0.628	
0.902	0.981	1.228	1.410	0.858	1.210	1.181	1.464	1.445	0.975	0.766	0.608	0.723	0.627	0.623	
0.468	0.642	1.202	1.832	2.012	0.929	1.319	0.930	0.957	0.961	0.779	0.804	0.748	0.783	0.633	
1.252	1.214	0.802	1.992	0.873	1.650	1.168	0.989	0.630	0.744	0.925	0.613	0.769	0.744	0.635	
0.609	1.047	1.789	1.481	1.201	1.378	0.807	1.053	0.929	0.749	0.858	1.084	0.758	0.607	0.651	
1.466	0.949	0.399	1.825	1.147	1.374	1.270	0.829	0.851	1.013	0.957	0.737	0.901	0.642	0.639	
1.155	0.870	1.568	1.230	1.548	1.008	1.516	1.139	0.721	0.591	0.948	0.705	0.738	0.644	0.620	
1.400	0.417	1.264	1.198	0.768	1.408	0.905	1.977	0.707	1.287	1.086	0.737	0.621	0.619	0.606	
1.098	1.205	1.045	1.432	1.093	1.988	1.241	0.560	0.730	0.610	0.738	0.998	0.833	0.788	0.642	
0.899	1.157	0.989	1.472	1.240	1.268	1.118	1.029	1.366	0.707	0.719	0.997	0.636	0.760	0.643	
1.507	0.459	1.828	1.352	0.692	1.048	1.504	0.788	0.897	1.042	0.920	0.748	0.806	0.759	0.651	
0.732	1.188	1.002	2.484	0.921	1.158	1.290	1.023	1.057	0.777	0.616	0.641	0.774	0.732	0.604	
0.709	1.851	0.924	1.274	1.297	1.004	0.876	1.421	0.816	0.776	1.132	0.896	0.637	0.752	0.634	
0.793	1.825	0.816	1.499	1.100	1.261	0.991	1.122	0.826	0.864	0.888	0.829	0.740	0.788	0.660	
1.331	1.471	0.698	1.716	1.158	0.886	1.327	0.709	0.729	0.833	0.737	0.996	0.866	0.880	0.663	
1.229	0.735	1.660	1.535	0.908	1.250	1.116	0.893	1.321	0.852	0.792	0.723	0.657	0.706	0.623	
1.223	2.003	1.426	1.034	1.024	1.165	1.331	0.894	0.844	0.744	0.766	0.634	0.572	0.725	0.615	
1.052	0.833	1.196	1.564	1.423	1.360	1.082	1.277	0.932	0.791	0.621	0.786	0.748	0.726	0.610	
1.125	1.218	0.921	1.756	0.995	0.748	1.414	1.147	0.814	0.603	1.160	1.078	0.735	0.632	0.653	
1.319	0.655	1.375	1.466	1.756	1.148	0.989	0.910	0.933	0.944	0.721	0.761	0.633	0.727	0.662	
1.374	0.950	0.945	2.216	0.966	1.313	0.756	1.022	0.937	0.986	0.717	0.786	0.820	0.580	0.631	
0.835	1.263	0.699	1.333	1.773	2.078	0.949	0.971	0.880	0.782	0.601	0.698	0.850	0.647	0.643	
0.659	0.999	1.656	1.390	1.549	0.967	1.077	0.862	1.414	0.625	0.789	0.809	0.773	0.801	0.630	
1.818	0.568	1.377	1.531	1.294	1.032	0.765	1.483	0.590	0.685	0.738	0.595	0.999	0.830	0.695	
1.094	0.985	0.962	1.871	1.191	1.064	0.927	0.844	1.176	1.061	0.935	0.623	0.818	0.812	0.638	
0.789	1.931	0.877	1.015	1.052	1.332	0.769	1.134	0.940	1.363	0.785	0.914	0.806	0.625	0.668	
1.142	0.910	2.137	0.862	1.437	1.093	0.768	1.154	0.684	0.811	1.084	0.877	0.808	0.613	0.618	
0.777	0.990	1.515	1.173	1.008	1.042	1.488	1.279	1.074	0.783	0.778	0.959	0.751	0.735	0.648	
1.463	1.301	0.780	1.116	1.168	1.279	1.348	1.227	0.998	0.776	0.597	0.799	0.906	0.659	0.582	
1.618	0.748	1.026	1.283	0.990	1.399	0.921	1.304	0.964	0.818	0.799	0.763	0.948	0.773	0.646	
0.757	1.704	1.472	1.936	1.051	0.781	0.900	0.760	0.984	0.878	1.089	0.807	0.623	0.635	0.621	
1.550	0.884	1.345	0.996	1.124	1.240	1.318	0.888	0.748	1.219	0.930	0.600	0.754	0.760	0.646	
0.679	0.913	1.062	1.436	1.956	1.321	1.231	1.017	0.872	0.867	0.828	0.623	0.757	0.808	0.630	
1.287	1.064	0.964	2.173	1.121	1.452	1.009	0.869	0.727	0.835	0.744	0.908	0.617	0.616	0.614	
0.934	1.288	1.184	1.136	1.200	0.828	1.436	0.938	0.699	1.261	0.836	0.871	0.949	0.808	0.633	
1.463	1.318	1.221	1.437	0.993	0.965	1.022	0.696	1.026	1.018	0.764	1.071	0.723	0.633	0.649	
1.861	0.687	1.361	1.270	1.537	0.896	0.899	0.889	0.946	0.940	0.704	0.727	0.836	0.780	0.667	
0.720	0.940	1.106	2.124	0.977	1.502	1.175	1.254	0.761	0.866	0.712	0.837	0.779	0.644	0.601	
0.831	1.513	1.312	1.289	1.707	1.186	0.726	0.975	0.761	0.817	0.769	0.936	0.768	0.791	0.618	
0.620	1.555	0.495	2.091	1.049	0.790	1.397	1.094	1.430	0.821	0.870	0.616	0.731	0.798	0.644	
0.945	0.932	1.115	1.270	1.658	1.838	0.928	0.712	0.899	0.850	0.843	0.816	0.775	0.805	0.615	
0.871	1.984	0.784	1.586	1.592	1.182	1.138	0.539	0.848	0.846	0.766	0.830	0.620	0.762	0.653	
1.295	1.361	0.986	1.363	1.479	0.920	1.034	1.029	1.081	0.930	0.750	0.768	0.746	0.608	0.648	
0.518	1.431	1.690	1.213	1.111	1.705	0.856	0.875	1.323	0.835	0.691	0.719	0.768	0.585	0.682	
1.544	1.131	0.923	1.332	0.800	1.385	0.886	1.466	0.991	0.744	0.791	0.859	0.754	0.762	0.632	
1.098	0.812	1.275	1.309	1.963	1.047	1.159	0.750	0.780	0.694	0.973	0.955	0.793	0.737	0.655	
1.199	0.692	1.108	1.674	1.368	1.255	1.168	0.928	0.951	0.791	0.764	0.724	0.857	0.868	0.654	
0.721	1.353	1.373	1.545	0.981	1.057	0.954	1.114	1.191	0.790	0.963	0.869	0.641	0.793	0.655	
0.965	1.772	1.197	1.143	1.195	0.911	1.086	1.026	1.221	1.113	0.758	0.626	0.753	0.626	0.608	
1.134	1.104	0.969	1.243	1.346	1.205	1.144	0.936	1.588	0.595	0.756	0.924	0.810	0.641	0.605	
1.643	0.623	1.047	1.831	0.807	1.077	0.935	0.980	0.915	0.944	1.035	1.107	0.798	0.615	0.645	
1.185	1.042	0.887	1.509	1.103	1.411	1.053	1.538	0.740	0.859	0.734	0.894	0.758	0.644	0.645	
1.027	1.217	0.796	1.113	1.377	1.784	0.808	1.046	1.020	0.868	0.609	0.773	1.310	0.633	0.619	
1.504	0.887	1.421	1.579	0.957	0.927	0.759	1.093	0.925	0.787	0.987	1.117	0.791	0.639	0.627	
0.836	1.063	0.965	1.779	1.460	1.055	0.926	1.016	1.232	1.007	0.903	0.724	0.749	0.654	0.631	
0.815	1.015	0.820	2.073	1.320	0.900	1.543	1.224	0.918	0.938	0.757	0.763	0.718	0.643	0.552	
0.645	1.265	0.967	2.055	1.307	1.265	0.912	0.997	1.143	0.746	0.840	0.739	0.844	0.630	0.646	
1.325	0.845	1.421	1.028	1.527	0.759	1.594	0.786	0.737	0.778	1.115	0.750	0.931	0.772	0.634	
1.526	0.403	2.765	0.706	1.080	0.706	0.888	0.865	0.976	1.003	0.892	0.934	0.772	0.782	0.703	
0.732	0.666	1.449	1.510	1.669	1.274	0.775	1.233	0.886	0.806	1.314	0.819	0.596	0.610	0.659	
0.908	1.012	0.828	1.163	2.044	1.215	1.442	0.913	0.914	0.783	0.961	0.794	0.631	0.760	0.631	
0.969	0.900	1.493	1.203	1.002	0.980	1.149	1.132	0.987	1.506	0.783	0.750	0.721	0.761	0.662	
0.687	1.686	0.895	1.873	1.128	0.929	0.775	1.319	1.078	0.941	0.841	0.807	0.832	0.528	0.683	
0.548	1.161	0.779	1.835	1.276	1.646	1.263	0.785	0.835	0.747	0.993	1.114	0.749	0.608	0.661	
0.730	1.923	0.766	1.679	0.905	0.715	1.208	1.406	1.247	0.902	0.873	0.632	0.804	0.620	0.590	
1.179	0.603	2.040	1.516	0.844	1.061	1.015	1.155	1.311	0.746	0.600	0.976	0.641	0.688	0.625	
1.570	1.297	0.854	1.042	1.526	0.876	1.069	1.152	0.884	0.901	0.977	0.719	0.631	0.863	0.640	
1.225	1.670	1.125	1.127	1.171	1.162	0.851	1.207	1.144	0.820	0.732	0.640	0.754	0.752	0.620	
0.916	1.089	0.881	1.089	1.367	1.450	0.937	0.992	1.580	1.071	0.753	0.834	0.770	0.652	0.617	
0.612	0.920	2.106	1.598	1.833	0.866	0.824	1.108	0.887	0.906	0.777	0.619	0.694	0.622	0.628	
0.582	0.984	1.696	1.590	1.050	1.461	1.057	1.009	0.857	0.813	1.018	0.743	0.868	0.644	0.629	
1.146	0.639	0.816	1.907	1.179	2.039	1.053	0.851	0.880	0.744	0.944	0.836	0.768	0.577	0.622	
0.862	1.302	0.810	1.405	1.168	1.247	1.323	0.780	1.319	0.980	0.776	0.959	0.808	0.627	0.634	
0.457	1.451	0.934	1.429	1.168	1.405	1.413	0.846	0.920	1.189	0.828	0.857	0.646	0.830	0.627	
1.794	1.131	0.980	1.688	0.779	1.239	0.905	0.891	0.755	1.194	0.778	0.697	0.763	0.753	0.653	
0.925	1.690	1.297	1.250	1.372	0.885	1.094	1.217	1.197	0.782	0.593	0.712	0.748	0.604	0.633	
0.540	1.323	0.801	1.742	1.363	1.871	1.013	0.951	1.041	0.866	0.776	0.864	0.623	0.611	0.615	
1.274	1.112	0.659	1.680	0.921	1.211	1.208	1.103	1.202	1.004	0.776	0.759	0.817	0.624	0.649	
0.809	0.840	1.476	1.851	1.140	1.261	1.172	1.045	0.902	0.817	1.064	0.618	0.755	0.613	0.637	
0.830	1.303	1.303	1.564	1.382	0.993	0.870	0.917	1.087	0.938	0.972	0.779	0.632	0.761	0.668	
1.060	0.807	1.284	1.301	0.762	1.985	1.514	0.887	0.709	0.594	1.087	0.861	0.745	0.752	0.652	
0.948	1.045	0.744	1.771	1.334	1.094	1.142	1.459	0.604	1.210	0.869	0.755	0.785	0.645	0.595	
1.566	0.734	1.104	1.223	1.030	1.100	1.522	1.283	1.330	0.749	0.770	0.596	0.614	0.730	0.649	
1.145	1.183	1.265	1.443	1.171	1.445	1.264	0.755	0.856	0.862	0.700	0.988	0.664	0.633	0.624	
1.201	1.165	1.342	1.308	1.751	0.722	0.955	1.467	0.742	1.065	0.700	0.723	0.612	0.611	0.636	
1.129	0.858	0.638	1.822	1.791	0.972	1.003	0.914	0.863	1.095	1.016	0.641	0.798	0.819	0.641	
1.667	0.668	1.134	1.734	1.086	1.216	1.070	0.934	0.594	1.237	0.776	0.743	0.765	0.747	0.630	
1.234	0.759	1.199	1.352	0.892	1.093	1.917	1.034	0.748	0.913	0.839	0.971	0.795	0.632	0.623	
0.497	1.313	1.115	1.792	1.145	1.547	1.150	0.577	1.101	0.923	0.736	0.819	0.832	0.815	0.638	
1.137	1.138	0.700	2.124	1.111	0.989	0.934	1.127	1.388	0.788	0.785	0.775	0.775	0.613	0.618	
1.311	0.802	0.813	1.897	1.263	1.232	0.912	0.833	1.459	0.740	1.006	0.743	0.726	0.642	0.623	
2.220	0.890	0.477	1.232	1.381	1.624	0.745	1.005	0.807	0.887	1.013	0.833	0.597	0.652	0.638	
0.950	0.922	0.977	1.252	1.281	1.761	1.316	0.942	0.952	0.844	1.019	0.780	0.632	0.742	0.631	
0.929	1.054	1.349	1.994	1.262	1.491	0.847	0.885	0.593	0.884	0.960	0.622	0.774	0.725	0.629	
1.134	1.551	0.762	1.829	0.968	0.957	1.350	0.993	1.018	0.611	0.992	0.843	0.638	0.733	0.621	
1.429	1.339	1.205	1.180	0.976	1.347	1.253	0.804	0.719	0.821	0.885	0.900	0.732	0.772	0.638	
1.872	0.531	1.003	1.266	1.382	1.317	1.160	1.430	0.913	0.806	0.775	0.716	0.623	0.600	0.607	
0.998	1.346	1.276	1.082	1.415	0.937	1.196	0.943	0.978	0.982	0.922	0.789	0.865	0.640	0.632	
0.722	1.795	0.643	1.280	1.965	1.578	0.804	0.565	0.895	0.834	1.080	0.617	0.787	0.782	0.652	
1.115	1.972	0.533	1.086	1.455	1.047	1.056	1.114	0.740	0.994	1.324	0.626	0.718	0.594	0.624	
1.731	1.173	1.197	0.958	1.073	0.955	1.300	1.524	0.744	0.725	0.933	0.719	0.727	0.605	0.637	
1.074	1.045	0.650	1.804	1.636	1.407	1.020	1.167	0.851	0.724	0.599	0.922	0.842	0.622	0.637	
1.477	1.039	1.676	1.195	1.384	0.885	1.002	1.283	0.780	0.755	0.948	0.613	0.714	0.616	0.633	
0.595	1.328	1.515	0.831	1.225	1.415	0.934	0.752	1.213	0.755	1.463	0.742	0.647	0.958	0.629	
1.609	0.155	0.701	1.596	1.978	1.223	1.119	0.766	0.986	1.122	0.817	0.555	0.759	0.748	0.865	
0.898	0.834	0.850	1.704	1.216	1.632	1.432	1.085	0.784	0.972	0.939	0.636	0.764	0.605	0.651	
0.797	1.636	0.967	1.317	0.956	2.032	1.056	0.956	0.796	0.930	0.883	0.550	0.752	0.724	0.648	
1.555	0.821	1.106	1.329	1.043	1.427	0.978	1.427	0.920	0.718	0.934	0.886	0.624	0.628	0.602	
1.297	0.793	2.040	1.414	1.308	0.891	0.962	0.892	0.876	0.773	0.943	0.738	0.640	0.797	0.635	
1.500	0.904	1.180	0.896	1.024	1.524	1.024	1.590	1.119	0.695	0.612	0.767	0.772	0.764	0.629	
1.048	1.229	1.192	1.353	1.204	0.894	1.492	1.097	0.799	0.801	0.825	0.984	0.623	0.802	0.658	
1.941	0.794	0.608	1.406	1.391	1.153	1.104	1.389	0.616	0.979	0.911	0.699	0.755	0.617	0.637	
0.388	1.374	1.637	1.295	1.855	1.035	0.738	0.751	1.038	1.078	0.898	0.754	0.881	0.603	0.675	
1.461	0.710	1.352	1.157	1.075	0.953	2.062	0.788	1.174	0.778	0.565	0.846	0.617	0.811	0.652	
1.381	0.498	1.514	1.103	2.120	1.175	0.900	1.160	0.885	0.598	0.707	0.730	0.801	0.786	0.642	
0.791	1.915	0.821	0.906	0.822	1.248	1.102	0.963	1.131	0.931	0.907	1.118	0.914	0.782	0.649	
0.746	0.651	1.104	1.757	1.362	1.361	1.190	0.971	0.929	0.599	0.899	1.390	0.745	0.650	0.647	
1.527	0.973	1.209	1.340	1.464	0.896	1.067	0.915	0.741	1.281	0.596	0.943	0.794	0.631	0.623	
0.917	1.084	1.243	1.356	2.140	0.851	1.107	0.901	0.830	0.904	0.729	0.736	0.794	0.753	0.655	
0.870	1.286	1.095	1.182	1.322	1.022	1.702	1.192	0.782	0.907	0.765	0.612	0.888	0.732	0.643	
1.332	0.515	1.400	1.707	0.811	1.153	1.254	0.956	0.904	1.187	0.950	0.835	0.746	0.631	0.619	
1.233	1.133	0.376	2.183	1.090	1.294	1.343	0.834	0.800	0.766	1.010	0.966	0.755	0.611	0.606	
0.809	1.371	1.996	1.251	1.224	1.690	0.787	0.731	0.780	0.881	0.728	0.720	0.779	0.623	0.631	
0.872	2.322	1.002	1.144	1.283	1.012	0.684	0.999	0.981	0.882	0.764	0.901	0.747	0.760	0.646	
1.741	1.406	1.177	1.192	0.951	0.887	1.293	0.916	0.865	0.607	0.922	0.782	0.794	0.803	0.663	
0.638	1.193	1.229	1.457	1.530	0.925	0.921	1.046	0.998	1.282	0.858	0.598	0.859	0.842	0.625	
1.183	0.942	1.012	1.400	1.217	1.542	0.808	1.058	0.782	0.952	1.187	0.831	0.798	0.647	0.640	
0.846	1.016	1.452	1.115	1.261	1.549	1.049	1.317	0.706	0.751	1.052	0.776	0.731	0.740	0.641	
1.103	0.712	0.671	1.726	1.924	1.369	1.149	0.885	0.900	0.818	0.836	0.922	0.611	0.739	0.635	
1.198	1.383	1.244	0.801	1.942	1.101	1.005	0.864	1.145	0.941	0.586	0.640	0.762	0.744	0.643	
1.677	0.748	1.653	1.222	1.183	1.001	0.874	1.290	1.087	0.619	0.882	0.594	0.780	0.764	0.628	
1.011	0.965	1.119	1.124	2.071	0.838	0.971	0.873	1.256	0.929	0.672	0.768	0.956	0.779	0.668	
0.921	1.446	1.362	1.248	1.383	1.215	1.084	0.889	0.709	1.051	0.749	0.795	0.779	0.736	0.634	
1.416	1.651	0.604	1.451	1.132	1.142	1.288	0.856	0.981	0.748	1.008	0.752	0.742	0.629	0.601	
0.590	1.539	0.620	1.806	1.343	1.336	1.110	1.179	0.953	0.870	0.906	0.779	0.718	0.603	0.650	
0.788	1.258	1.628	1.072	0.781	1.027	1.508	0.972	1.527	0.839	0.831	0.764	0.792	0.606	0.607	
1.122	1.454	1.494	1.613	1.030	1.081	1.012	0.868	0.805	0.905	0.821	0.732	0.621	0.805	0.637	
0.806	1.201	1.342	1.364	1.256	1.257	1.302	0.830	1.166	0.745	0.751	0.872	0.810	0.649	0.649	
1.106	1.108	1.333	1.331	0.990	1.390	1.047	1.001	0.765	1.013	0.815	0.844	0.783	0.821	0.654	
0.651	1.106	0.974	1.230	2.256	1.074	1.147	0.826	1.249	0.775	0.769	0.780	0.756	0.766	0.641	
1.720	1.026	0.742	1.565	0.798	1.592	0.924	1.127	1.003	0.989	0.620	0.836	0.786	0.642	0.632	
0.456	1.012	1.569	1.642	1.498	1.548	0.725	0.889	0.753	1.010	0.855	0.944	0.802	0.603	0.693	
1.415	1.376	0.846	0.988	1.169	2.008	1.033	0.719	0.786	1.079	0.799	0.911	0.608	0.630	0.633	
0.835	0.966	1.743	1.484	2.255	0.752	0.726	1.106	0.857	0.746	0.746	0.770	0.731	0.632	0.650	
