0,0,0,0,0,0,0,0,0,0,0,0,0,0,0,0,0,0,0,0,0,0,0,0,0,0,0,0,0,0.001,0.002,0,0,0,0,0
0,0,0,0.173,0,0,0,0,0,0,0.117,0,0,0,0,0,0,0,0,0,0.371,0,0,0,0,0,0.005,0,0,0.019,0.314,0,0,0,0,0
0,0,0,0,0,0,0,0,0,0,0,0,0,0,0,0,0,0,0,0,0,0,0,0,0,0,0,0,0,0,0,0,0,0,0,0
0,0,0,0,0,0,0,0,0,0,0.047,0,0,0,0,0,0,0,0,0.558,0,0,0,0,0,0,0,0,0,0.026,0.049,0,0,0,0,0.061
0.015,0,0,0,0,0,0,0,0,0,0.003,0,0,0,0,0,0,0,0,0,0,0,0,0,0,0,0,0,0,0.003,0.02,0,0,0,0,0
0.033,0,0,0.133,1.574,0,0,0,0.038,0.368,0.082,0,0,0.346,0,0,3.55,0.156,0,0.558,1.855,0,1.024,0,0,0.088,0,0,0,0,0,0.043,0,0,0,0
0.003,0.008,0,0,0.393,26.346,0,0,0,0,0,0,0,0.346,0,0,0,0,58.058,0.056,0,0,0,0,0,0,0,0,0,0,0,0,0,0,0,0
0,0,0,0,0,0,0,0,0,0,0,5.16,0,0,0,1.417,3.883,0.607,0,0.089,0,0,0,0,4.601,0,0.22,0.067,0.146,0,0.083,0.096,0.133,0,2.441,0.136
0.001,0.008,0,0.016,0,0,0,0,0,0.01,0,0,0,0,0,0,0,0,0,0.034,0.067,0,0,0,0,0.011,0,0,0,0,0.002,0,0,0,0,0
0,0.015,0,0.191,0,0,0,0,0,0,0.012,0,0,0,0,0.024,0,0,0,0,0,0,0,0,0,0,0.041,0,0,0.026,0.005,0,0,0,0.076,0.093
0,0,0,0,0,0,0,0,0,0,0,0,0,0,0,0,0,0,0,0,0,0,0,0,0,0,0,0,0,0.001,0.001,0,0,0,0,0
0.087,0.078,0,0.878,0,0,0,0,0.021,0.002,0,0,0,0,0,0.069,0,0,0,0.335,0.371,0,0,0,0,0.287,0.165,0.037,0,0.355,0.659,0,0,0,0,2.316
0,0,0,0,0.393,0,0,0,0,0,0,0,0,0.346,0,0,0,0,23.223,0,0,0,0,0,0,0,0,0,0,0,0,0,0,0,0,0
0,0,0,0,0,0,0,0,0,0,0,0,0,0,0,0,0,0,0,0.893,0,0,0,0,0,0,0,0,0,0.001,0.001,0,0,0,0,0
0,2.409,0.024,0,0,0,0,2.108,0.152,0,0,17.896,0,0,0,0.656,7.101,1.654,0,0.558,0.463,0,0,0,9.201,0,0.022,0.016,5.638,0,0,0,10.098,0,1.193,0
0,0,0,0.057,0,0,0,0,0,0,0,0,0,0,0,0,0,0,0,0.335,0,0,0,0,0,0,0,0.001,0,0.035,0.035,0,0,0,0,0
0,0.008,0,0.133,0.787,0,0,0,0,0,0.005,0,0,0,0,0,0,0,0,0.893,1.298,0,0,0,0,0.287,0,0,0,0,0,0,0,0,0,0
0.001,0.015,0,0.14,0,0,0,0,0.003,0.029,0.002,0,0,0,0,0.035,0,0,0,0,0.067,0,0,0,0,0.022,0.22,0,0,0.001,0.005,0,0,0,0.096,0.136
0.001,0.008,0,0.506,1.574,15.808,0,0,0.03,0.65,0.104,0,0,1.384,0,0,2.798,0,0,1.831,3.154,0,1.893,0,1.899,0.221,0,0,0,0,0.226,0.091,0,0,0,0.477
0.027,0,0.012,0,0.787,0,0,0,0,0,0.011,0,0,0,0,0,0,0,0,0,0,0,0,0,0,0,0,0,0,0.875,0.042,0,0,0,0,0.838
0,0,0.116,1.017,0,0,0,0,0,0,0,0,0,0,0,0.035,0,0,0,1.117,0,0,0,0,0,0.022,0.013,0,0,0,0,0,0,0,0,0.817
0,0,0,0,0,0,211.68,50.468,0,0,0,0.179,3.278,0,200.472,0,0,0,0,0,0,0,0,83.247,42.195,0,0,0,0,0,0,0,0,479.278,0,0
0.01,0.031,0,0.359,0,0,0,0,0,0,0,0,0,0,0,0,0,0,0,0.089,0.791,0,0,0,0,0.044,0.022,0,0,0.003,0,0,0,0,0,0
0.053,0.08,0,0.705,0.787,2.635,0,0,0.038,0.356,0,0,0,0.346,0,0.017,1.117,0,4.244,0.335,1.855,0,2.346,0,1.046,0.088,0,0,0.01,0,0,0.338,0,0,0.054,0
0.001,0,0,3.858,1.18,0,0,0,0.261,1.134,0.051,4.226,0,0.346,0,0.639,0,0.581,0,1.005,1.298,0,0.803,0,0,0.839,0.127,0.016,3.924,0,0.208,0.762,3.025,0,0.597,0.238
0,0,0,0,0,0,0,0,0,0,0,0,0,0,0,0,0,0,0,0.558,0,0,0,0,0,0,0,0,0,0,0.002,0,0,0,0,0
0,0,0,0.149,0,0,0,0,0,0,0,0,0,0,0,0,0,0,0,0,0,0,0,0,0,0,0,0,0,0,0.002,0,0,0,0,0.048
0,0,0,0.005,0,0,0,0,0,0,0,0,0,0,0,0,0,0,0,0,0,0,0,0,0,0,0,0,0,0.013,0.008,0,0,0,0,0
0.03,0.078,0.014,0.412,0,0,0,0,0.058,0.092,0,0.014,0,0,0,0.035,0,0,0,0.558,0.371,0,0,0,0,0.11,0.033,0.008,0,0.06,0.043,0,0,0,0,0.341
0,0,0,0,0,0,0,0,0,0,0,0,0,0,0,0,0,0,0,0,0,0,0,0,0,0,0,0,0,0,0.01,0,0,0,0,0
0,0,0,0,0,0,0,0,0,0,0,0,0,0,0,0,0,0,0,0,0,0,0,0,0,0,0,0,0,0,0,0,0,0,0,0
0,0.031,0,0,0,0,0,0,0,0,0,0,0,0,0,0,0,0,0,0.067,0.173,0,0,0,0,0.044,0.009,0,0,0.003,0,0,0,0,0,0
0.03,0.015,0,0.009,0,0,0,0,0.004,0.245,0,0.007,0,0,0,0.035,0,0,0,0.536,0.088,0,0,0,0,0.088,0.099,0.002,0,0.003,0.201,0,0,0,0.096,0.885
0,1.111,0.013,0,0,0,0,20.027,0,0,0,0,0,0,12.569,0.345,3.55,0,18.073,0,0.463,0,0,0,44.436,0,0,0,0.01,0,0,0,0,0,1.248,0
0,0.078,0,0,0,0,0,0,0,0,0,0,0,0,0,0.069,0,0,0,0,0.408,0,0,0,0,0,0.066,0,0,0.126,0.021,0,0,0,0,0.091
0.001,0,0,0,0,0,0,0,0,0,0.071,0,0,0,0,0,0,0,0,0,0,0,0,0,0,0,0,0,0,0.976,0.06,0,0,0,0,0
