0,0.158,0,0,0,0,0,0,0.065,0.042,0,0,0,0,0,0,0,0,0,0,0,0,0,0,0,0,0,0,0,0,0,0,0.001,0.028,0,0.141,0
0,0,0,0,0,0,0,0,0.036,0.026,0,0,0,0,0,0,0,0,0,0,0,0,0,0,0,0,0,0,0,0,0,0,0,0.019,0,0.141,0
0,0.073,0,0,0,0,0,0,0.427,0.067,0,0,0,0,0.028,0,0,0,0,0,0,0,0,0,0.018,0.002,0,0,0.136,0,0,0,0.005,0.067,0,0.635,0.15
0,0,0.138,0,1.685,0,0,0,0.413,0,0,0,0,0,0,0,0,0,0,0,0,0,0,0.321,0.107,0.006,0,0.034,0.068,0,0.033,0,0,0.015,0,0,0
0,0,1.379,0,0,0,0,0,0.434,0.091,0.485,0,0,0,0,0,0,0,2.186,0,0,0,0,6.207,0.036,0.002,0,0.103,0.272,0,0.006,4.047,0,0.023,0,0,0.957
0,0.514,3.585,0,0.842,0,0,0,2.794,0.389,2.309,1.808,0,0,0,0,0,0,1.505,0,0,0,0,1.926,0.16,0.013,0,0.121,0.823,0,0,2.058,0.013,0.067,0,1.026,0.682
0.119,0.231,0,0,0,1.077,0,0,0.072,0.016,0.047,0,0,0.016,0.022,0,0,0.152,0.025,0,0,0,0,0.107,0,0,0,0.014,0,0,0.079,0,0,0,0.171,0,0.015
0.085,0,1.518,0.351,0,0,0,0,0.138,0,0.296,0,0,0.107,0.026,0,0,0.608,0,0,0,0,0,0.107,0,0,0,0.021,0.034,0,0.035,0,0,0.034,0,0.078,0.117
0,0,0,0,0,0,0,0,0,0,0,0,0,0,0,0,0,0,0,0,0,0,0,0,0,0.03,0,0,0,0,0,0,0,0.002,0,0,0
0,0,0,0,0,0,0,0,0,0,0,0,0,0,0,0,0,0,0,0,0,0,0,0,0,0,0,0,0,0,0,0,0,0,0,0,0
0,0,0,0,0,0,0,0,0.217,0.615,0,0.476,0,0,0.039,0,0,0,0.325,0,0,0,0,0,0,0.006,0,0.003,0,0,0,0,0.005,0,0,0.134,0.264
0,0,0,0,0,0,0,0,0.08,0.038,0,0,0,0,0,0,0,0,0,0,0,0,0,0.214,0,0.002,0,0,0,0,0,0,0,0,0,0,0
0,0,0,0,1.685,0,0,0,0.21,0.083,0.829,0.797,0,0,0,0,0,0,0.293,0,0,0,0,0,0.036,0.003,0,0.011,0.054,0,0,0,0.004,0,0,0.257,0.246
0,0,0.083,0,0,0,0,0,0.246,0.016,0,0.223,0,0,0.016,0,0,0,0,0,0,0,0,0,0.018,0.002,0,0.005,0,0,0,0,0,0,0,0,0
0,0,0,0,0,0,0,0,0,0,0,0,0,0,0,0,0,0,0,0,0,0,0,0,0,0,0,0,0,0,0,0,0.006,0,0,0,0
1.095,2.023,8.185,0.702,0.168,0,3.4,0,0,0.111,6.808,0.786,3.767,3.333,0.332,0,0,0,0,0,0,0,0,0,0.036,0,0,0,0.428,0,0.225,0,0.05,0.089,2.047,0.152,0.143
0,0,0.511,0,3.538,5.384,0,0,0.217,0.061,0.237,0.36,0,0.644,0.101,0,0,0,0,0,0,0,0,0,0,0,0,0.027,0.048,0,0,0,0,0,0.237,0,0
0,0,0,0,0,0,0,0,0,0,0,0,0,0,0,0,0,0,1.811,0,0,0,0,1.605,0,0,0,0.119,0,0,0,0.825,0.001,0.012,0,0,0.084
0,0.268,0,0,0,0,0,0,0,0.014,0,0,0,0,0,0,0,0,0,0,0,0,0,0,0,0.002,0,0,0.02,0,0,0,0,0,0,0,0
0.017,0.404,0,0,0.505,0,0,0,0.456,0,0,0,0,0,0,0,0,0,0.025,0,4.01,0,0,0,0.267,0,0,0.015,0,0,0,0,0.005,0.106,0,0.31,0.312
0,0,0.414,0,0,0,0,0,0.072,0,0,0,0,0,0,0,0,0,0,0,0,0,0,0,0.178,0,0,0.01,0,0,0.074,0,0,0.064,0,0.141,0.304
0.735,0,2.278,3.51,146.385,233.667,6.8,0,0.644,0.004,0.355,0.411,0,0.197,0.101,143.887,0.585,10.123,0,13.78,19.615,0,0,0,0,0,2.275,0.055,1.448,0,0.02,0,0.072,0.014,0,0.166,0.11
0.786,0,0.635,3.51,5.054,114.68,6.8,212.304,0,0,0,0.899,0,0.49,0,81.574,46.215,13.042,0,92.22,0,0,0,0,0,0,6.825,0.309,1.36,0,0,0,0.018,0,0.977,0,0
0,0,0.276,0,0,0,0,0,0.34,0.135,0,0,0,0,0.055,0,0,0,0,0,0,0,0,0,0.036,0.003,0,0.005,0,0,0,0,0,0.079,0,0,0
0,0,0,0,0,0,0,0,0,0,0,0,0,0,0,0,0,0,0,0,0,0,0,0,0,0,0,0,0,0,0,0,0,0,0,0,0
0,0,0,0,0,0,0,0,0,0,0,0,0,0,0,0,0,0,0,0,0,0,0,0,0,0,0,0,0,0,0,0,0,0,0,0,0
0,0,0,0,0,0,0,0,0,0,0,0,0,0,0,0,0,0,0,0,0,0,0,0,0,0.002,0,0.266,0,0,0,0,0,0.186,0,0,0
0,0,0,0,0,0,0,0,0,0,0,0,0,0,0,0,0,0,0,0,0,0,0,0,0,0,0,0,0,0,0,0,0,0.112,0,0,0
0,0,0,0,0,0,0,0,0.123,0,0,0,0,0,0,0,0,0,0,0,0,0,0,0,0,0,0,0.086,0,0,0,0,0.001,0.006,0,0.205,0.268
0,0,0,12.987,0,142.677,0,26.538,0,0,0,0,29.853,0,0,550.622,5.85,3.07,0,0,0,1374.84,5324.399,0,0,0,0,0,0.068,0,0,0,0.01,0,0,0,0
0,0,0,0,0,0,0,0,0,0,0,0,0,0,0,0,0,0,0,0,0,0,0,0,0,0,0,0,0,0,0,0,0,0,0,0,0
0,0,0,0,0,0,0,0,0.051,0.044,0,0,0,0,0.062,0,0,0,0.006,0,0,0,0,0,0,0.003,0,0,0,0,0,0,0.001,0.001,0,0,0.015
0,0,0,0,0,0,0,0,0,0,0,0,0,0,0,0,0,0,0,0,0,0,0,0,0,0,0,0,0,0,0,0,0,0,0,0,0
0,0,0,0,0,0,0,0,0,0.02,0,0,0,0,0,0,0,0,0,0,0,0,0,0,0,0,0,0,0,0,0,0,0,0,0,0,0
0,0,0,0,0,0,0,0,0.203,0,0,0,0,0,0,0,0,0,0,0,0,0,0,0,0,0.002,0,0,0,0,0,0,0,0,0,0.141,0
0,0,0,0,0,0,0,0,0,0,0,0,0,0,0,0,0,0,0,0,0,0,0,0,0,0,0,0.009,0,0,0,0,0,0.016,0,0,0
0,0,0,0,0,0,0,0,0,0,0,0,0,0,0,0,0,0,0,0,0,0,0,0,0,0,0,0.005,0,0,0.033,0,0,0.008,0,0,0
