0.340684660020233,0.340684660020233,0.340684660020233,0.340684660020233,0.443548647616047,0.443548647616047,0.443548647616047,0.443548647616047,0.429623190800412,0.429623190800412,0.429623190800412,0.429623190800412,0.198665371993094,0.198665371993094,0.198665371993094,0.198665371993094,0.0457021001121195,0.0457021001121195,0.0457021001121195,0.0457021001121195
0.438634463306513,0.416702740141187,0.405736878558524,0.411219809349856,0.307044124314559,0.400253947767193,0.372839293810536,0.411219809349856,0.219317231653256,0.38928808618453,0.405736878558524,0.433151532515181,-0.0868442542202824,-0.0389301829263335,0.0329409240145899,0.0329409240145899,-0.193315038311484,-0.179506821289236,-0.179506821289236,-0.179506821289236
0.291198081309888,0.291198081309888,0.291198081309888,0.291198081309888,0.392942157992123,0.392942157992123,0.392942157992123,0.392942157992123,0.508169200717256,0.508169200717256,0.508169200717256,0.508169200717256,0.338798178409059,0.338798178409059,0.338798178409059,0.338798178409059,0.195118846408758,0.195118846408758,0.195118846408758,0.195118846408758
0.565286539889684,0.565286539889684,0.565286539889684,0.565286539889684,0.541211685253158,0.541211685253158,0.541211685253158,0.541211685253158,0.367233823489274,0.367233823489274,0.367233823489274,0.367233823489274,0.272586510254553,0.272586510254553,0.272586510254553,0.272586510254553,0.301971506115521,0.301971506115521,0.301971506115521,0.301971506115521
0.899796861659061,0.899796861659061,0.899796861659061,0.899796861659061,0.883603667191194,0.883603667191194,0.883603667191194,0.883603667191194,0.857880306596774,0.857880306596774,0.857880306596774,0.857880306596774,-0.107798865576026,-0.107798865576026,-0.107798865576026,-0.107798865576026,-0.0293398550904543,-0.0293398550904543,-0.0293398550904543,-0.0293398550904543
0.718113536614039,0.718113536614039,0.718113536614039,0.718113536614039,0.777281964254197,0.777281964254197,0.777281964254197,0.777281964254197,0.720480690112788,0.720480690112788,0.720480690112788,0.720480690112788,0.516871795997886,0.516871795997886,0.516871795997886,0.516871795997886,0.445254038578684,0.445254038578684,0.445254038578684,0.445254038578684
0.851190662522873,0.851190662522873,0.851190662522873,0.851190662522873,0.858151816544866,0.858151816544866,0.858151816544866,0.858151816544866,0.783277439779456,0.783277439779456,0.783277439779456,0.783277439779456,0.074073728462456,0.074073728462456,0.074073728462456,0.074073728462456,0.126359162184677,0.126359162184677,0.126359162184677,0.126359162184677
-0.0328975847479884,-0.0328975847479884,-0.0328975847479884,-0.0328975847479884,-0.0657951694959769,-0.0657951694959769,-0.0657951694959769,-0.0657951694959769,0.0822439618699711,0.0822439618699711,0.0822439618699711,0.0822439618699711,0.0668153104781061,0.0668153104781061,0.0668153104781061,0.0668153104781061,0.27921558564569,0.27921558564569,0.27921558564569,0.27921558564569
0.6032214982468,0.6032214982468,0.6032214982468,0.6032214982468,0.501744984523039,0.501744984523039,0.501744984523039,0.501744984523039,0.280292473533464,0.280292473533464,0.280292473533464,0.280292473533464,0.0240086721266692,0.0240086721266692,0.0240086721266692,0.0240086721266692,0.0620110075173948,0.0620110075173948,0.0620110075173948,0.0620110075173948
0.56617192390986,0.56617192390986,0.56617192390986,0.56617192390986,0.727912555117776,0.727912555117776,0.727912555117776,0.727912555117776,0.662920977418226,0.662920977418226,0.662920977418226,0.662920977418226,0.52414541516439,0.52414541516439,0.52414541516439,0.52414541516439,0.445964044034302,0.445964044034302,0.445964044034302,0.445964044034302
0.0822439618699711,0.0822439618699711,0.0822439618699711,0.0822439618699711,0.074337020602186,0.074337020602186,0.074337020602186,0.074337020602186,0.162440156130703,0.162440156130703,0.162440156130703,0.162440156130703,0.159363814577919,0.159363814577919,0.159363814577919,0.159363814577919,0.214046476435845,0.214046476435845,0.214046476435845,0.214046476435845
0.272151643458825,0.272151643458825,0.272151643458825,0.272151643458825,0.355636495279546,0.355636495279546,0.355636495279546,0.355636495279546,0.326534607412981,0.326534607412981,0.326534607412981,0.326534607412981,-0.17097654711689,-0.17097654711689,-0.17097654711689,-0.17097654711689,0.139276678991986,0.139276678991986,0.139276678991986,0.139276678991986
0.31613574745217,0.31613574745217,0.31613574745217,0.31613574745217,0.33035170207414,0.33035170207414,0.33035170207414,0.33035170207414,0.361150239392407,0.361150239392407,0.361150239392407,0.361150239392407,0.199468790562554,0.199468790562554,0.199468790562554,0.199468790562554,0.0815484917778675,0.0815484917778675,0.0815484917778675,0.0815484917778675
0.339941709062547,0.339941709062547,0.339941709062547,0.339941709062547,0.383805155393199,0.383805155393199,0.383805155393199,0.383805155393199,0.393710886893059,0.393710886893059,0.393710886893059,0.393710886893059,0.192564609281652,0.192564609281652,0.192564609281652,0.192564609281652,0.0814405519664584,0.0814405519664584,0.0814405519664584,0.0814405519664584
0.334458778271216,0.334458778271216,0.334458778271216,0.334458778271216,0.38928808618453,0.38928808618453,0.38928808618453,0.38928808618453,0.382697994951995,0.382697994951995,0.382697994951995,0.382697994951995,0.205844927163146,0.205844927163146,0.205844927163146,0.205844927163146,0.0956041262214947,0.0956041262214947,0.0956041262214947,0.0956041262214947
0.416702740141187,0.438634463306513,0.449600324889176,0.455083255680507,0.339941709062547,0.438634463306513,0.449600324889176,0.455083255680507,0.27414653956657,0.422185670932518,0.405736878558524,0.42766860172385,0.0302033490121979,0.120813396048792,0.120813396048792,0.15101674506099,-0.0762896180361772,-0.0762896180361772,-0.0762896180361772,-0.0762896180361772
0.400253947767193,0.38928808618453,0.378322224601867,0.394771016975861,0.334458778271216,0.378322224601867,0.372839293810536,0.383805155393199,0.219317231653256,0.356390501436542,0.367356363019204,0.328975847479885,-0.0241626792097583,0.0664473678268354,0.0691111510013648,0.0966507168390333,-0.124837556786472,-0.124837556786472,-0.117369844689116,-0.124837556786472
0.411219809349856,0.38928808618453,0.378322224601867,0.38928808618453,0.323492916688553,0.378322224601867,0.378322224601867,0.378322224601867,0.230283093235919,0.383805155393199,0.361873432227873,0.339941709062547,-0.0181220094073187,0.072488037629275,0.0751208163058313,0.102691386641473,-0.124837556786472,-0.124837556786472,-0.117369844689116,-0.124837556786472
0.696303769175527,0.696303769175527,0.696303769175527,0.696303769175527,0.705087180892275,0.705087180892275,0.705087180892275,0.705087180892275,0.668085424703604,0.668085424703604,0.668085424703604,0.668085424703604,0.342507275668444,0.342507275668444,0.342507275668444,0.342507275668444,0.0173399179724116,0.0173399179724116,0.0173399179724116,0.0173399179724116
0.681620220276586,0.681620220276586,0.681620220276586,0.681620220276586,0.681250479481832,0.681250479481832,0.681250479481832,0.681250479481832,0.626498463190799,0.626498463190799,0.626498463190799,0.626498463190799,0.377547010670911,0.377547010670911,0.377547010670911,0.377547010670911,0.0387481355150729,0.0387481355150729,0.0387481355150729,0.0387481355150729
0.702834808139088,0.702834808139088,0.702834808139088,0.702834808139088,0.703102754909038,0.703102754909038,0.703102754909038,0.703102754909038,0.663518826924801,0.663518826924801,0.663518826924801,0.663518826924801,0.373808921456347,0.373808921456347,0.373808921456347,0.373808921456347,0.0215267419528183,0.0215267419528183,0.0215267419528183,0.0215267419528183
0.524505828856692,0.579614866051886,0.556077206516784,0.579614866051886,0.55986577237512,0.56196162140056,0.567846036284335,0.56196162140056,0.571563239251466,0.603152525586988,0.597268110703213,0.603152525586988,0.323565653619007,0.43316007907389,0.43316007907389,0.43316007907389,0.111073589845879,0.114789447911434,0.114789447911434,0.114789447911434
0.510647733344132,0.498489453978796,0.498489453978796,0.498489453978796,0.561832715847612,0.516726873026801,0.516726873026801,0.500763942385915,0.555927993276286,0.516726873026801,0.522806012709469,0.516726873026801,0.306627511383435,0.368291560116916,0.368291560116916,0.368291560116916,0.105922333339351,0.104904783619459,0.104904783619459,0.104904783619459
0.503999454287009,0.460711157599781,0.454527115215892,0.460835426197385,0.496980695470426,0.460711157599781,0.454527115215892,0.454527115215892,0.504815520440308,0.479263284751451,0.454527115215892,0.453494884616764,0.256874247849385,0.314219950377423,0.314219950377423,0.314219950377423,0.103260558224261,0.106715038975839,0.106715038975839,0.106715038975839
0.822588753233249,0.822588753233249,0.822588753233249,0.822588753233249,0.822588753233249,0.822588753233249,0.822588753233249,0.822588753233249,0.835626462514811,0.835626462514811,0.835626462514811,0.835626462514811,-0.044648238584787,-0.044648238584787,-0.044648238584787,-0.044648238584787,0.0455366513851022,0.0455366513851022,0.0455366513851022,0.0455366513851022
