0.244226409358166,0.244226409358166,0.244226409358166,0.244226409358166,0.236473190013462,0.236473190013462,0.236473190013462,0.236473190013462,0.27881862156635,0.27881862156635,0.27881862156635,0.27881862156635,0.135917511624075,0.135917511624075,0.135917511624075,0.135917511624075,-0.0135343401921564,-0.0135343401921564,-0.0135343401921564,-0.0135343401921564
0.0891911261787536,0.445955630893768,0.445955630893768,0.430774162608022,0.0891911261787536,0.449750997965204,0.449750997965204,0.442160263822331,-0.0853957591073172,0.256187277321952,0.191666037107534,0.180279935893225,-0.386208742195348,-0.0894177876018785,0.0361476162645892,0.0323426040262114,-0.320588956558892,-0.310077843229092,-0.310077843229092,-0.304822286564193
0.261068244243487,0.261068244243487,0.261068244243487,0.261068244243487,0.261068244243487,0.261068244243487,0.261068244243487,0.261068244243487,0.267739361232259,0.267739361232259,0.267739361232259,0.267739361232259,0.151187777221722,0.151187777221722,0.151187777221722,0.151187777221722,-0.0160819768537679,-0.0160819768537679,-0.0160819768537679,-0.0160819768537679
0.320593647881754,0.320593647881754,0.320593647881754,0.320593647881754,0.320593647881754,0.320593647881754,0.320593647881754,0.320593647881754,0.130233966843388,0.130233966843388,0.130233966843388,0.130233966843388,0,0,0,0,0,0,0,0
0.215346504294835,0.626638926911998,0.626638926911998,0.626638926911998,0.52963599704946,0.52963599704946,0.52963599704946,0.52963599704946,0.52963599704946,0.52963599704946,0.52963599704946,0.52963599704946,0.248807224235305,0.248807224235305,0.248807224235305,0.248807224235305,0.181256604207237,0.181256604207237,0.181256604207237,0.181256604207237
0.100759300985072,0.421829946106834,0.421829946106834,0.421829946106834,0.441359110278446,0.441359110278446,0.441359110278446,0.441359110278446,0.39640326672736,0.39640326672736,0.39640326672736,0.39640326672736,0.246580295379861,0.246580295379861,0.246580295379861,0.246580295379861,0.239219689547626,0.239219689547626,0.239219689547626,0.239219689547626
0.195418077286263,0.565654436694509,0.565654436694509,0.565654436694509,0.523612552886133,0.523612552886133,0.523612552886133,0.523612552886133,0.516091289205734,0.516091289205734,0.516091289205734,0.516091289205734,0.173145326901567,0.173145326901567,0.173145326901567,0.173145326901567,0.270228306118398,0.270228306118398,0.270228306118398,0.270228306118398
0.00760036094971246,0.00760036094971246,0.00760036094971246,0.00760036094971246,0,0,0,0,-0.212810106591949,-0.212810106591949,-0.212810106591949,-0.212810106591949,-0.103129709354417,-0.103129709354417,-0.103129709354417,-0.103129709354417,-0.050049415264902,-0.050049415264902,-0.050049415264902,-0.050049415264902
0.604949837045123,0.635677447815669,0.635677447815669,0.635677447815669,0.643359350508306,0.643359350508306,0.643359350508306,0.643359350508306,0.435947977807121,0.435947977807121,0.435947977807121,0.435947977807121,-0.09120507000987,-0.09120507000987,-0.09120507000987,-0.09120507000987,-0.0402795311966547,-0.0402795311966547,-0.0402795311966547,-0.0402795311966547
0.0268907756793849,0.386020933149631,0.386020933149631,0.386020933149631,0.514766277291082,0.514766277291082,0.514766277291082,0.514766277291082,0.535833260369167,0.535833260369167,0.535833260369167,0.535833260369167,0.357702351900696,0.357702351900696,0.357702351900696,0.357702351900696,0.348368849412574,0.348368849412574,0.348368849412574,0.348368849412574
0.00760036094971246,-0.0383935862881812,-0.0383935862881812,-0.0383935862881812,-0.0304014437988498,-0.0304014437988498,-0.0304014437988498,-0.0304014437988498,-0.0532025266479872,-0.0532025266479872,-0.0532025266479872,-0.0532025266479872,-0.0420158075147623,-0.0420158075147623,-0.0420158075147623,-0.0420158075147623,-0.0395126962617647,-0.0395126962617647,-0.0395126962617647,-0.0395126962617647
0.0919068141607835,-0.117805594720543,-0.117805594720543,-0.117805594720543,-0.0343765697848055,-0.0343765697848055,-0.0343765697848055,-0.0343765697848055,-0.255914463953552,-0.255914463953552,-0.255914463953552,-0.255914463953552,0,0,0,0,0,0,0,0
0.20140956516738,0.20140956516738,0.20140956516738,0.20140956516738,0.20140956516738,0.20140956516738,0.20140956516738,0.20140956516738,0.155807399469105,0.155807399469105,0.155807399469105,0.155807399469105,0.0267373320548487,0.0267373320548487,0.0267373320548487,0.0267373320548487,-0.00790253925235294,-0.00790253925235294,-0.00790253925235294,-0.00790253925235294
0.243211550390799,0.243211550390799,0.243211550390799,0.243211550390799,0.228010828491374,0.228010828491374,0.228010828491374,0.228010828491374,0.243211550390799,0.243211550390799,0.243211550390799,0.243211550390799,0.0665877141716117,0.0665877141716117,0.0665877141716117,0.0665877141716117,-0.00790253925235294,-0.00790253925235294,-0.00790253925235294,-0.00790253925235294
0.243211550390799,0.243211550390799,0.243211550390799,0.243211550390799,0.228010828491374,0.228010828491374,0.228010828491374,0.228010828491374,0.269812813714792,0.269812813714792,0.269812813714792,0.269812813714792,0.0665877141716117,0.0665877141716117,0.0665877141716117,0.0665877141716117,-0.00790253925235294,-0.00790253925235294,-0.00790253925235294,-0.00790253925235294
-0.0436467213215177,0.233415074893334,0.229619707821897,0.214438239536152,-0.0436467213215177,0.233415074893334,0.233415074893334,0.233415074893334,-0.0626235566786993,0.225824340750461,0.195461404178971,0.218233606607589,-0.279668399520769,-0.26064333832888,-0.150297983415924,-0.180738081322946,-0.194455596601295,-0.194455596601295,-0.183944483271495,-0.183944483271495
-0.0170791518214634,0.408001960179405,0.411797327250841,0.411797327250841,-0.0170791518214634,0.411797327250841,0.419388061393714,0.389025124822223,-0.0398513542500814,0.184075302964662,0.149916999321735,0.149916999321735,-0.272058375044013,-0.176933069084568,-0.00570751835756672,-0.00570751835756672,-0.173433369941696,-0.173433369941696,-0.162922256611896,-0.152411143282096
-0.0170791518214634,0.400411226036532,0.404206593107968,0.373843656536478,-0.0170791518214634,0.404206593107968,0.411797327250841,0.385229757750787,-0.0208745188928998,0.172689201750353,0.142326265178862,0.142326265178862,-0.264448350567258,-0.165518032369435,-0.0133175428343223,-0.0133175428343223,-0.162922256611896,-0.162922256611896,-0.152411143282096,-0.141900029952297
0.556933087081547,0.556933087081547,0.556933087081547,0.556933087081547,0.593426983006169,0.593426983006169,0.593426983006169,0.593426983006169,0.54733556685035,0.54733556685035,0.54733556685035,0.54733556685035,0.440501082813628,0.440501082813628,0.440501082813628,0.440501082813628,-0.0402795311966547,-0.0402795311966547,-0.0402795311966547,-0.0402795311966547
0.597267934352487,0.597267934352487,0.597267934352487,0.597267934352487,0.597267934352487,0.597267934352487,0.597267934352487,0.597267934352487,0.551176518196668,0.551176518196668,0.551176518196668,0.551176518196668,0.444382149622558,0.444382149622558,0.444382149622558,0.444382149622558,-0.0476030823233192,-0.0476030823233192,-0.0476030823233192,-0.0476030823233192
0.587407934488907,0.587407934488907,0.587407934488907,0.587407934488907,0.587407934488907,0.587407934488907,0.587407934488907,0.587407934488907,0.493734908391008,0.493734908391008,0.493734908391008,0.493734908391008,0.423959221165477,0.423959221165477,0.423959221165477,0.423959221165477,-0.0483726162561155,-0.0483726162561155,-0.0483726162561155,-0.0483726162561155
0.0644479623679952,0.451135736575966,0.419888239670272,0.443323862349543,0.0878835850472662,0.451135736575966,0.419888239670272,0.419888239670272,0.0644479623679952,0.427700113896695,0.419888239670272,0.419888239670272,-0.154594449385317,0.321658600686155,0.321658600686155,0.321658600686155,-0.0074474596439663,-0.0074474596439663,-0.0074474596439663,-0.0074474596439663
0.0863821359919912,0.331466335783222,0.351167163060187,0.371644073453916,0.118524326128546,0.331466335783222,0.323430788249083,0.331466335783222,-0.0769122120816494,0.331466335783222,0.323430788249083,0.323430788249083,-0.164234670435408,0.233434819375269,0.233434819375269,0.241554291353539,-0.011491048289394,-0.011491048289394,-0.011491048289394,-0.011491048289394
0.140727849948107,0.324285915097813,0.324285915097813,0.342366977543446,0.140727849948107,0.324285915097813,0.288316430533018,0.342366977543446,-0.0165636056087174,0.275337097724558,0.283495233953434,0.324285915097813,-0.182620220678408,0.162805984896618,0.171049325904042,0.172776669813656,-0.0622205515076216,-0.0622205515076216,-0.0622205515076216,-0.0622205515076216
0.593426983006169,0.593426983006169,0.593426983006169,0.593426983006169,0.592640902015017,0.592640902015017,0.592640902015017,0.592640902015017,0.461371907431886,0.461371907431886,0.461371907431886,0.461371907431886,0.174949606736278,0.174949606736278,0.174949606736278,0.174949606736278,-0.107198068259779,-0.107198068259779,-0.107198068259779,-0.107198068259779
