0.346236680912496,0.346236680912496,0.346236680912496,0.346236680912496,0.362244198991115,0.362244198991115,0.362244198991115,0.362244198991115,0.512645008172766,0.512645008172766,0.512645008172766,0.512645008172766,0,0,0,0,0,0,0,0
0.576431944655431,0.670475013512107,0.680750492646393,0.691025971780678,0.590331681248966,0.680750492646393,0.680750492646393,0.691025971780678,0.576892222577766,0.661094941406727,0.661094941406727,0.661094941406727,0,0,0,0,0,0,0,0
0.343900929829588,0.343900929829588,0.343900929829588,0.343900929829588,0.368081463958231,0.368081463958231,0.368081463958231,0.368081463958231,0.511348150927882,0.511348150927882,0.511348150927882,0.511348150927882,0,0,0,0,0,0,0,0
0.626705936287915,0.626705936287915,0.626705936287915,0.626705936287915,0.626705936287915,0.626705936287915,0.626705936287915,0.626705936287915,0.626705936287915,0.626705936287915,0.626705936287915,0.626705936287915,0,0,0,0,0,0,0,0
0.711613562189889,0.711613562189889,0.711613562189889,0.711613562189889,0.711613562189889,0.711613562189889,0.711613562189889,0.711613562189889,0.711613562189889,0.711613562189889,0.711613562189889,0.711613562189889,0,0,0,0,0,0,0,0
0.570430790123912,0.570430790123912,0.570430790123912,0.570430790123912,0.599640031464843,0.599640031464843,0.599640031464843,0.599640031464843,0.194319467574667,0.194319467574667,0.194319467574667,0.194319467574667,0,0,0,0,0,0,0,0
0.622843730893174,0.622843730893174,0.622843730893174,0.622843730893174,0.633267893753311,0.633267893753311,0.633267893753311,0.633267893753311,0.486349347591159,0.486349347591159,0.486349347591159,0.486349347591159,0,0,0,0,0,0,0,0
0.303749618066549,0.303749618066549,0.303749618066549,0.303749618066549,0.298557316903018,0.298557316903018,0.298557316903018,0.298557316903018,0.358273285208693,0.358273285208693,0.358273285208693,0.358273285208693,0,0,0,0,0,0,0,0
0.728158241697,0.728158241697,0.728158241697,0.728158241697,0.728158241697,0.728158241697,0.728158241697,0.728158241697,0.728158241697,0.728158241697,0.728158241697,0.728158241697,0,0,0,0,0,0,0,0
0.258244565035548,0.258244565035548,0.258244565035548,0.258244565035548,0.165740677024807,0.165740677024807,0.165740677024807,0.165740677024807,0.245416881054854,0.245416881054854,0.245416881054854,0.245416881054854,0,0,0,0,0,0,0,0
-0.0181730540723576,-0.0181730540723576,-0.0181730540723576,-0.0181730540723576,-0.0181730540723576,-0.0181730540723576,-0.0181730540723576,-0.0181730540723576,0.478587718282003,0.478587718282003,0.478587718282003,0.478587718282003,0,0,0,0,0,0,0,0
0.364147785419146,0.364147785419146,0.364147785419146,0.364147785419146,0.43332133536112,0.43332133536112,0.43332133536112,0.43332133536112,0.441159970302801,0.441159970302801,0.441159970302801,0.441159970302801,0,0,0,0,0,0,0,0
0.360864930865387,0.360864930865387,0.360864930865387,0.360864930865387,0.366057232028918,0.366057232028918,0.366057232028918,0.366057232028918,0.473413797003278,0.473413797003278,0.473413797003278,0.473413797003278,0,0,0,0,0,0,0,0
0.350480328538326,0.350480328538326,0.350480328538326,0.350480328538326,0.355672629701856,0.355672629701856,0.355672629701856,0.355672629701856,0.483761639560727,0.483761639560727,0.483761639560727,0.483761639560727,0,0,0,0,0,0,0,0
0.350480328538326,0.350480328538326,0.350480328538326,0.350480328538326,0.376441834355979,0.376441834355979,0.376441834355979,0.376441834355979,0.483761639560727,0.483761639560727,0.483761639560727,0.483761639560727,0,0,0,0,0,0,0,0
0.125874619394993,0.131012358962136,0.125874619394993,0.136150098529279,0.133814558580725,0.131012358962136,0.125874619394993,0.136150098529279,0.640435724487767,0.640435724487767,0.640435724487767,0.640435724487767,0,0,0,0,0,0,0,0
0.660199534377822,0.685888232213535,0.680750492646393,0.691025971780678,0.669072792903625,0.685888232213535,0.680750492646393,0.691025971780678,0.547469248352446,0.661094941406727,0.661094941406727,0.661094941406727,0,0,0,0,0,0,0,0
0.670475013512107,0.69616371134782,0.691025971780678,0.701301450914963,0.679366220486757,0.69616371134782,0.691025971780678,0.701301450914963,0.557798856811926,0.671424549866207,0.671424549866207,0.671424549866207,0,0,0,0,0,0,0,0
0.348016806693419,0.348016806693419,0.348016806693419,0.348016806693419,0.348016806693419,0.348016806693419,0.348016806693419,0.348016806693419,0.519348157680949,0.519348157680949,0.519348157680949,0.519348157680949,0,0,0,0,0,0,0,0
0.356395497249276,0.356395497249276,0.356395497249276,0.356395497249276,0.356395497249276,0.356395497249276,0.356395497249276,0.356395497249276,0.511816090034675,0.511816090034675,0.511816090034675,0.511816090034675,0,0,0,0,0,0,0,0
0.343332619920482,0.343332619920482,0.343332619920482,0.343332619920482,0.343332619920482,0.343332619920482,0.343332619920482,0.343332619920482,0.525728074253238,0.525728074253238,0.525728074253238,0.525728074253238,0,0,0,0,0,0,0,0
0.110471950037914,0.110471950037914,0.110471950037914,0.110471950037914,0.110471950037914,0.110471950037914,0.110471950037914,0.110471950037914,0.651784505223693,0.651784505223693,0.651784505223693,0.651784505223693,0,0,0,0,0,0,0,0
0.0893088561378213,0.0893088561378213,0.0893088561378213,0.0893088561378213,0.0893088561378213,0.0893088561378213,0.0893088561378213,0.0893088561378213,0.647489206999204,0.647489206999204,0.647489206999204,0.647489206999204,0,0,0,0,0,0,0,0
0.0736641457590355,0.0736641457590355,0.0736641457590355,0.0736641457590355,0.0736641457590355,0.0736641457590355,0.0736641457590355,0.0736641457590355,0.640311420828539,0.640311420828539,0.640311420828539,0.640311420828539,0,0,0,0,0,0,0,0
0.587796954843227,0.589346039529866,0.584176337428727,0.589346039529866,0.571119864155439,0.571119864155439,0.571119864155439,0.571119864155439,0.24448373364128,0.24448373364128,0.24448373364128,0.24448373364128,0,0,0,0,0,0,0,0
