0.298215805856577,0.298215805856577,0.298215805856577,0.298215805856577,0.313207189901232,0.313207189901232,0.313207189901232,0.313207189901232,0.519286428921822,0.519286428921822,0.519286428921822,0.519286428921822,0.452644726806021,0.452644726806021,0.452644726806021,0.452644726806021,0.437097365702695,0.437097365702695,0.437097365702695,0.437097365702695
0.708636967823689,0.703196376899899,0.690955047321371,0.686874604128528,0.722238445133165,0.714077558747479,0.707276820092742,0.703196376899899,0.663752092702419,0.723598592864112,0.726318888326008,0.720878297402217,0.48020739154226,0.618661887105185,0.613193052744034,0.614560261334322,0.414396946702401,0.518448508308122,0.512925754557836,0.515687131432979
0.320566909678615,0.320566909678615,0.320566909678615,0.320566909678615,0.350247754362464,0.350247754362464,0.350247754362464,0.350247754362464,0.5420062797333,0.5420062797333,0.5420062797333,0.5420062797333,0.438494397525657,0.438494397525657,0.438494397525657,0.438494397525657,0.434972318494627,0.434972318494627,0.434972318494627,0.434972318494627
0.400278450581096,0.400278450581096,0.400278450581096,0.400278450581096,0.434725821543325,0.434725821543325,0.434725821543325,0.434725821543325,0.491173193338889,0.491173193338889,0.491173193338889,0.491173193338889,0.415357595695929,0.415357595695929,0.415357595695929,0.415357595695929,0.421813541942514,0.421813541942514,0.421813541942514,0.421813541942514
0.629315195725912,0.697533939655867,0.697533939655867,0.682318897404235,0.61460988282194,0.692041049161712,0.692041049161712,0.682340131069304,0.729008692078532,0.729008692078532,0.729008692078532,0.729008692078532,0.679003719265769,0.679003719265769,0.679003719265769,0.679003719265769,0.600221548416017,0.600221548416017,0.600221548416017,0.600221548416017
0.656096395623989,0.707118652055289,0.707118652055289,0.712659248741325,0.678723094039357,0.704497317124213,0.704497317124213,0.704892650847709,0.705239118582907,0.705239118582907,0.705239118582907,0.705239118582907,0.463874816498496,0.463874816498496,0.463874816498496,0.463874816498496,0.500247999012006,0.500247999012006,0.500247999012006,0.500247999012006
0.63140831307134,0.687670709981324,0.687670709981324,0.685687371873861,0.621334815183821,0.688840662487481,0.688840662487481,0.672832275553835,0.694873845623485,0.694873845623485,0.694873845623485,0.694873845623485,0.635438933764158,0.635438933764158,0.635438933764158,0.635438933764158,0.630176981531616,0.630176981531616,0.630176981531616,0.630176981531616
0.573982342459879,0.613426626657358,0.613426626657358,0.605265740271673,0.606625888002621,0.618867217581149,0.618867217581149,0.609346183464516,0.598465001616935,0.598465001616935,0.598465001616935,0.598465001616935,0.50244915693073,0.50244915693073,0.50244915693073,0.50244915693073,0.406612744864825,0.406612744864825,0.406612744864825,0.406612744864825
0.682912755541604,0.726750685686702,0.726750685686702,0.729418734495604,0.713051332516359,0.738998342640949,0.738998342640949,0.737629827191614,0.757836502867322,0.757836502867322,0.757836502867322,0.757836502867322,0.662001126346591,0.662001126346591,0.662001126346591,0.662001126346591,0.582275981063545,0.582275981063545,0.582275981063545,0.582275981063545
0.632136722608265,0.679931279514153,0.679931279514153,0.682667421484029,0.658505219870464,0.646190138427173,0.646190138427173,0.648925334780303,0.603377753623356,0.603377753623356,0.603377753623356,0.603377753623356,0.47378180076807,0.47378180076807,0.47378180076807,0.47378180076807,0.519589508934349,0.519589508934349,0.519589508934349,0.519589508934349
0.51685613776008,0.533177910531451,0.533177910531451,0.534538058262399,0.539978649186189,0.548139535571875,0.548139535571875,0.560380865150403,0.486932887679234,0.486932887679234,0.486932887679234,0.486932887679234,0.406744555610591,0.406744555610591,0.406744555610591,0.406744555610591,0.268543901107669,0.268543901107669,0.268543901107669,0.268543901107669
0.593024410693145,0.622947660773992,0.622947660773992,0.64062958127631,0.613426626657358,0.616146922119254,0.616146922119254,0.621587513043044,0.632468694890625,0.632468694890625,0.632468694890625,0.632468694890625,0.531160537326772,0.531160537326772,0.531160537326772,0.531160537326772,0.461840282367688,0.461840282367688,0.461840282367688,0.461840282367688
0.636549138083467,0.63518899035252,0.614786774388306,0.609346183464516,0.6460701722001,0.643349876738205,0.624307808504939,0.610706331195463,0.525017024145766,0.662391944971471,0.658311501778629,0.650150615392943,0.286430199665273,0.498347531159867,0.518855660014183,0.53252774591706,0.232646001730808,0.398328614239396,0.412135498615111,0.431465136741113
0.667832535895262,0.673273126819052,0.666472388164314,0.654231058585786,0.681434013204738,0.675993422280947,0.667832535895262,0.663752092702419,0.622947660773992,0.704556524630846,0.699115933707056,0.693675342783266,0.388970843936851,0.573544003625691,0.587216089528568,0.58584888093828,0.336197634548676,0.49911887018212,0.512925754557836,0.508783689245121
0.677353570011895,0.68007386547379,0.669192683626209,0.661031797240524,0.697755785976108,0.692315195052318,0.686874604128528,0.68007386547379,0.64062958127631,0.71951814967127,0.714077558747479,0.707276820092742,0.414947807152317,0.581747255167417,0.606357009792596,0.606357009792596,0.350004518924391,0.510164377682692,0.526732638933551,0.539158834871695
0.636549138083467,0.63518899035252,0.614786774388306,0.609346183464516,0.6460701722001,0.643349876738205,0.624307808504939,0.610706331195463,0.525017024145766,0.662391944971471,0.658311501778629,0.650150615392943,0.286430199665273,0.498347531159867,0.518855660014183,0.53252774591706,0.232646001730808,0.398328614239396,0.412135498615111,0.431465136741113
0.667832535895262,0.673273126819052,0.666472388164314,0.654231058585786,0.681434013204738,0.675993422280947,0.667832535895262,0.663752092702419,0.622947660773992,0.704556524630846,0.699115933707056,0.693675342783266,0.388970843936851,0.573544003625691,0.587216089528568,0.58584888093828,0.336197634548676,0.49911887018212,0.512925754557836,0.508783689245121
0.677353570011895,0.68007386547379,0.669192683626209,0.661031797240524,0.697755785976108,0.692315195052318,0.686874604128528,0.68007386547379,0.64062958127631,0.71951814967127,0.714077558747479,0.707276820092742,0.414947807152317,0.581747255167417,0.606357009792596,0.606357009792596,0.350004518924391,0.510164377682692,0.526732638933551,0.539158834871695
0.44119391273997,0.44119391273997,0.44119391273997,0.44119391273997,0.464974248766923,0.464974248766923,0.464974248766923,0.464974248766923,0.579198639746869,0.579198639746869,0.579198639746869,0.579198639746869,0.410759486517684,0.410759486517684,0.410759486517684,0.410759486517684,0.423966665604214,0.423966665604214,0.423966665604214,0.423966665604214
0.40534751369556,0.40534751369556,0.40534751369556,0.40534751369556,0.440132711851978,0.440132711851978,0.440132711851978,0.440132711851978,0.567057463449537,0.567057463449537,0.567057463449537,0.567057463449537,0.413829642713073,0.413829642713073,0.413829642713073,0.413829642713073,0.393407914099541,0.393407914099541,0.393407914099541,0.393407914099541
0.428120504839667,0.428120504839667,0.428120504839667,0.428120504839667,0.437258591079742,0.437258591079742,0.437258591079742,0.437258591079742,0.569313904763389,0.569313904763389,0.569313904763389,0.569313904763389,0.367886324753741,0.367886324753741,0.367886324753741,0.367886324753741,0.366153934383211,0.366153934383211,0.366153934383211,0.366153934383211
0.558033539681482,0.535168178719597,0.509730616432902,0.51716769664106,0.574608793335388,0.554553313265714,0.538818504870649,0.535168178719597,0.592565318127119,0.61452385899295,0.612230794737344,0.601631497163428,0.403251036616913,0.456736339902926,0.458681683372889,0.460625680670502,0.376624332485524,0.422133783507725,0.434544741724461,0.436002965911583
0.572129412676535,0.577364973871193,0.577889104336085,0.556921752279293,0.596563602379755,0.587210418005416,0.580708075576749,0.576710850076019,0.553502017791053,0.612316455036047,0.614631070385932,0.614368409798598,0.35692354448399,0.494226207728658,0.494399237348178,0.50199461463531,0.320659300493906,0.423441146928544,0.39685622628879,0.404459302411058
0.620965952776605,0.62389452240045,0.604458604394046,0.591354654237019,0.650605912181003,0.636877298589129,0.613145434636835,0.60439924219813,0.543179150976176,0.631654525016805,0.637339055793991,0.61829894280123,0.327223143245088,0.493750727137725,0.495594398108796,0.488429894903729,0.298416993289109,0.417315760174861,0.415394111237182,0.392137374402417
0.595790437025658,0.594427072181206,0.594427072181206,0.569886504981064,0.606697355781276,0.61487754484799,0.612150815159086,0.603970626092372,0.667610492967178,0.648477336566891,0.640277412395339,0.636177450309563,0.424893845605355,0.404763511126591,0.388946819750418,0.370254366305851,0.453735055853796,0.459637300482789,0.462588422797285,0.461112861640037
