0.548448933601236,0.548448933601236,0.548448933601236,0.548448933601236,0.518526378271475,0.518526378271475,0.518526378271475,0.518526378271475,0.492090680256867,0.492090680256867,0.492090680256867,0.492090680256867,-0.0780119757574887,-0.0780119757574887,-0.0780119757574887,-0.0780119757574887,-0.176250412743149,-0.176250412743149,-0.176250412743149,-0.176250412743149
0.690065559342354,0.785247015803369,0.766210724511166,0.766210724511166,0.709101850634557,0.785247015803369,0.766210724511166,0.766210724511166,0.72813814192676,0.799524234272521,0.732897214749811,0.737656287572861,0.629647279198864,0.675788340873202,0.647233903934898,0.709101850634557,-0.193381165381921,-0.173547199701724,-0.173547199701724,-0.173547199701724
0.513973280785058,0.513973280785058,0.513973280785058,0.513973280785058,0.540140098378959,0.540140098378959,0.540140098378959,0.540140098378959,0.493166048891947,0.493166048891947,0.493166048891947,0.493166048891947,-0.0667638150481223,-0.0667638150481223,-0.0667638150481223,-0.0667638150481223,-0.226167931903029,-0.226167931903029,-0.226167931903029,-0.226167931903029
0.566196878859688,0.566196878859688,0.566196878859688,0.566196878859688,0.566196878859688,0.566196878859688,0.566196878859688,0.566196878859688,0.465166516567576,0.465166516567576,0.465166516567576,0.465166516567576,0.105756319891614,0.105756319891614,0.105756319891614,0.105756319891614,0.116595049613633,0.116595049613633,0.116595049613633,0.116595049613633
0.908500900460275,0.908500900460275,0.908500900460275,0.908500900460275,0.897812600430743,0.897812600430743,0.897812600430743,0.897812600430743,0.837971478450565,0.837971478450565,0.837971478450565,0.837971478450565,0.851290446692746,0.851290446692746,0.851290446692746,0.851290446692746,-0.13843741281166,-0.13843741281166,-0.13843741281166,-0.13843741281166
0.826559698134042,0.826559698134042,0.826559698134042,0.826559698134042,0.812058650798357,0.812058650798357,0.812058650798357,0.812058650798357,0.766881166115336,0.766881166115336,0.766881166115336,0.766881166115336,0.329441657731166,0.329441657731166,0.329441657731166,0.329441657731166,0.419750136995058,0.419750136995058,0.419750136995058,0.419750136995058
0.859331157691985,0.859331157691985,0.859331157691985,0.859331157691985,0.842950207445089,0.842950207445089,0.842950207445089,0.842950207445089,0.761703222352249,0.761703222352249,0.761703222352249,0.761703222352249,0.704664745440906,0.704664745440906,0.704664745440906,0.704664745440906,-0.00570990591522943,-0.00570990591522943,-0.00570990591522943,-0.00570990591522943
0.547293374650833,0.547293374650833,0.547293374650833,0.547293374650833,0.59488410288134,0.59488410288134,0.59488410288134,0.59488410288134,0.437834699720666,0.437834699720666,0.437834699720666,0.437834699720666,0.152290330337623,0.152290330337623,0.152290330337623,0.152290330337623,-0.0705093090419683,-0.0705093090419683,-0.0705093090419683,-0.0705093090419683
0.859310742466941,0.859310742466941,0.859310742466941,0.859310742466941,0.849573510257684,0.849573510257684,0.849573510257684,0.849573510257684,0.800887349211399,0.800887349211399,0.800887349211399,0.800887349211399,0.619518002434925,0.619518002434925,0.619518002434925,0.619518002434925,-0.148852916113362,-0.148852916113362,-0.148852916113362,-0.148852916113362
0.717892689192352,0.717892689192352,0.717892689192352,0.717892689192352,0.746512995738227,0.746512995738227,0.746512995738227,0.746512995738227,0.72507179467341,0.72507179467341,0.72507179467341,0.72507179467341,0.226544382292253,0.226544382292253,0.226544382292253,0.226544382292253,0.381886804162345,0.381886804162345,0.381886804162345,0.381886804162345
0.543875550603457,0.543875550603457,0.543875550603457,0.543875550603457,0.590125030058289,0.590125030058289,0.590125030058289,0.590125030058289,0.50242425310947,0.50242425310947,0.50242425310947,0.50242425310947,0.00727425041574957,0.00727425041574957,0.00727425041574957,0.00727425041574957,-0.0682111679905861,-0.0682111679905861,-0.0682111679905861,-0.0682111679905861
0.404521189959311,0.404521189959311,0.404521189959311,0.404521189959311,0.533016156181681,0.533016156181681,0.533016156181681,0.533016156181681,0.46638913665897,0.46638913665897,0.46638913665897,0.46638913665897,0.0981673442217472,0.0981673442217472,0.0981673442217472,0.0981673442217472,0.0232156190371294,0.0232156190371294,0.0232156190371294,0.0232156190371294
0.518738937712528,0.518738937712528,0.518738937712528,0.518738937712528,0.513979864889478,0.513979864889478,0.513979864889478,0.513979864889478,0.418798408428463,0.418798408428463,0.418798408428463,0.418798408428463,0.14938241219677,0.14938241219677,0.14938241219677,0.14938241219677,-0.0104940258447056,-0.0104940258447056,-0.0104940258447056,-0.0104940258447056
0.523498010535579,0.523498010535579,0.523498010535579,0.523498010535579,0.537775229004731,0.537775229004731,0.537775229004731,0.537775229004731,0.414039335605413,0.414039335605413,0.414039335605413,0.414039335605413,0.0190362912922029,0.0190362912922029,0.0190362912922029,0.0190362912922029,-0.0208020386996937,-0.0208020386996937,-0.0208020386996937,-0.0208020386996937
0.52825708335863,0.52825708335863,0.52825708335863,0.52825708335863,0.533016156181681,0.533016156181681,0.533016156181681,0.533016156181681,0.409280262782362,0.409280262782362,0.409280262782362,0.409280262782362,0.00963757498043679,0.00963757498043679,0.00963757498043679,0.00963757498043679,-0.0151619608715781,-0.0151619608715781,-0.0151619608715781,-0.0151619608715781
0.666270195227101,0.723379069103709,0.618679466996593,0.580606884412188,0.694824632165405,0.732897214749811,0.618679466996593,0.580606884412188,0.666270195227101,0.637715758288796,0.609161321350492,0.609161321350492,0.356590274276161,0.347412316082702,0.385484898667108,0.385484898667108,-0.242966079582413,-0.223132113902216,-0.219349769130878,-0.223132113902216
0.699583704988456,0.723379069103709,0.666270195227101,0.666270195227101,0.680547413696253,0.742415360395912,0.666270195227101,0.666270195227101,0.666270195227101,0.713860923457608,0.666270195227101,0.666270195227101,0.433075626897615,0.513979864889478,0.628197612642695,0.599643175704391,-0.208256639642069,-0.242966079582413,-0.242966079582413,-0.242966079582413
0.699583704988456,0.751933506042014,0.723379069103709,0.694824632165405,0.680547413696253,0.751933506042014,0.723379069103709,0.694824632165405,0.704342777811506,0.732897214749811,0.694824632165405,0.694824632165405,0.457784811570747,0.542534301827782,0.580606884412188,0.647233903934898,-0.19833965680197,-0.193381165381921,-0.188422673961872,-0.168588708281675
0.596405472816999,0.596405472816999,0.596405472816999,0.596405472816999,0.631963059502232,0.631963059502232,0.631963059502232,0.631963059502232,0.598578412589081,0.598578412589081,0.598578412589081,0.598578412589081,-0.140377698562738,-0.140377698562738,-0.140377698562738,-0.140377698562738,-0.41285620129555,-0.41285620129555,-0.41285620129555,-0.41285620129555
0.669434714386427,0.669434714386427,0.669434714386427,0.669434714386427,0.698646411014199,0.698646411014199,0.698646411014199,0.698646411014199,0.589638731702687,0.589638731702687,0.589638731702687,0.589638731702687,-0.0467925661875793,-0.0467925661875793,-0.0467925661875793,-0.0467925661875793,-0.384770745425105,-0.384770745425105,-0.384770745425105,-0.384770745425105
0.583868865028707,0.583868865028707,0.583868865028707,0.583868865028707,0.671815639677383,0.671815639677383,0.671815639677383,0.671815639677383,0.634210712333767,0.634210712333767,0.634210712333767,0.634210712333767,0,0,0,0,-0.496062075188459,-0.496062075188459,-0.496062075188459,-0.496062075188459
0.691672641968447,0.717375066443217,0.632618936126839,0.615086051854294,0.65337934691137,0.717375066443217,0.613448665335116,0.595939404325755,0.572006094915082,0.717375066443217,0.680674030101019,0.651789206918561,-0.398819538801831,-0.251518939610335,0.153345733734593,-0.0904782505347792,-0.461522584469311,-0.386097378234166,-0.386097378234166,-0.386097378234166
0.570214677668688,0.632973302453267,0.598088884297015,0.558825902953914,0.637867266544635,0.641028836853887,0.60781390680591,0.558825902953914,0.648384493477845,0.632973302453267,0.614466577274001,0.636239015051426,0.100954603576631,0.171700704935861,0.246174572327919,0.11341941894369,-0.386470217960338,-0.302934467509837,-0.18645107912487,-0.164325599824311
0.607681701298643,0.655242430429607,0.581064042079086,0.48215952427839,0.671648196172185,0.655242430429607,0.581064042079086,0.48215952427839,0.690310709744815,0.60579017152926,0.603894939580422,0.601263656020927,0.419459452533553,0.179598235606482,0.247867874522913,0.267500973495025,-0.299688584742868,-0.20726201385001,-0.153158785087727,-0.157723576529846
0.651111973918645,0.684502331555499,0.694042433737457,0.713122638101373,0.612951565190812,0.689272382646478,0.717892689192352,0.717892689192352,0.674485390393869,0.71302741270209,0.722662918279146,0.722662918279146,0.204708779179747,0.193790977623494,0.177414275289114,0.177414275289114,0.397634713612338,0.397634713612338,0.397634713612338,0.397634713612338
