0.429253865650608,0.429253865650608,0.429253865650608,0.429253865650608,0.457445438401045,0.457445438401045,0.457445438401045,0.457445438401045,0.513210389500479,0.513210389500479,0.513210389500479,0.513210389500479,-0.24287365970559,-0.24287365970559,-0.24287365970559,-0.24287365970559,-0.24287365970559,-0.24287365970559,-0.24287365970559,-0.24287365970559
0.53956590705348,0.556427341648902,0.560642700297757,0.556427341648902,0.515802060922372,0.524257832412902,0.524257832412902,0.524257832412902,0.245950461178476,0.474938821586022,0.474938821586022,0.474938821586022,-0.141576316441652,-0.141576316441652,-0.141576316441652,-0.141576316441652,-0.141576316441652,-0.141576316441652,-0.141576316441652,-0.141576316441652
0.399687019200082,0.399687019200082,0.399687019200082,0.399687019200082,0.437342598315103,0.437342598315103,0.437342598315103,0.437342598315103,0.424176848475089,0.424176848475089,0.424176848475089,0.424176848475089,-0.219393013219019,-0.219393013219019,-0.219393013219019,-0.219393013219019,-0.219393013219019,-0.219393013219019,-0.219393013219019,-0.219393013219019
0.484592836105878,0.484592836105878,0.484592836105878,0.484592836105878,0.494745969680354,0.494745969680354,0.494745969680354,0.494745969680354,0.522838442688696,0.522838442688696,0.522838442688696,0.522838442688696,0,0,0,0,0,0,0,0
0.689701075803494,0.689701075803494,0.689701075803494,0.689701075803494,0.689701075803494,0.689701075803494,0.689701075803494,0.689701075803494,0.577818309941684,0.577818309941684,0.577818309941684,0.577818309941684,-0.155043418236511,-0.155043418236511,-0.155043418236511,-0.155043418236511,-0.155043418236511,-0.155043418236511,-0.155043418236511,-0.155043418236511
0.533093964290034,0.533093964290034,0.533093964290034,0.533093964290034,0.18031211665476,0.18031211665476,0.18031211665476,0.18031211665476,-0.175967934069679,-0.175967934069679,-0.175967934069679,-0.175967934069679,0.0701223012563847,0.0701223012563847,0.0701223012563847,0.0701223012563847,0.0701223012563847,0.0701223012563847,0.0701223012563847,0.0701223012563847
0.587475422435953,0.587475422435953,0.587475422435953,0.587475422435953,0.42130796042738,0.42130796042738,0.42130796042738,0.42130796042738,-0.162112146300068,-0.162112146300068,-0.162112146300068,-0.162112146300068,-0.0890276745285039,-0.0890276745285039,-0.0890276745285039,-0.0890276745285039,-0.0890276745285039,-0.0890276745285039,-0.0890276745285039,-0.0890276745285039
0.00661309711419629,0.00661309711419629,0.00661309711419629,0.00661309711419629,0.0670359430535399,0.0670359430535399,0.0670359430535399,0.0670359430535399,0.187238323701267,0.187238323701267,0.187238323701267,0.187238323701267,0.239136983425127,0.239136983425127,0.239136983425127,0.239136983425127,0.239136983425127,0.239136983425127,0.239136983425127,0.239136983425127
0.565689577058376,0.565689577058376,0.565689577058376,0.565689577058376,0.681756850826765,0.681756850826765,0.681756850826765,0.681756850826765,0.509068900089338,0.509068900089338,0.509068900089338,0.509068900089338,-0.135916453907347,-0.135916453907347,-0.135916453907347,-0.135916453907347,-0.135916453907347,-0.135916453907347,-0.135916453907347,-0.135916453907347
-0.156067010330891,-0.156067010330891,-0.156067010330891,-0.156067010330891,-0.0370195576412177,-0.0370195576412177,-0.0370195576412177,-0.0370195576412177,-0.0683662390961064,-0.0683662390961064,-0.0683662390961064,-0.0683662390961064,0.138854419636964,0.138854419636964,0.138854419636964,0.138854419636964,0.138854419636964,0.138854419636964,0.138854419636964,0.138854419636964
0.0915835226455612,0.0915835226455612,0.0915835226455612,0.0915835226455612,0.110253655011041,0.110253655011041,0.110253655011041,0.110253655011041,0.32586695266909,0.32586695266909,0.32586695266909,0.32586695266909,0.111936460326655,0.111936460326655,0.111936460326655,0.111936460326655,0.111936460326655,0.111936460326655,0.111936460326655,0.111936460326655
0.0629166429373338,0.0629166429373338,0.0629166429373338,0.0629166429373338,0.177314000700763,0.177314000700763,0.177314000700763,0.177314000700763,0.0591363452622255,0.0591363452622255,0.0591363452622255,0.0591363452622255,0,0,0,0,0,0,0,0
0.382940488341413,0.382940488341413,0.382940488341413,0.382940488341413,0.384343325509805,0.384343325509805,0.384343325509805,0.384343325509805,0.422972249951773,0.422972249951773,0.422972249951773,0.422972249951773,-0.213696878805432,-0.213696878805432,-0.213696878805432,-0.213696878805432,-0.213696878805432,-0.213696878805432,-0.213696878805432,-0.213696878805432
0.384374839589215,0.384374839589215,0.384374839589215,0.384374839589215,0.401330875808581,0.401330875808581,0.401330875808581,0.401330875808581,0.507671604219162,0.507671604219162,0.507671604219162,0.507671604219162,-0.228960941577249,-0.228960941577249,-0.228960941577249,-0.228960941577249,-0.228960941577249,-0.228960941577249,-0.228960941577249,-0.228960941577249
0.418153406809588,0.418153406809588,0.418153406809588,0.418153406809588,0.418318426107357,0.418318426107357,0.418318426107357,0.418318426107357,0.494873160415318,0.494873160415318,0.494873160415318,0.494873160415318,-0.239136983425127,-0.239136983425127,-0.239136983425127,-0.239136983425127,-0.239136983425127,-0.239136983425127,-0.239136983425127,-0.239136983425127
0.40467443029011,0.425751223534387,0.425751223534387,0.425751223534387,0.401649145800207,0.401649145800207,0.401649145800207,0.401649145800207,0.245950461178476,0.212026259636617,0.483419871971486,0.483419871971486,-0.167904690489982,-0.167904690489982,-0.167904690489982,-0.167904690489982,-0.167904690489982,-0.167904690489982,-0.167904690489982,-0.167904690489982
0.615442362732876,0.619657721381731,0.522704472458059,0.425751223534387,0.393193374309677,0.613043433063475,0.613043433063475,0.503118403686576,0.279874662720334,0.390128317731375,0.390128317731375,0.491900922356951,-0.188256774185738,-0.188256774185738,-0.188256774185738,-0.188256774185738,-0.188256774185738,-0.188256774185738,-0.188256774185738,-0.188256774185738
0.598580928137455,0.615442362732876,0.628088438679442,0.522704472458059,0.393193374309677,0.388965488564411,0.388965488564411,0.600359775827679,0.267153087142137,0.377406742153178,0.377406742153178,0.589433001789795,-0.198432816033616,-0.198432816033616,-0.198432816033616,-0.198432816033616,-0.198432816033616,-0.198432816033616,-0.198432816033616,-0.198432816033616
0.62997784949815,0.62997784949815,0.62997784949815,0.62997784949815,0.630711367524855,0.630711367524855,0.630711367524855,0.630711367524855,0.544471294876757,0.544471294876757,0.544471294876757,0.544471294876757,-0.321257072871912,-0.321257072871912,-0.321257072871912,-0.321257072871912,-0.321257072871912,-0.321257072871912,-0.321257072871912,-0.321257072871912
0.581244380997456,0.581244380997456,0.581244380997456,0.581244380997456,0.590433013840856,0.590433013840856,0.590433013840856,0.590433013840856,0.507954836893903,0.507954836893903,0.507954836893903,0.507954836893903,-0.293905033051992,-0.293905033051992,-0.293905033051992,-0.293905033051992,-0.293905033051992,-0.293905033051992,-0.293905033051992,-0.293905033051992
0.622775857004936,0.622775857004936,0.622775857004936,0.622775857004936,0.621561666660224,0.621561666660224,0.621561666660224,0.621561666660224,0.540738708399244,0.540738708399244,0.540738708399244,0.540738708399244,-0.321995313001745,-0.321995313001745,-0.321995313001745,-0.321995313001745,-0.321995313001745,-0.321995313001745,-0.321995313001745,-0.321995313001745
0.420447005388987,0.462321546408898,0.463835558864227,0.463460444840358,0.426758350531291,0.463741892447712,0.463741892447712,0.463414764596542,0.358042214460051,0.463741892447712,0.463741892447712,0.504015683102103,-0.209719406355878,-0.209719406355878,-0.209719406355878,-0.209719406355878,-0.209719406355878,-0.209719406355878,-0.209719406355878,-0.209719406355878
0.36010793892783,0.404848914584849,0.4028598156286,0.4028598156286,0.366959392661264,0.404441015288636,0.402477981577755,0.402477981577755,0.307546225138093,0.404441015288636,0.465242071552357,0.465242071552357,-0.168391522049023,-0.168391522049023,-0.168391522049023,-0.168391522049023,-0.168391522049023,-0.168391522049023,-0.168391522049023,-0.168391522049023
0.357654351579152,0.377478193246498,0.377478193246498,0.384786662567356,0.350843767037306,0.37692967602411,0.37692967602411,0.37692967602411,0.356552178383394,0.43022903238296,0.43022903238296,0.43022903238296,-0.188087060055387,-0.188087060055387,-0.188087060055387,-0.188087060055387,-0.188087060055387,-0.188087060055387,-0.188087060055387,-0.188087060055387
0.545342993319377,0.545342993319377,0.553216759688454,0.545342993319377,0.246792480896845,0.246792480896845,0.246792480896845,0.246792480896845,-0.178229146413227,-0.178229146413227,-0.178229146413227,-0.178229146413227,0.069269718780521,0.069269718780521,0.069269718780521,0.069269718780521,0.069269718780521,0.069269718780521,0.069269718780521,0.069269718780521
