0.407555756817707,0.407555756817707,0.407555756817707,0.407555756817707,0.393087111691752,0.393087111691752,0.393087111691752,0.393087111691752,0.427557256476497,0.427557256476497,0.427557256476497,0.427557256476497,0.375210061832175,0.375210061832175,0.375210061832175,0.375210061832175,0.188074837328805,0.188074837328805,0.188074837328805,0.188074837328805
0.549529096862048,0.619681747525288,0.619681747525288,0.619681747525288,0.526144879974301,0.619681747525288,0.619681747525288,0.596297530637541,0.526144879974301,0.268918494209087,0.315686927984581,0.315686927984581,-0.231346335092137,-0.170465720594206,-0.206994089292965,-0.206994089292965,0.0526598678926775,0.0526598678926775,0.0526598678926775,0.0526598678926775
0.388148339826388,0.388148339826388,0.388148339826388,0.388148339826388,0.438482552848505,0.438482552848505,0.438482552848505,0.438482552848505,0.37084921130985,0.37084921130985,0.37084921130985,0.37084921130985,0.32992608885243,0.32992608885243,0.32992608885243,0.32992608885243,0.133219676441237,0.133219676441237,0.133219676441237,0.133219676441237
0.431531852002103,0.431531852002103,0.431531852002103,0.431531852002103,0.59502124275492,0.59502124275492,0.59502124275492,0.59502124275492,0.35503166905717,0.35503166905717,0.35503166905717,0.35503166905717,0,0,0,0,0,0,0,0
0.248303460240511,0.45784895811741,0.863150123693206,0.863150123693206,0.863150123693206,0.863150123693206,0.863150123693206,0.863150123693206,0.83094169992205,0.83094169992205,0.83094169992205,0.83094169992205,-0.181691816797599,-0.181691816797599,-0.181691816797599,-0.181691816797599,0.0639863371111239,0.0639863371111239,0.0639863371111239,0.0639863371111239
0.409421573404336,0.537584149290273,0.776510437863727,0.776510437863727,0.788670050484397,0.788670050484397,0.788670050484397,0.788670050484397,0.644345493645385,0.644345493645385,0.644345493645385,0.644345493645385,0.695094979039557,0.695094979039557,0.695094979039557,0.695094979039557,0.358270503052866,0.358270503052866,0.358270503052866,0.358270503052866
0.211574447633467,0.540690255063303,0.822789518574592,0.822789518574592,0.822789518574592,0.822789518574592,0.822789518574592,0.822789518574592,0.705248158778222,0.705248158778222,0.705248158778222,0.705248158778222,0.264696162737266,0.264696162737266,0.264696162737266,0.264696162737266,0.258527102485801,0.258527102485801,0.258527102485801,0.258527102485801
0.163689518214227,0.24553427732134,0.292302711096834,0.292302711096834,0.24553427732134,0.24553427732134,0.24553427732134,0.24553427732134,0.340931441188413,0.340931441188413,0.340931441188413,0.340931441188413,-0.0974089831966893,-0.0974089831966893,-0.0974089831966893,-0.0974089831966893,-0.105890578642809,-0.105890578642809,-0.105890578642809,-0.105890578642809
0.465803182304173,0.465803182304173,0.748822837375063,0.748822837375063,0.748822837375063,0.748822837375063,0.748822837375063,0.748822837375063,0.741494191250148,0.741494191250148,0.741494191250148,0.741494191250148,-0.110019112246345,-0.110019112246345,-0.110019112246345,-0.110019112246345,0.145864991497895,0.145864991497895,0.145864991497895,0.145864991497895
0.313544720667848,0.449052128990656,0.815384128956717,0.815384128956717,0.804334137667873,0.804334137667873,0.804334137667873,0.804334137667873,0.585207568754908,0.585207568754908,0.585207568754908,0.585207568754908,0.744287864798198,0.744287864798198,0.744287864798198,0.744287864798198,0.293294230042707,0.293294230042707,0.293294230042707,0.293294230042707
-0.0116921084438734,0.161557936055368,0.128613192882607,0.128613192882607,0.233842168877467,0.233842168877467,0.233842168877467,0.233842168877467,0.383731290365253,0.383731290365253,0.383731290365253,0.383731290365253,0.15828959769462,0.15828959769462,0.15828959769462,0.15828959769462,0.0756361276020065,0.0756361276020065,0.0756361276020065,0.0756361276020065
0.116335010149422,0.21045795198972,0.436804790075625,0.436804790075625,0.436804790075625,0.436804790075625,0.436804790075625,0.436804790075625,0.335941317648148,0.335941317648148,0.335941317648148,0.335941317648148,-0.155082664767512,-0.155082664767512,-0.155082664767512,-0.155082664767512,0,0,0,0
0.518244149075204,0.518244149075204,0.518244149075204,0.518244149075204,0.525441937512375,0.525441937512375,0.525441937512375,0.525441937512375,0.544510080779204,0.544510080779204,0.544510080779204,0.544510080779204,0.318439175937776,0.318439175937776,0.318439175937776,0.318439175937776,0.181526706244815,0.181526706244815,0.181526706244815,0.181526706244815
0.480780716611936,0.480780716611936,0.480780716611936,0.480780716611936,0.478211201556206,0.478211201556206,0.478211201556206,0.478211201556206,0.496641062688725,0.496641062688725,0.496641062688725,0.496641062688725,0.343414797579954,0.343414797579954,0.343414797579954,0.343414797579954,0.181526706244815,0.181526706244815,0.181526706244815,0.181526706244815
0.443317284148669,0.443317284148669,0.443317284148669,0.443317284148669,0.430980465600038,0.430980465600038,0.430980465600038,0.430980465600038,0.444300120867187,0.444300120867187,0.444300120867187,0.444300120867187,0.368390419222133,0.368390419222133,0.368390419222133,0.368390419222133,0.196653931765217,0.196653931765217,0.196653931765217,0.196653931765217
0.455992229311061,0.502760663086554,0.502760663086554,0.502760663086554,0.526144879974301,0.514452771530428,0.502760663086554,0.502760663086554,0.455992229311061,0.502760663086554,0.502760663086554,0.467684337754934,-0.121761228995862,0,0,0,0.0977968975149726,0.0977968975149726,0.0977968975149726,0.0977968975149726
0.561221205305921,0.607989639081414,0.607989639081414,0.607989639081414,0.444300120867187,0.607989639081414,0.607989639081414,0.607989639081414,0.444300120867187,0.549529096862048,0.607989639081414,0.327379036428454,-0.231346335092137,-0.170465720594206,-0.109585106096275,-0.109585106096275,0.0376141913519125,0.0376141913519125,0.0376141913519125,0.0376141913519125
0.584605422193668,0.631373855969161,0.631373855969161,0.631373855969161,0.467684337754934,0.607989639081414,0.607989639081414,0.607989639081414,0.444300120867187,0.549529096862048,0.607989639081414,0.327379036428454,-0.243522457991723,-0.182641843493792,-0.121761228995862,-0.121761228995862,0.0376141913519125,0.0376141913519125,0.0376141913519125,0.0376141913519125
0.417271827277114,0.417271827277114,0.417271827277114,0.417271827277114,0.564968346682416,0.564968346682416,0.564968346682416,0.564968346682416,0.735263147626197,0.735263147626197,0.735263147626197,0.735263147626197,0.45301987395554,0.45301987395554,0.45301987395554,0.45301987395554,0.510527470242631,0.510527470242631,0.510527470242631,0.510527470242631
0.427889468642442,0.427889468642442,0.427889468642442,0.427889468642442,0.646868596030511,0.646868596030511,0.646868596030511,0.646868596030511,0.733315427257402,0.733315427257402,0.733315427257402,0.733315427257402,0.438910681509773,0.438910681509773,0.438910681509773,0.438910681509773,0.490990253030983,0.490990253030983,0.490990253030983,0.490990253030983
0.505427847124392,0.505427847124392,0.505427847124392,0.505427847124392,0.642690466723479,0.642690466723479,0.642690466723479,0.642690466723479,0.741494191250148,0.741494191250148,0.741494191250148,0.741494191250148,0.381831036619669,0.381831036619669,0.381831036619669,0.381831036619669,0.510527470242631,0.510527470242631,0.510527470242631,0.510527470242631
0.299121520808059,0.592377913757137,0.592377913757137,0.592377913757137,0.631446025353402,0.631446025353402,0.631446025353402,0.631446025353402,0.638410675466322,0.638410675466322,0.638410675466322,0.638410675466322,0.238189746995907,0.238189746995907,0.238189746995907,0.238189746995907,0.435285750066007,0.435285750066007,0.435285750066007,0.435285750066007
0.623346101629401,0.575820861816414,0.623346101629401,0.623346101629401,0.623346101629401,0.623346101629401,0.623346101629401,0.601458597981423,0.546879301683486,0.493972382423299,0.493972382423299,0.546879301683486,0.167818789989031,0.167818789989031,0.167818789989031,0.167818789989031,0.436435780471985,0.436435780471985,0.436435780471985,0.436435780471985
0.561767478038842,0.466147481776911,0.561767478038842,0.561767478038842,0.561767478038842,0.561767478038842,0.561767478038842,0.561767478038842,0.561767478038842,0.442242482711429,0.442242482711429,0.442242482711429,0.157428673603294,0.157428673603294,0.157428673603294,0.157428673603294,0.406571699025015,0.406571699025015,0.406571699025015,0.406571699025015
0.164997311449642,0.754273423769791,0.754273423769791,0.754273423769791,0.813201035001806,0.754273423769791,0.754273423769791,0.754273423769791,0.564576571270805,0.625943589887196,0.625943589887196,0.625943589887196,0.685739303761477,0.685739303761477,0.685739303761477,0.685739303761477,0.243757474709044,0.243757474709044,0.243757474709044,0.243757474709044
