-0.0332183752157959,-0.0332183752157959,-0.0332183752157959,-0.0332183752157959,-0.0264373623014603,-0.0264373623014603,-0.0264373623014603,-0.0264373623014603,0.421860286937412,0.421860286937412,0.421860286937412,0.421860286937412,0.421860286937412,0.421860286937412,0.421860286937412,0.421860286937412,0.504287250971724,0.504287250971724,0.504287250971724,0.504287250971724
-0.0315930930389507,-0.0315930930389507,-0.0189558558233704,-0.0189558558233704,-0.0568675674701113,-0.0568675674701113,-0.0568675674701113,-0.0568675674701113,-0.127015492706968,-0.101612394165574,-0.101612394165574,-0.101612394165574,-0.127015492706968,-0.101612394165574,-0.101612394165574,-0.101612394165574,-0.35564337957951,-0.330240281038116,-0.330240281038116,-0.330240281038116
-0.0464075082435843,-0.0464075082435843,-0.0464075082435843,-0.0464075082435843,-0.0395722924749612,-0.0395722924749612,-0.0395722924749612,-0.0395722924749612,0.420969345526985,0.420969345526985,0.420969345526985,0.420969345526985,0.420969345526985,0.420969345526985,0.420969345526985,0.420969345526985,0.511471773930318,0.511471773930318,0.511471773930318,0.511471773930318
0.554833585717653,0.554833585717653,0.554833585717653,0.554833585717653,0.554833585717653,0.554833585717653,0.554833585717653,0.554833585717653,0,0,0,0,0,0,0,0,0,0,0,0
0.628618557093712,0.628618557093712,0.628618557093712,0.628618557093712,0.35921060405355,0.35921060405355,0.35921060405355,0.35921060405355,0.103695169473043,0.103695169473043,0.103695169473043,0.103695169473043,0.103695169473043,0.103695169473043,0.103695169473043,0.103695169473043,-0.163956458945988,-0.163956458945988,-0.163956458945988,-0.163956458945988
0.611847252095758,0.611847252095758,0.611847252095758,0.611847252095758,0.611847252095758,0.611847252095758,0.611847252095758,0.611847252095758,0.477736708835307,0.477736708835307,0.477736708835307,0.477736708835307,0.477736708835307,0.477736708835307,0.477736708835307,0.477736708835307,0.29904998630487,0.29904998630487,0.29904998630487,0.29904998630487
0.627355000927509,0.627355000927509,0.627355000927509,0.627355000927509,0.388519270096581,0.388519270096581,0.388519270096581,0.388519270096581,0.143800064377283,0.143800064377283,0.143800064377283,0.143800064377283,0.143800064377283,0.143800064377283,0.143800064377283,0.143800064377283,-0.144869508539477,-0.144869508539477,-0.144869508539477,-0.144869508539477
-0.429620079486996,-0.429620079486996,-0.429620079486996,-0.429620079486996,-0.312009984479258,-0.312009984479258,-0.312009984479258,-0.312009984479258,-0.429620079486996,-0.429620079486996,-0.429620079486996,-0.429620079486996,-0.429620079486996,-0.429620079486996,-0.429620079486996,-0.429620079486996,-0.104003328159753,-0.104003328159753,-0.104003328159753,-0.104003328159753
0.178885438199983,0.178885438199983,0.178885438199983,0.178885438199983,0.383325938999964,0.383325938999964,0.383325938999964,0.383325938999964,0.116189500386223,0.116189500386223,0.116189500386223,0.116189500386223,0.116189500386223,0.116189500386223,0.116189500386223,0.116189500386223,-0.146969384566991,-0.146969384566991,-0.146969384566991,-0.146969384566991
0.166107906899984,0.166107906899984,0.166107906899984,0.166107906899984,0.497995983919549,0.497995983919549,0.497995983919549,0.497995983919549,0.497995983919549,0.497995983919549,0.497995983919549,0.497995983919549,0.497995983919549,0.497995983919549,0.497995983919549,0.497995983919549,0.296647939483827,0.296647939483827,0.296647939483827,0.296647939483827
-0.279434083955329,-0.279434083955329,-0.279434083955329,-0.279434083955329,-0.274487345872056,-0.274487345872056,-0.274487345872056,-0.274487345872056,-0.182754506062548,-0.182754506062548,-0.182754506062548,-0.182754506062548,-0.182754506062548,-0.182754506062548,-0.182754506062548,-0.182754506062548,0.159688591508002,0.159688591508002,0.159688591508002,0.159688591508002
0.583604083559786,0.583604083559786,0.583604083559786,0.583604083559786,0.166336959782615,0.166336959782615,0.166336959782615,0.166336959782615,-0.461543795609082,-0.461543795609082,-0.461543795609082,-0.461543795609082,-0.461543795609082,-0.461543795609082,-0.461543795609082,-0.461543795609082,0,0,0,0
0,0,0,0,0.00638342664818735,0.00638342664818735,0.00638342664818735,0.00638342664818735,0.407440676833254,0.407440676833254,0.407440676833254,0.407440676833254,0.407440676833254,0.407440676833254,0.407440676833254,0.407440676833254,0.463096915373206,0.463096915373206,0.463096915373206,0.463096915373206
0,0,0,0,0.00638342664818735,0.00638342664818735,0.00638342664818735,0.00638342664818735,0.407440676833254,0.407440676833254,0.407440676833254,0.407440676833254,0.407440676833254,0.407440676833254,0.407440676833254,0.407440676833254,0.463096915373206,0.463096915373206,0.463096915373206,0.463096915373206
-0.0127015492706968,-0.0127015492706968,-0.0127015492706968,-0.0127015492706968,0.00638342664818735,0.00638342664818735,0.00638342664818735,0.00638342664818735,0.407440676833254,0.407440676833254,0.407440676833254,0.407440676833254,0.407440676833254,0.407440676833254,0.407440676833254,0.407440676833254,0.463096915373206,0.463096915373206,0.463096915373206,0.463096915373206
-0.0821420419012719,-0.044230330254531,-0.0315930930389507,-0.0315930930389507,-0.0947792791168522,-0.0695048046856916,-0.0695048046856916,-0.0695048046856916,-0.0381046478120903,-0.114313943436271,-0.114313943436271,-0.114313943436271,-0.0381046478120903,-0.114313943436271,-0.114313943436271,-0.114313943436271,-0.215926337601845,-0.292135633226026,-0.292135633226026,-0.292135633226026
-0.107416516332432,-0.0695048046856916,-0.0568675674701113,-0.0568675674701113,-0.0947792791168522,-0.0947792791168522,-0.0947792791168522,-0.0947792791168522,-0.114313943436271,-0.139717041977664,-0.139717041977664,-0.139717041977664,-0.114313943436271,-0.139717041977664,-0.139717041977664,-0.139717041977664,-0.317538731767419,-0.342941830308813,-0.342941830308813,-0.342941830308813
-0.0821420419012719,-0.044230330254531,-0.0315930930389507,-0.0315930930389507,-0.0695048046856916,-0.0695048046856916,-0.0695048046856916,-0.0695048046856916,-0.114313943436271,-0.114313943436271,-0.114313943436271,-0.114313943436271,-0.114313943436271,-0.114313943436271,-0.114313943436271,-0.114313943436271,-0.342941830308813,-0.342941830308813,-0.342941830308813,-0.342941830308813
0.615655957548139,0.615655957548139,0.615655957548139,0.615655957548139,0.602960656804173,0.602960656804173,0.602960656804173,0.602960656804173,0.596247224469995,0.596247224469995,0.596247224469995,0.596247224469995,0.596247224469995,0.596247224469995,0.596247224469995,0.596247224469995,0.459078085048767,0.459078085048767,0.459078085048767,0.459078085048767
0.600141827209167,0.600141827209167,0.600141827209167,0.600141827209167,0.587766439799945,0.587766439799945,0.587766439799945,0.587766439799945,0.580947501931113,0.580947501931113,0.580947501931113,0.580947501931113,0.580947501931113,0.580947501931113,0.580947501931113,0.580947501931113,0.440908153700972,0.440908153700972,0.440908153700972,0.440908153700972
0.604179992036995,0.604179992036995,0.604179992036995,0.604179992036995,0.604179992036995,0.604179992036995,0.604179992036995,0.604179992036995,0.597452983486051,0.597452983486051,0.597452983486051,0.597452983486051,0.597452983486051,0.597452983486051,0.597452983486051,0.597452983486051,0.460006454217468,0.460006454217468,0.460006454217468,0.460006454217468
0.457275314724198,0.506359829339498,0.521680288629014,0.521680288629014,0.470156309505161,0.470156309505161,0.495918299067088,0.495918299067088,0.462014045587126,0.462014045587126,0.462014045587126,0.462014045587126,0.462014045587126,0.462014045587126,0.462014045587126,0.462014045587126,0.304549958966957,0.304549958966957,0.462014045587126,0.462014045587126
0.395370517726665,0.461265604014443,0.45476203737592,0.45476203737592,0.408549534984221,0.434907569499332,0.457521023173297,0.457521023173297,0.399467730968481,0.399467730968481,0.440073065070419,0.440073065070419,0.399467730968481,0.399467730968481,0.440073065070419,0.440073065070419,0.235802537898625,0.399467730968481,0.440073065070419,0.440073065070419
0.175103692087664,0.236935236168676,0.253445722666269,0.253445722666269,0.189111987454677,0.217128578188704,0.236003446672382,0.236003446672382,0.176918286585093,0.176918286585093,0.211955687999199,0.211955687999199,0.176918286585093,0.176918286585093,0.211955687999199,0.211955687999199,-0.134457897804671,0.176918286585093,0.211955687999199,0.211955687999199
0.522834158565015,0.522834158565015,0.522834158565015,0.522834158565015,0.522834158565015,0.522834158565015,0.522834158565015,0.522834158565015,0.36874413903406,0.36874413903406,0.36874413903406,0.36874413903406,0.36874413903406,0.36874413903406,0.36874413903406,0.36874413903406,0.296056417580228,0.296056417580228,0.296056417580228,0.296056417580228
