0.0820763482746874,0.0820763482746874,0.0820763482746874,0.0820763482746874,0.102998562378988,0.102998562378988,0.102998562378988,0.102998562378988,0.295290354954907,0.295290354954907,0.295290354954907,0.295290354954907,0.232146969760241,0.232146969760241,0.232146969760241,0.232146969760241,0.232146969760241,0.232146969760241,0.232146969760241,0.232146969760241
0.627513027305031,0.627513027305031,0.602158965595737,0.627513027305031,0.55146336424577,0.576804903886443,0.564127873031796,0.58948193474109,0.0262726134159355,0.0262726134159355,-0.223317214035451,0.0262726134159355,-0.326464312549505,-0.326464312549505,-0.326464312549505,-0.326464312549505,-0.326464312549505,-0.326464312549505,-0.326464312549505,-0.326464312549505
0.365187375608732,0.365187375608732,0.365187375608732,0.365187375608732,0.332090835739583,0.332090835739583,0.332090835739583,0.332090835739583,0.629427124996578,0.629427124996578,0.629427124996578,0.629427124996578,0.281867260501061,0.281867260501061,0.281867260501061,0.281867260501061,0.281867260501061,0.281867260501061,0.281867260501061,0.281867260501061
0.364734136288129,0.364734136288129,0.364734136288129,0.364734136288129,0.364734136288129,0.364734136288129,0.364734136288129,0.364734136288129,0,0,0,0,0,0,0,0,0,0,0,0
0.842749828079053,0.842749828079053,0.842749828079053,0.842749828079053,0.842749828079053,0.842749828079053,0.842749828079053,0.842749828079053,0.230283093235919,0.230283093235919,0.230283093235919,0.230283093235919,-0.284985223371506,-0.284985223371506,-0.284985223371506,-0.284985223371506,-0.284985223371506,-0.284985223371506,-0.284985223371506,-0.284985223371506
0.688081716402669,0.688081716402669,0.688081716402669,0.688081716402669,0.49041064563758,0.49041064563758,0.49041064563758,0.49041064563758,0.301796282122446,0.301796282122446,0.301796282122446,0.301796282122446,0.301796282122446,0.301796282122446,0.301796282122446,0.301796282122446,0.301796282122446,0.301796282122446,0.301796282122446,0.301796282122446
0.692588594873345,0.692588594873345,0.692588594873345,0.692588594873345,0.661306742607703,0.661306742607703,0.661306742607703,0.661306742607703,0.101864487408769,0.101864487408769,0.101864487408769,0.101864487408769,-0.225775629822205,-0.225775629822205,-0.225775629822205,-0.225775629822205,-0.225775629822205,-0.225775629822205,-0.225775629822205,-0.225775629822205
0.0430797101779167,0.0430797101779167,0.0430797101779167,0.0430797101779167,0.028452639985088,0.028452639985088,0.028452639985088,0.028452639985088,0.0548501086047218,0.0548501086047218,0.0548501086047218,0.0548501086047218,0.240246913060236,0.240246913060236,0.240246913060236,0.240246913060236,0.240246913060236,0.240246913060236,0.240246913060236,0.240246913060236
0.813474100997905,0.813474100997905,0.813474100997905,0.813474100997905,0.813474100997905,0.813474100997905,0.813474100997905,0.813474100997905,0.229631654609057,0.229631654609057,0.229631654609057,0.229631654609057,-0.242078441547758,-0.242078441547758,-0.242078441547758,-0.242078441547758,-0.242078441547758,-0.242078441547758,-0.242078441547758,-0.242078441547758
-0.00698976051114248,-0.00698976051114248,-0.00698976051114248,-0.00698976051114248,-0.0276131436709597,-0.0276131436709597,-0.0276131436709597,-0.0276131436709597,0.332362928557127,0.332362928557127,0.332362928557127,0.332362928557127,0.332362928557127,0.332362928557127,0.332362928557127,0.332362928557127,0.332362928557127,0.332362928557127,0.332362928557127,0.332362928557127
0.0653385466861646,0.0653385466861646,0.0653385466861646,0.0653385466861646,0.0778007932479651,0.0778007932479651,0.0778007932479651,0.0778007932479651,0.195893245016864,0.195893245016864,0.195893245016864,0.195893245016864,0.184805317738643,0.184805317738643,0.184805317738643,0.184805317738643,0.184805317738643,0.184805317738643,0.184805317738643,0.184805317738643
0.291386502063797,0.291386502063797,0.291386502063797,0.291386502063797,0.278812925232266,0.278812925232266,0.278812925232266,0.278812925232266,0,0,0,0,0,0,0,0,0,0,0,0
0.209171009101677,0.234525070810971,0.234525070810971,0.234525070810971,0.209171009101677,0.259879132520266,0.259879132520266,0.259879132520266,-0.0525452268318709,-0.0525452268318709,-0.223317214035451,-0.0525452268318709,-0.272053593791254,-0.272053593791254,-0.272053593791254,-0.272053593791254,-0.272053593791254,-0.272053593791254,-0.272053593791254,-0.272053593791254
0.475388657049266,0.488065687903913,0.50074271875856,0.488065687903913,0.50074271875856,0.526096780467855,0.526096780467855,0.526096780467855,-0.0656815335398387,-0.0656815335398387,-0.236453520743419,-0.0656815335398387,-0.290190500044005,-0.290190500044005,-0.290190500044005,-0.290190500044005,-0.290190500044005,-0.290190500044005,-0.290190500044005,-0.290190500044005
0.462711626194619,0.475388657049266,0.488065687903913,0.475388657049266,0.488065687903913,0.513419749613207,0.513419749613207,0.513419749613207,-0.0788178402478064,-0.0788178402478064,-0.249589827451387,-0.0788178402478064,-0.308327406296755,-0.308327406296755,-0.308327406296755,-0.308327406296755,-0.308327406296755,-0.308327406296755,-0.308327406296755,-0.308327406296755
0.209171009101677,0.234525070810971,0.234525070810971,0.234525070810971,0.209171009101677,0.259879132520266,0.259879132520266,0.259879132520266,-0.0525452268318709,-0.0525452268318709,-0.223317214035451,-0.0525452268318709,-0.272053593791254,-0.272053593791254,-0.272053593791254,-0.272053593791254,-0.272053593791254,-0.272053593791254,-0.272053593791254,-0.272053593791254
0.475388657049266,0.488065687903913,0.50074271875856,0.488065687903913,0.50074271875856,0.526096780467855,0.526096780467855,0.526096780467855,-0.0656815335398387,-0.0656815335398387,-0.236453520743419,-0.0656815335398387,-0.290190500044005,-0.290190500044005,-0.290190500044005,-0.290190500044005,-0.290190500044005,-0.290190500044005,-0.290190500044005,-0.290190500044005
0.462711626194619,0.475388657049266,0.488065687903913,0.475388657049266,0.488065687903913,0.513419749613207,0.513419749613207,0.513419749613207,-0.0788178402478064,-0.0788178402478064,-0.249589827451387,-0.0788178402478064,-0.308327406296755,-0.308327406296755,-0.308327406296755,-0.308327406296755,-0.308327406296755,-0.308327406296755,-0.308327406296755,-0.308327406296755
0.719353130634511,0.719353130634511,0.719353130634511,0.719353130634511,0.719353130634511,0.719353130634511,0.719353130634511,0.719353130634511,0.590481397566147,0.590481397566147,0.590481397566147,0.590481397566147,-0.178927543752691,-0.178927543752691,-0.178927543752691,-0.178927543752691,-0.178927543752691,-0.178927543752691,-0.178927543752691,-0.178927543752691
0.660715865213977,0.660715865213977,0.660715865213977,0.660715865213977,0.660715865213977,0.660715865213977,0.660715865213977,0.660715865213977,0.526361355967815,0.526361355967815,0.526361355967815,0.526361355967815,-0.211100165460375,-0.211100165460375,-0.211100165460375,-0.211100165460375,-0.211100165460375,-0.211100165460375,-0.211100165460375,-0.211100165460375
0.54455704281678,0.54455704281678,0.54455704281678,0.54455704281678,0.54455704281678,0.54455704281678,0.54455704281678,0.54455704281678,0.393654265044098,0.393654265044098,0.393654265044098,0.393654265044098,-0.199977843017713,-0.199977843017713,-0.199977843017713,-0.199977843017713,-0.199977843017713,-0.199977843017713,-0.199977843017713,-0.199977843017713
0.686666666666667,0.686666666666667,0.686666666666667,0.686666666666667,0.686666666666667,0.686666666666667,0.686666666666667,0.686666666666667,0.569275042553311,0.569275042553311,0.569275042553311,0.569275042553311,-0.177430215807459,-0.177430215807459,-0.177430215807459,-0.177430215807459,-0.177430215807459,-0.177430215807459,-0.177430215807459,-0.177430215807459
0.541506279076549,0.488024177439359,0.488024177439359,0.488024177439359,0.541506279076549,0.488024177439359,0.488024177439359,0.488024177439359,0.449152591999715,0.39144890166881,0.39144890166881,0.39144890166881,-0.136060401682941,-0.136060401682941,-0.136060401682941,-0.136060401682941,-0.136060401682941,-0.136060401682941,-0.136060401682941,-0.136060401682941
0.482689096670873,0.429056974818554,0.429056974818554,0.429056974818554,0.482689096670873,0.429056974818554,0.429056974818554,0.429056974818554,0.38804768329883,0.327122447675394,0.327122447675394,0.38804768329883,-0.125946515573854,-0.125946515573854,-0.125946515573854,-0.125946515573854,-0.125946515573854,-0.125946515573854,-0.125946515573854,-0.125946515573854
0.483691243719934,0.483691243719934,0.483691243719934,0.483691243719934,0.279799933846715,0.279799933846715,0.279799933846715,0.279799933846715,0.328564370336385,0.328564370336385,0.328564370336385,0.328564370336385,0.328564370336385,0.328564370336385,0.328564370336385,0.328564370336385,0.328564370336385,0.328564370336385,0.328564370336385,0.328564370336385
