0.272725864609647,0.272725864609647,0.272725864609647,0.272725864609647,0.365539341956669,0.365539341956669,0.365539341956669,0.365539341956669,0.165598354568851,0.165598354568851,0.165598354568851,0.165598354568851,0.0183561883000471,0.0183561883000471,0.0183561883000471,0.0183561883000471,-0.0781592769695211,-0.0781592769695211,-0.0781592769695211,-0.0781592769695211
0.533679931560436,0.721824720991912,0.739915566129554,0.721824720991912,0.519207255450323,0.721824720991912,0.739915566129554,0.721824720991912,-0.0235180986789345,0.634988664331231,0.624134157248646,0.624134157248646,-0.225013592132094,-0.042771178669737,-0.0464904115975402,-0.0539288774531466,-0.410424687371483,-0.423184004077332,-0.427437109645949,-0.435943320783181
0.267454783281777,0.267454783281777,0.267454783281777,0.267454783281777,0.370777916519348,0.370777916519348,0.370777916519348,0.370777916519348,0.158769892530814,0.158769892530814,0.158769892530814,0.158769892530814,-0.0134314210717481,-0.0134314210717481,-0.0134314210717481,-0.0134314210717481,-0.0617150428527503,-0.0617150428527503,-0.0617150428527503,-0.0617150428527503
0.37532730339784,0.37532730339784,0.37532730339784,0.37532730339784,0.495898768738079,0.495898768738079,0.495898768738079,0.495898768738079,0.296908200064583,0.296908200064583,0.296908200064583,0.296908200064583,0.278375425447142,0.278375425447142,0.278375425447142,0.278375425447142,0.278375425447142,0.278375425447142,0.278375425447142,0.278375425447142
0.274353665101849,0.323859972400288,0.433289581436713,0.433289581436713,0.50005201971023,0.50005201971023,0.50005201971023,0.50005201971023,0.451241720723501,0.451241720723501,0.451241720723501,0.451241720723501,-0.00294138003334382,-0.00294138003334382,-0.00294138003334382,-0.00294138003334382,-0.242132406760748,-0.242132406760748,-0.242132406760748,-0.242132406760748
0.0567679082468902,0.291616102819246,0.54039622935265,0.54039622935265,0.571457836772179,0.571457836772179,0.571457836772179,0.571457836772179,0.558421315793088,0.558421315793088,0.558421315793088,0.558421315793088,0.539930643244572,0.539930643244572,0.539930643244572,0.539930643244572,0.534620129554427,0.534620129554427,0.534620129554427,0.534620129554427
0.268661394197657,0.388469853772288,0.482232202304035,0.482232202304035,0.560264915136449,0.560264915136449,0.560264915136449,0.560264915136449,0.519778241291195,0.519778241291195,0.519778241291195,0.519778241291195,0.339071144872327,0.339071144872327,0.339071144872327,0.339071144872327,0.254266647064499,0.254266647064499,0.254266647064499,0.254266647064499
0.251462747413222,0.103117817284559,0.106735986312087,0.106735986312087,0.0922633102019737,0.0922633102019737,0.0922633102019737,0.0922633102019737,0.115900956056668,0.115900956056668,0.115900956056668,0.115900956056668,0.352385127192612,0.352385127192612,0.352385127192612,0.352385127192612,0.235861129575502,0.235861129575502,0.235861129575502,0.235861129575502
0.591548741095976,0.745051895431008,0.760027812927109,0.760027812927109,0.760027812927109,0.760027812927109,0.760027812927109,0.760027812927109,0.711356081064782,0.711356081064782,0.711356081064782,0.711356081064782,0.244450603519352,0.244450603519352,0.244450603519352,0.244450603519352,-0.0159706410060196,-0.0159706410060196,-0.0159706410060196,-0.0159706410060196
0.490125516441671,0.515539432109017,0.646117267011709,0.646117267011709,0.65974484488369,0.65974484488369,0.65974484488369,0.65974484488369,0.623248703641189,0.623248703641189,0.623248703641189,0.623248703641189,0.569953612350429,0.569953612350429,0.569953612350429,0.569953612350429,0.550688791753935,0.550688791753935,0.550688791753935,0.550688791753935
0.341916973101432,0.294880775743563,0.298498944771091,0.298498944771091,0.360007818239074,0.360007818239074,0.360007818239074,0.360007818239074,0.397833455445188,0.397833455445188,0.397833455445188,0.397833455445188,0.216707431161232,0.216707431161232,0.216707431161232,0.216707431161232,-0.0281302264631333,-0.0281302264631333,-0.0281302264631333,-0.0281302264631333
0.376678107184172,0.0833038121657305,-0.032597143890938,-0.032597143890938,-0.0343726057615196,-0.0343726057615196,-0.0343726057615196,-0.0343726057615196,-0.0491502501738931,-0.0491502501738931,-0.0491502501738931,-0.0491502501738931,0.326087169964285,0.326087169964285,0.326087169964285,0.326087169964285,0.326087169964285,0.326087169964285,0.326087169964285,0.326087169964285
0.378098663376716,0.378098663376716,0.378098663376716,0.378098663376716,0.428270547964527,0.428270547964527,0.428270547964527,0.428270547964527,0.141967562414143,0.141967562414143,0.141967562414143,0.141967562414143,0.0772609102400913,0.0772609102400913,0.0772609102400913,0.0772609102400913,-0.144978859463841,-0.144978859463841,-0.144978859463841,-0.144978859463841
0.334680635046375,0.334680635046375,0.334680635046375,0.334680635046375,0.381716832404244,0.381716832404244,0.381716832404244,0.381716832404244,0.138980921888689,0.138980921888689,0.138980921888689,0.138980921888689,0.0961050346888941,0.0961050346888941,0.0961050346888941,0.0961050346888941,-0.0930461336857485,-0.0930461336857485,-0.0930461336857485,-0.0930461336857485
0.284026268660978,0.284026268660978,0.284026268660978,0.284026268660978,0.378098663376716,0.378098663376716,0.378098663376716,0.378098663376716,0.145099758255781,0.145099758255781,0.145099758255781,0.145099758255781,0.0772609102400913,0.0772609102400913,0.0772609102400913,0.0772609102400913,-0.0973738608339228,-0.0973738608339228,-0.0973738608339228,-0.0973738608339228
0.609661481138532,0.606043312111004,0.443225705872227,0.443225705872227,0.486643734202567,0.606043312111004,0.443225705872227,0.443225705872227,0.085026972146917,0.446843874899755,0.454080212954812,0.450462043927283,-0.0130173152473112,0.0130173152473112,0.0353327128141305,0.0353327128141305,-0.329615681567771,-0.299843942587457,-0.274325309175758,-0.274325309175758
0.584334297945833,0.653079509468873,0.653079509468873,0.649461340441344,0.410662184624471,0.656697678496401,0.653079509468873,0.653079509468873,0.0198999296514061,0.598806974055947,0.464934720037397,0.45769838198234,-0.0464904115975402,-0.0502096445253434,-0.0353327128141305,-0.0204557811029177,-0.338121892705004,-0.342374998273621,-0.325362575999155,-0.325362575999155
0.533679931560436,0.678406692661571,0.678406692661571,0.678406692661571,0.414280353652,0.685643030716628,0.678406692661571,0.678406692661571,0.00180908451376419,0.598806974055947,0.475789227119982,0.464934720037397,-0.0576481103809498,-0.061367343308753,-0.0353327128141305,-0.0985596725867852,-0.346628103842237,-0.350881209410853,-0.338121892705004,-0.342374998273621
0.531960696868969,0.531960696868969,0.531960696868969,0.531960696868969,0.535532581944418,0.535532581944418,0.535532581944418,0.535532581944418,0.307006308670064,0.307006308670064,0.307006308670064,0.307006308670064,0.238630351054606,0.238630351054606,0.238630351054606,0.238630351054606,0.135750448551166,0.135750448551166,0.135750448551166,0.135750448551166
0.505920662756502,0.505920662756502,0.505920662756502,0.505920662756502,0.554280726108227,0.554280726108227,0.554280726108227,0.554280726108227,0.307006308670064,0.307006308670064,0.307006308670064,0.307006308670064,0.261911360913592,0.261911360913592,0.261911360913592,0.261911360913592,0.159706410060196,0.159706410060196,0.159706410060196,0.159706410060196
0.454222967484962,0.454222967484962,0.454222967484962,0.454222967484962,0.541282369586246,0.541282369586246,0.541282369586246,0.541282369586246,0.346672326669225,0.346672326669225,0.346672326669225,0.346672326669225,0.272423137565502,0.272423137565502,0.272423137565502,0.272423137565502,0.17063023229633,0.17063023229633,0.17063023229633,0.17063023229633
0.552389971066347,0.449531148867786,0.449531148867786,0.449531148867786,0.548852752377662,0.449531148867786,0.449531148867786,0.449531148867786,0.117077408171777,0.321231074445489,0.321231074445489,0.30476688058833,0.236889684839567,0.236889684839567,0.236889684839567,0.236889684839567,0.0893777407266493,0.0893777407266493,0.0893777407266493,0.0893777407266493
0.476672580256587,0.387538683135437,0.387538683135437,0.387538683135437,0.383663296304083,0.387538683135437,0.391414069966791,0.387538683135437,0.170784360771585,0.33715865432783,0.326779517072114,0.31003094650835,0.277128548309331,0.277128548309331,0.277128548309331,0.277128548309331,0.10745269585903,0.10745269585903,0.10745269585903,0.10745269585903
0.49776510972051,0.366878666527069,0.366878666527069,0.366878666527069,0.398608713361843,0.366878666527069,0.366878666527069,0.366878666527069,0.223085789887762,0.325584014136004,0.327216107983602,0.323249852129256,0.262046300073088,0.262046300073088,0.262046300073088,0.262046300073088,0.0719049115269824,0.0719049115269824,0.0719049115269824,0.0719049115269824
0.331080433715652,0.331080433715652,0.331080433715652,0.331080433715652,0.282720370363928,0.282720370363928,0.282720370363928,0.282720370363928,0.311918179898972,0.311918179898972,0.311918179898972,0.311918179898972,-0.11640504929493,-0.11640504929493,-0.11640504929493,-0.11640504929493,-0.199633012575244,-0.199633012575244,-0.199633012575244,-0.199633012575244
