0.13116073809441,0.13116073809441,0.13116073809441,0.13116073809441,0.297065673662948,0.297065673662948,0.297065673662948,0.297065673662948,0.130656038416417,0.130656038416417,0.130656038416417,0.130656038416417,-0.205087699565805,-0.205087699565805,-0.205087699565805,-0.205087699565805,-0.205087699565805,-0.205087699565805,-0.205087699565805,-0.205087699565805
0.392310502942663,0.586561334496797,0.586561334496797,0.571325975159217,0.300898346917188,0.586561334496797,0.582752494662402,0.567517135324823,0.159971273044581,-0.0685591170191061,-0.0723679568535009,-0.0723679568535009,-0.157468170740073,-0.157468170740073,-0.157468170740073,-0.157468170740073,-0.157468170740073,-0.157468170740073,-0.157468170740073,-0.157468170740073
0.133439279582337,0.133439279582337,0.133439279582337,0.133439279582337,0.349652128471133,0.349652128471133,0.349652128471133,0.349652128471133,0.072859212522195,0.072859212522195,0.072859212522195,0.072859212522195,-0.204924607930018,-0.204924607930018,-0.204924607930018,-0.204924607930018,-0.204924607930018,-0.204924607930018,-0.204924607930018,-0.204924607930018
0.361301980322928,0.361301980322928,0.361301980322928,0.361301980322928,0.410440009034524,0.410440009034524,0.410440009034524,0.410440009034524,0,0,0,0,0,0,0,0,0,0,0,0
0.234103674699598,0.612571282130615,0.612571282130615,0.612571282130615,0.698409296187135,0.698409296187135,0.698409296187135,0.698409296187135,0.544973337736595,0.544973337736595,0.544973337736595,0.544973337736595,-0.111648974217206,-0.111648974217206,-0.111648974217206,-0.111648974217206,-0.111648974217206,-0.111648974217206,-0.111648974217206,-0.111648974217206
0.131279023921464,0.650944361756932,0.650944361756932,0.650944361756932,0.638245981668051,0.638245981668051,0.638245981668051,0.638245981668051,0.464899686608684,0.464899686608684,0.464899686608684,0.464899686608684,0.208231682518141,0.208231682518141,0.208231682518141,0.208231682518141,0.208231682518141,0.208231682518141,0.208231682518141,0.208231682518141
0.214521600791058,0.610568284246681,0.610568284246681,0.610568284246681,0.652352364206145,0.652352364206145,0.652352364206145,0.652352364206145,0.497083289893954,0.497083289893954,0.497083289893954,0.497083289893954,0.138586240178126,0.138586240178126,0.138586240178126,0.138586240178126,0.138586240178126,0.138586240178126,0.138586240178126,0.138586240178126
-0.219273273382215,0.108683274632924,0.108683274632924,0.108683274632924,0.133309394203817,0.133309394203817,0.133309394203817,0.133309394203817,0.141612854437743,0.141612854437743,0.141612854437743,0.141612854437743,-0.0555770014376728,-0.0555770014376728,-0.0555770014376728,-0.0555770014376728,-0.0555770014376728,-0.0555770014376728,-0.0555770014376728,-0.0555770014376728
0.247416106578284,0.626272019776281,0.626272019776281,0.626272019776281,0.688126046420852,0.688126046420852,0.688126046420852,0.688126046420852,0.670477122597283,0.670477122597283,0.670477122597283,0.670477122597283,-0.104115841259071,-0.104115841259071,-0.104115841259071,-0.104115841259071,-0.104115841259071,-0.104115841259071,-0.104115841259071,-0.104115841259071
0.15479368133623,0.491135507449518,0.491135507449518,0.491135507449518,0.60612009372056,0.60612009372056,0.60612009372056,0.60612009372056,0.509426708108493,0.509426708108493,0.509426708108493,0.509426708108493,0.207129503301498,0.207129503301498,0.207129503301498,0.207129503301498,0.207129503301498,0.207129503301498,0.207129503301498,0.207129503301498
0.139190860494797,0.131563964029329,0.131563964029329,0.131563964029329,0.137118234038212,0.137118234038212,0.137118234038212,0.137118234038212,0.145440228882006,0.145440228882006,0.145440228882006,0.145440228882006,-0.0648398350106183,-0.0648398350106183,-0.0648398350106183,-0.0648398350106183,-0.0648398350106183,-0.0648398350106183,-0.0648398350106183,-0.0648398350106183
-0.318422927433303,0.0705487923055821,0.0705487923055821,0.0705487923055821,0.123456811457662,0.123456811457662,0.123456811457662,0.123456811457662,0,0,0,0,0,0,0,0,0,0,0,0
0.087996918942982,0.087996918942982,0.087996918942982,0.087996918942982,0.0171605170473038,0.0171605170473038,0.0171605170473038,0.0171605170473038,0.130130731104953,0.130130731104953,0.130130731104953,0.130130731104953,-0.111154002875346,-0.111154002875346,-0.111154002875346,-0.111154002875346,-0.111154002875346,-0.111154002875346,-0.111154002875346,-0.111154002875346
0.108644459431599,0.108644459431599,0.108644459431599,0.108644459431599,0.163780112878976,0.163780112878976,0.163780112878976,0.163780112878976,0.145440228882006,0.145440228882006,0.145440228882006,0.145440228882006,-0.157468170740073,-0.157468170740073,-0.157468170740073,-0.157468170740073,-0.157468170740073,-0.157468170740073,-0.157468170740073,-0.157468170740073
0.125048253234764,0.125048253234764,0.125048253234764,0.125048253234764,0.16758895271337,0.16758895271337,0.16758895271337,0.16758895271337,0.14926760332627,0.14926760332627,0.14926760332627,0.14926760332627,-0.185256671458909,-0.185256671458909,-0.185256671458909,-0.185256671458909,-0.185256671458909,-0.185256671458909,-0.185256671458909,-0.185256671458909
0.373266303770689,0.476104979299348,0.476104979299348,0.476104979299348,0.365648624101899,0.476104979299348,0.476104979299348,0.472296139464953,0.361839784267504,0.35041326476432,0.133309394203817,0.129500554369423,-0.157468170740073,-0.157468170740073,-0.157468170740073,-0.157468170740073,-0.157468170740073,-0.157468170740073,-0.157468170740073,-0.157468170740073
0.380883983439478,0.510384537808901,0.510384537808901,0.510384537808901,0.377075143605084,0.510384537808901,0.510384537808901,0.510384537808901,0.293280667248398,0.00380883983439478,-0.00761767966878957,-0.00761767966878957,-0.157468170740073,-0.157468170740073,-0.157468170740073,-0.157468170740073,-0.157468170740073,-0.157468170740073,-0.157468170740073,-0.157468170740073
0.388501663108268,0.52561989714648,0.52561989714648,0.529428736980875,0.384692823273873,0.52561989714648,0.52561989714648,0.52561989714648,0.297089507082793,-0.0190441991719739,-0.0228530390063687,-0.0228530390063687,-0.157468170740073,-0.157468170740073,-0.157468170740073,-0.157468170740073,-0.157468170740073,-0.157468170740073,-0.157468170740073,-0.157468170740073
0.562036613153055,0.562036613153055,0.562036613153055,0.562036613153055,0.595575012174423,0.595575012174423,0.595575012174423,0.595575012174423,0.389564567788091,0.389564567788091,0.389564567788091,0.389564567788091,-0.077908938713162,-0.077908938713162,-0.077908938713162,-0.077908938713162,-0.077908938713162,-0.077908938713162,-0.077908938713162,-0.077908938713162
0.566559180327028,0.566559180327028,0.566559180327028,0.566559180327028,0.396976840637306,0.396976840637306,0.396976840637306,0.396976840637306,0.373541277453587,0.373541277453587,0.373541277453587,0.373541277453587,-0.103799859221536,-0.103799859221536,-0.103799859221536,-0.103799859221536,-0.103799859221536,-0.103799859221536,-0.103799859221536,-0.103799859221536
0.56033011377296,0.56033011377296,0.56033011377296,0.56033011377296,0.389710563558356,0.389710563558356,0.389710563558356,0.389710563558356,0.38176004891068,0.38176004891068,0.38176004891068,0.38176004891068,-0.0783260449987957,-0.0783260449987957,-0.0783260449987957,-0.0783260449987957,-0.0783260449987957,-0.0783260449987957,-0.0783260449987957,-0.0783260449987957
0.499490203971856,0.499490203971856,0.499490203971856,0.499490203971856,0.499490203971856,0.509709066411219,0.499490203971856,0.499490203971856,0.336442126726079,0.336442126726079,0.336442126726079,0.336442126726079,0.0129848231188603,0.0129848231188603,0.0129848231188603,0.0129848231188603,0.0129848231188603,0.0129848231188603,0.0129848231188603,0.0129848231188603
0.319984517213925,0.441696419467074,0.441696419467074,0.215034061370892,0.319984517213925,0.441696419467074,0.441696419467074,0.435986491403369,0.21830058855726,0.21830058855726,0.21830058855726,0.21830058855726,0.0396525792859072,0.0396525792859072,0.0396525792859072,0.0396525792859072,0.0396525792859072,0.0396525792859072,0.0396525792859072,0.0396525792859072
0.351762514717467,0.39675539450691,0.122707853971209,0.115092900876303,0.327220943923225,0.39675539450691,0.39675539450691,0.115092900876303,0.116841247567397,0.116841247567397,0.116841247567397,0.101187488603233,0.0963891115567366,0.0963891115567366,0.0963891115567366,0.0963891115567366,0.0963891115567366,0.0963891115567366,0.0963891115567366,0.0963891115567366
0.204269636444439,0.204269636444439,0.204269636444439,0.204269636444439,0.181144771941295,0.181144771941295,0.181144771941295,0.181144771941295,0.163555070948656,0.163555070948656,0.163555070948656,0.163555070948656,0.129749824026921,0.129749824026921,0.129749824026921,0.129749824026921,0.129749824026921,0.129749824026921,0.129749824026921,0.129749824026921
