0.189672922260116,0.189672922260116,0.189672922260116,0.189672922260116,0.329912900236375,0.329912900236375,0.329912900236375,0.329912900236375,0.526664831103478,0.526664831103478,0.526664831103478,0.526664831103478,0.240768985554351,0.240768985554351,0.240768985554351,0.240768985554351,0.240768985554351,0.240768985554351,0.240768985554351,0.240768985554351
0.467590290382692,0.424839178119131,0.430183067152076,0.430183067152076,0.440870845217966,0.424839178119131,0.430183067152076,0.430183067152076,0.16590117098328,0.35856059535096,0.37996719805848,0.36926389670472,-0.0591618934317598,-0.0591618934317598,-0.0591618934317598,-0.0591618934317598,-0.0591618934317598,-0.0591618934317598,-0.0591618934317598,-0.0591618934317598
0.250438080693586,0.250438080693586,0.250438080693586,0.250438080693586,0.294938454789186,0.294938454789186,0.294938454789186,0.294938454789186,0.519126951087196,0.519126951087196,0.519126951087196,0.519126951087196,0.200709299917695,0.200709299917695,0.200709299917695,0.200709299917695,0.200709299917695,0.200709299917695,0.200709299917695,0.200709299917695
0.513195435386729,0.513195435386729,0.513195435386729,0.513195435386729,0.478182534797504,0.478182534797504,0.478182534797504,0.478182534797504,0.669455548716505,0.669455548716505,0.669455548716505,0.669455548716505,0,0,0,0,0,0,0,0
0.892240296731593,0.892240296731593,0.892240296731593,0.892240296731593,0.668953797163494,0.668953797163494,0.668953797163494,0.668953797163494,0.179523957958065,0.179523957958065,0.179523957958065,0.179523957958065,-0.114238712139254,-0.114238712139254,-0.114238712139254,-0.114238712139254,-0.114238712139254,-0.114238712139254,-0.114238712139254,-0.114238712139254
0.735143915955869,0.735143915955869,0.735143915955869,0.735143915955869,0.74635545850446,0.74635545850446,0.74635545850446,0.74635545850446,0.395247589843373,0.395247589843373,0.395247589843373,0.395247589843373,0.334369282233593,0.334369282233593,0.334369282233593,0.334369282233593,0.334369282233593,0.334369282233593,0.334369282233593,0.334369282233593
0.855536207939821,0.855536207939821,0.855536207939821,0.855536207939821,0.694268999414424,0.694268999414424,0.694268999414424,0.694268999414424,0.299650309769135,0.299650309769135,0.299650309769135,0.299650309769135,0.00673023100803902,0.00673023100803902,0.00673023100803902,0.00673023100803902,0.00673023100803902,0.00673023100803902,0.00673023100803902,0.00673023100803902
-0.155651003059892,-0.155651003059892,-0.155651003059892,-0.155651003059892,-0.104509201663861,-0.104509201663861,-0.104509201663861,-0.104509201663861,0.20694289432786,0.20694289432786,0.20694289432786,0.20694289432786,0.263735102791878,0.263735102791878,0.263735102791878,0.263735102791878,0.263735102791878,0.263735102791878,0.263735102791878,0.263735102791878
0.388456119563062,0.388456119563062,0.388456119563062,0.388456119563062,0.324346691639906,0.324346691639906,0.324346691639906,0.324346691639906,0.361787604651429,0.361787604651429,0.361787604651429,0.361787604651429,0,0,0,0,0,0,0,0
0.162877088211612,0.162877088211612,0.162877088211612,0.162877088211612,0.216949743097426,0.216949743097426,0.216949743097426,0.216949743097426,0.277840437150648,0.277840437150648,0.277840437150648,0.277840437150648,0.377236918007361,0.377236918007361,0.377236918007361,0.377236918007361,0.377236918007361,0.377236918007361,0.377236918007361,0.377236918007361
0.0375709317730774,0.0375709317730774,0.0375709317730774,0.0375709317730774,0.217693174552684,0.217693174552684,0.217693174552684,0.217693174552684,0.382195763784131,0.382195763784131,0.382195763784131,0.382195763784131,0.230350912565058,0.230350912565058,0.230350912565058,0.230350912565058,0.230350912565058,0.230350912565058,0.230350912565058,0.230350912565058
-0.103777120196278,-0.103777120196278,-0.103777120196278,-0.103777120196278,-0.14213381090374,-0.14213381090374,-0.14213381090374,-0.14213381090374,0.374383077656102,0.374383077656102,0.374383077656102,0.374383077656102,0,0,0,0,0,0,0,0
0.157504056460587,0.157504056460587,0.157504056460587,0.157504056460587,0.331544818924741,0.331544818924741,0.331544818924741,0.331544818924741,0.465688798198469,0.465688798198469,0.465688798198469,0.465688798198469,0.303796131064062,0.303796131064062,0.303796131064062,0.303796131064062,0.303796131064062,0.303796131064062,0.303796131064062,0.303796131064062
0.177640284575723,0.177640284575723,0.177640284575723,0.177640284575723,0.345684282426617,0.345684282426617,0.345684282426617,0.345684282426617,0.412409408906385,0.412409408906385,0.412409408906385,0.412409408906385,0.277088778882606,0.277088778882606,0.277088778882606,0.277088778882606,0.277088778882606,0.277088778882606,0.277088778882606,0.277088778882606
0.156108128869574,0.156108128869574,0.156108128869574,0.156108128869574,0.169316913540977,0.169316913540977,0.169316913540977,0.169316913540977,0.380063572913728,0.380063572913728,0.380063572913728,0.380063572913728,0.277088778882606,0.277088778882606,0.277088778882606,0.277088778882606,0.277088778882606,0.277088778882606,0.277088778882606,0.277088778882606
0.462246401349747,0.408807511020296,0.414151400053241,0.243146950999,0.456902512316802,0.414151400053241,0.414151400053241,0.243146950999,0.23012097910584,0.44418700618104,0.41742875279664,0.42278040347352,0.093264964085876,0.093264964085876,0.093264964085876,0.093264964085876,0.093264964085876,0.093264964085876,0.093264964085876,0.093264964085876
0.467590290382692,0.291241952295505,0.30727361939434,0.280554174229615,0.472934179415637,0.424839178119131,0.30727361939434,0.280554174229615,0.23547262978272,0.38531884873536,0.35856059535096,0.35320894467408,0.0532942651919291,0.046632482042938,0.046632482042938,0.046632482042938,0.0532942651919291,0.046632482042938,0.046632482042938,0.046632482042938
0.515685291679197,0.312617508427285,0.32864917552612,0.312617508427285,0.521029180712142,0.312617508427285,0.32864917552612,0.312617508427285,0.22476932842896,0.38531884873536,0.36391224602784,0.36391224602784,0.0333089157449557,0.0266471325959646,0.0266471325959646,0.0266471325959646,0.0333089157449557,0.0266471325959646,0.0266471325959646,0.0266471325959646
0.652837809270227,0.652837809270227,0.652837809270227,0.652837809270227,0.658854874801745,0.658854874801745,0.658854874801745,0.658854874801745,0.621812001066516,0.621812001066516,0.621812001066516,0.621812001066516,0.15952592697572,0.15952592697572,0.15952592697572,0.15952592697572,0.15952592697572,0.15952592697572,0.15952592697572,0.15952592697572
0.586352729855949,0.586352729855949,0.586352729855949,0.586352729855949,0.586094270153269,0.586094270153269,0.586094270153269,0.586094270153269,0.609647795721702,0.609647795721702,0.609647795721702,0.609647795721702,0.205971460217775,0.205971460217775,0.205971460217775,0.205971460217775,0.205971460217775,0.205971460217775,0.205971460217775,0.205971460217775
0.594769276217518,0.594769276217518,0.594769276217518,0.594769276217518,0.651215855725855,0.651215855725855,0.651215855725855,0.651215855725855,0.612890603145753,0.612890603145753,0.612890603145753,0.612890603145753,0.151325970772243,0.151325970772243,0.151325970772243,0.151325970772243,0.151325970772243,0.151325970772243,0.151325970772243,0.151325970772243
0.62071959756852,0.514243809263578,0.500597181338327,0.489662382960369,0.602946392292389,0.489662382960369,0.500597181338327,0.489662382960369,0.231664621021515,0.501661698323047,0.501661698323047,0.501661698323047,0.139297745219658,0.139297745219658,0.139297745219658,0.139297745219658,0.139297745219658,0.139297745219658,0.139297745219658,0.139297745219658
0.582711342020912,0.59022629058893,0.465111033243442,0.465111033243442,0.557390759672936,0.584045910582763,0.452790211170768,0.45425793045326,0.224011628994408,0.340076277892184,0.523664411425595,0.523664411425595,0.165502134072504,0.165502134072504,0.165502134072504,0.165502134072504,0.165502134072504,0.165502134072504,0.165502134072504,0.165502134072504
0.586355967408948,0.567593125767312,0.567593125767312,0.425694844325484,0.567593125767312,0.567593125767312,0.567593125767312,0.425694844325484,0.344730880062178,0.344730880062178,0.344730880062178,0.514901005259848,0.170225680945603,0.170225680945603,0.170225680945603,0.170225680945603,0.170225680945603,0.170225680945603,0.170225680945603,0.170225680945603
0.739844867158599,0.739844867158599,0.739844867158599,0.734087319554252,0.738058704917623,0.732292621285454,0.732292621285454,0.732292621285454,0.436186841533703,0.436186841533703,0.436186841533703,0.436186841533703,0.344016480616226,0.344016480616226,0.344016480616226,0.344016480616226,0.344016480616226,0.344016480616226,0.344016480616226,0.344016480616226
