0.607289240533744,0.607289240533744,0.607289240533744,0.607289240533744,0.617148835046023,0.617148835046023,0.617148835046023,0.617148835046023,0.613746653172923,0.613746653172923,0.613746653172923,0.613746653172923,0.265846230120505,0.265846230120505,0.265846230120505,0.265846230120505,-0.0959468554027065,-0.0959468554027065,-0.0959468554027065,-0.0959468554027065
0.478315894318283,0.568296112061327,0.554088709259794,0.563560311127483,0.326770264435263,0.530409704590572,0.530409704590572,0.501994898987505,0.288883856964508,0.492523297119817,0.492523297119817,0.487787496185972,0.2493209167724,0.273294081846669,0.258910182802107,0.278088714861523,0.0264739320399576,0.0158843592239746,0.00529478640799152,0.00529478640799152
0.623707914834184,0.623707914834184,0.623707914834184,0.623707914834184,0.61430380973369,0.61430380973369,0.61430380973369,0.61430380973369,0.508654769577975,0.508654769577975,0.508654769577975,0.508654769577975,0.142369981970447,0.142369981970447,0.142369981970447,0.142369981970447,-0.158528536332401,-0.158528536332401,-0.158528536332401,-0.158528536332401
0.56621441145127,0.56621441145127,0.56621441145127,0.56621441145127,0.52263603033779,0.52263603033779,0.52263603033779,0.52263603033779,0.578968057559828,0.578968057559828,0.578968057559828,0.578968057559828,0.441182869040322,0.441182869040322,0.441182869040322,0.441182869040322,0.481588655845107,0.481588655845107,0.481588655845107,0.481588655845107
0.529834458377416,0.718910557011397,0.718910557011397,0.718910557011397,0.795175075287155,0.795175075287155,0.795175075287155,0.795175075287155,0.7479789506637,0.7479789506637,0.7479789506637,0.7479789506637,0.58870267752277,0.58870267752277,0.58870267752277,0.58870267752277,0.578183588971563,0.578183588971563,0.578183588971563,0.578183588971563
0.658997193731559,0.759613463788307,0.759613463788307,0.759613463788307,0.811641783225862,0.811641783225862,0.811641783225862,0.811641783225862,0.726028394672462,0.726028394672462,0.726028394672462,0.726028394672462,0.415007554579801,0.415007554579801,0.415007554579801,0.415007554579801,0.472435011410777,0.472435011410777,0.472435011410777,0.472435011410777
0.527864114025397,0.706440126912331,0.706440126912331,0.706440126912331,0.742962356099754,0.742962356099754,0.742962356099754,0.742962356099754,0.750773022103854,0.750773022103854,0.750773022103854,0.750773022103854,0.476613651018352,0.476613651018352,0.476613651018352,0.476613651018352,0.61187323715544,0.61187323715544,0.61187323715544,0.61187323715544
0.469384124860213,0.521537916511348,0.521537916511348,0.521537916511348,0.557777952197782,0.557777952197782,0.557777952197782,0.557777952197782,0.578432961948949,0.578432961948949,0.578432961948949,0.578432961948949,0.325232284971708,0.325232284971708,0.325232284971708,0.325232284971708,0.161002046527909,0.161002046527909,0.161002046527909,0.161002046527909
0.790528468661701,0.771009247213264,0.771009247213264,0.771009247213264,0.775317374705889,0.775317374705889,0.775317374705889,0.775317374705889,0.744508227522249,0.744508227522249,0.744508227522249,0.744508227522249,0.657094842391996,0.657094842391996,0.657094842391996,0.657094842391996,0.500652193349886,0.500652193349886,0.500652193349886,0.500652193349886
0.632787316693715,0.719192010539443,0.719192010539443,0.719192010539443,0.724274639589192,0.724274639589192,0.724274639589192,0.724274639589192,0.681652511014663,0.681652511014663,0.681652511014663,0.681652511014663,0.322599166673035,0.322599166673035,0.322599166673035,0.322599166673035,0.359866843996725,0.359866843996725,0.359866843996725,0.359866843996725
0.478866632433146,0.491319302574216,0.491319302574216,0.491319302574216,0.562524998599465,0.562524998599465,0.562524998599465,0.562524998599465,0.644803255537597,0.644803255537597,0.644803255537597,0.644803255537597,0.38697014383592,0.38697014383592,0.38697014383592,0.38697014383592,0.0889691505365649,0.0889691505365649,0.0889691505365649,0.0889691505365649
0.375860358375013,0.50431896187027,0.50431896187027,0.50431896187027,0.666390674565316,0.666390674565316,0.666390674565316,0.666390674565316,0.531961521924709,0.531961521924709,0.531961521924709,0.531961521924709,0.30672844483973,0.30672844483973,0.30672844483973,0.30672844483973,0.288612565955829,0.288612565955829,0.288612565955829,0.288612565955829
0.50257290136548,0.50257290136548,0.50257290136548,0.50257290136548,0.586260230607881,0.586260230607881,0.586260230607881,0.586260230607881,0.67170706583818,0.67170706583818,0.67170706583818,0.67170706583818,0.411108016704689,0.411108016704689,0.411108016704689,0.411108016704689,0.0349384107306777,0.0349384107306777,0.0349384107306777,0.0349384107306777
0.545244185443682,0.545244185443682,0.545244185443682,0.545244185443682,0.600501369812931,0.600501369812931,0.600501369812931,0.600501369812931,0.654293022532418,0.654293022532418,0.654293022532418,0.654293022532418,0.341666141862484,0.341666141862484,0.341666141862484,0.341666141862484,0.00803755344530325,0.00803755344530325,0.00803755344530325,0.00803755344530325
0.568950454376016,0.568950454376016,0.568950454376016,0.568950454376016,0.619489555419664,0.619489555419664,0.619489555419664,0.619489555419664,0.673258037678285,0.673258037678285,0.673258037678285,0.673258037678285,0.283919751688543,0.283919751688543,0.283919751688543,0.283919751688543,-0.0294710292994453,-0.0294710292994453,-0.0294710292994453,-0.0294710292994453
0.516202301789039,0.511466500855194,0.468844292450595,0.454636889649062,0.487787496185972,0.473580093384439,0.445165287781373,0.435693685913684,0.416750482178306,0.473580093384439,0.459372690582906,0.449901088715217,0.316445778980354,0.359597476114038,0.35000821008433,0.354802843099184,0.121780087383805,0.10589572815983,0.10589572815983,0.10589572815983
0.426222084045995,0.449901088715217,0.402543079376773,0.397807278442929,0.383599875641396,0.435693685913684,0.402543079376773,0.355185070038329,0.322034463501419,0.440429486847528,0.402543079376773,0.412014681244462,0.292472613906084,0.321240411995207,0.306856512950646,0.330829678024915,0.132369660199788,0.127074873791796,0.116485300975813,0.111190514567822
0.412014681244462,0.454636889649062,0.449901088715217,0.440429486847528,0.336241866302952,0.426222084045995,0.426222084045995,0.393071477509084,0.317298662567574,0.454636889649062,0.416750482178306,0.402543079376773,0.292472613906084,0.3116511459655,0.302061879935792,0.306856512950646,0.127074873791796,0.121780087383805,0.100600941751839,0.100600941751839
0.639469370625424,0.639469370625424,0.639469370625424,0.639469370625424,0.618669115580832,0.618669115580832,0.618669115580832,0.618669115580832,0.590892134881285,0.590892134881285,0.590892134881285,0.590892134881285,0.350541376967034,0.350541376967034,0.350541376967034,0.350541376967034,0.106595946602588,0.106595946602588,0.106595946602588,0.106595946602588
0.629695207450922,0.629695207450922,0.629695207450922,0.629695207450922,0.669055405131096,0.669055405131096,0.669055405131096,0.669055405131096,0.624449443044222,0.624449443044222,0.624449443044222,0.624449443044222,0.43586902887702,0.43586902887702,0.43586902887702,0.43586902887702,0.157571211694601,0.157571211694601,0.157571211694601,0.157571211694601
0.590795117415344,0.590795117415344,0.590795117415344,0.590795117415344,0.598362758551207,0.598362758551207,0.598362758551207,0.598362758551207,0.614477915563435,0.614477915563435,0.614477915563435,0.614477915563435,0.539906397812835,0.539906397812835,0.539906397812835,0.539906397812835,0.187933445696099,0.187933445696099,0.187933445696099,0.187933445696099
0.531415197720013,0.377999630859916,0.379225896150509,0.419999589844351,0.483267601497739,0.503999507813221,0.493499518067112,0.503999507813221,0.512080970517803,0.566241406580898,0.502187361845412,0.498749512940167,0.532652696982908,0.513490867989634,0.467308863805864,0.484098403822841,0.353954582134599,0.275397223796311,0.261090874508191,0.275397223796311
0.507985932531047,0.395402567439008,0.347150271079688,0.347150271079688,0.476879936595159,0.460044668178774,0.437465788758957,0.437465788758957,0.561769005539123,0.516491866728317,0.45439994832382,0.449986383672507,0.548846749165017,0.549778780405884,0.555853684056778,0.559949639930132,0.422968946759852,0.3823316866629,0.3823316866629,0.3823316866629
0.559068316807912,0.510847146873363,0.422848625402938,0.364084430644551,0.507254454849628,0.499557707163454,0.431821068904003,0.420531629194094,0.520156486610299,0.510847146873363,0.460044668178774,0.465689388033728,0.531907034684615,0.54456640806392,0.553796347183647,0.549355246247459,0.446467221579843,0.412803252616768,0.402454407013579,0.41514209996011
0.373746547078016,0.373746547078016,0.373746547078016,0.373746547078016,0.524527192655117,0.524527192655117,0.524527192655117,0.524527192655117,0.631219135689918,0.631219135689918,0.631219135689918,0.631219135689918,0.388215487710261,0.388215487710261,0.388215487710261,0.388215487710261,0.386621453968119,0.386621453968119,0.386621453968119,0.386621453968119
