0.278203996807927,0.278203996807927,0.278203996807927,0.278203996807927,0.383729591370302,0.383729591370302,0.383729591370302,0.383729591370302,0.397995451062269,0.397995451062269,0.397995451062269,0.397995451062269,0,0,0,0,0,0,0,0
0.397478363283145,0.509809205080556,0.509809205080556,0.518450039064972,0.495187471146304,0.498083304310902,0.495187471146304,0.498083304310902,0.538674651416453,0.538674651416453,0.538674651416453,0.538674651416453,0,0,0,0,0,0,0,0
0.305290309304952,0.305290309304952,0.305290309304952,0.305290309304952,0.403464169063878,0.403464169063878,0.403464169063878,0.403464169063878,0.424015608604225,0.424015608604225,0.424015608604225,0.424015608604225,0,0,0,0,0,0,0,0
0.526831111845308,0.526831111845308,0.526831111845308,0.526831111845308,0.50442873337749,0.50442873337749,0.50442873337749,0.50442873337749,0,0,0,0,0,0,0,0,0,0,0,0
0.261079151616069,0.261079151616069,0.261079151616069,0.261079151616069,0.447135558514877,0.447135558514877,0.447135558514877,0.447135558514877,0.207880074544887,0.207880074544887,0.207880074544887,0.207880074544887,0,0,0,0,0,0,0,0
0.15361622563905,0.15361622563905,0.15361622563905,0.15361622563905,0.114224137931034,0.114224137931034,0.114224137931034,0.114224137931034,-0.167429720482743,-0.167429720482743,-0.167429720482743,-0.167429720482743,0,0,0,0,0,0,0,0
0.186155783937164,0.186155783937164,0.186155783937164,0.186155783937164,0.328311027759088,0.328311027759088,0.328311027759088,0.328311027759088,-0.248388819972754,-0.248388819972754,-0.248388819972754,-0.248388819972754,0,0,0,0,0,0,0,0
-0.0510938016248668,-0.0510938016248668,-0.0510938016248668,-0.0510938016248668,0.428583308360544,0.428583308360544,0.428583308360544,0.428583308360544,0.212959372341823,0.212959372341823,0.212959372341823,0.212959372341823,0,0,0,0,0,0,0,0
0.178205593604959,0.178205593604959,0.178205593604959,0.178205593604959,0.531646687588129,0.531646687588129,0.531646687588129,0.531646687588129,0.221988391934908,0.221988391934908,0.221988391934908,0.221988391934908,0,0,0,0,0,0,0,0
0,0,0,0,0.254208516612297,0.254208516612297,0.254208516612297,0.254208516612297,-0.0174690811575927,-0.0174690811575927,-0.0174690811575927,-0.0174690811575927,0,0,0,0,0,0,0,0
-0.112406363574707,-0.112406363574707,-0.112406363574707,-0.112406363574707,0.372507705684743,0.372507705684743,0.372507705684743,0.372507705684743,0.221563791426341,0.221563791426341,0.221563791426341,0.221563791426341,0,0,0,0,0,0,0,0
-0.156201050681736,-0.156201050681736,-0.156201050681736,-0.156201050681736,0.304883468786511,0.304883468786511,0.304883468786511,0.304883468786511,0,0,0,0,0,0,0,0,0,0,0,0
0.224260407411899,0.224260407411899,0.224260407411899,0.224260407411899,0.294192703013048,0.294192703013048,0.294192703013048,0.294192703013048,0.342025658609595,0.342025658609595,0.342025658609595,0.342025658609595,0,0,0,0,0,0,0,0
0.259096975553554,0.259096975553554,0.259096975553554,0.259096975553554,0.317380305220973,0.317380305220973,0.317380305220973,0.317380305220973,0.376443334947667,0.376443334947667,0.376443334947667,0.376443334947667,0,0,0,0,0,0,0,0
0.267806117588967,0.267806117588967,0.267806117588967,0.267806117588967,0.320278755496963,0.320278755496963,0.320278755496963,0.320278755496963,0.385047754032185,0.385047754032185,0.385047754032185,0.385047754032185,0,0,0,0,0,0,0,0
0.397478363283145,0.411879753257172,0.417640309246783,0.417640309246783,0.492291637981706,0.492291637981706,0.492291637981706,0.492291637981706,0.521156776573641,0.521156776573641,0.521156776573641,0.521156776573641,0,0,0,0,0,0,0,0
0.408999475262367,0.483886703127307,0.492527537111723,0.492527537111723,0.489395804817107,0.489395804817107,0.489395804817107,0.489395804817107,0.524076422380777,0.524076422380777,0.524076422380777,0.524076422380777,0,0,0,0,0,0,0,0
0.414760031251978,0.486766981122112,0.498288093101334,0.498288093101334,0.495187471146304,0.495187471146304,0.495187471146304,0.495187471146304,0.526996068187912,0.526996068187912,0.526996068187912,0.526996068187912,0,0,0,0,0,0,0,0
0.419323522067461,0.419323522067461,0.419323522067461,0.419323522067461,0.457126835113854,0.457126835113854,0.457126835113854,0.457126835113854,0.155895954798997,0.155895954798997,0.155895954798997,0.155895954798997,0,0,0,0,0,0,0,0
0.419323522067461,0.419323522067461,0.419323522067461,0.419323522067461,0.431563821308145,0.431563821308145,0.431563821308145,0.431563821308145,0.155895954798997,0.155895954798997,0.155895954798997,0.155895954798997,0,0,0,0,0,0,0,0
0.392408950745355,0.392408950745355,0.392408950745355,0.392408950745355,0.410613823170033,0.410613823170033,0.410613823170033,0.410613823170033,0.168148307471355,0.168148307471355,0.168148307471355,0.168148307471355,0,0,0,0,0,0,0,0
0.338894958841616,0.338894958841616,0.338894958841616,0.338894958841616,0.371616980925118,0.371616980925118,0.371616980925118,0.371616980925118,0.191351132367804,0.191351132367804,0.191351132367804,0.191351132367804,0,0,0,0,0,0,0,0
0.334647693479274,0.334647693479274,0.334647693479274,0.334647693479274,0.370762382113984,0.370762382113984,0.370762382113984,0.370762382113984,0.205198037099055,0.205198037099055,0.205198037099055,0.205198037099055,0,0,0,0,0,0,0,0
0.331594240090449,0.331594240090449,0.331594240090449,0.331594240090449,0.371671829857221,0.371671829857221,0.371671829857221,0.371671829857221,0.222403719919758,0.222403719919758,0.222403719919758,0.222403719919758,0,0,0,0,0,0,0,0
0.45443617567513,0.457321484727036,0.460206793778941,0.463092102830847,0.0128273668775758,0.0128273668775758,0.0128273668775758,0.0128273668775758,-0.239919749359895,-0.239919749359895,-0.239919749359895,-0.239919749359895,0,0,0,0,0,0,0,0
