0.283693811588368,0.283693811588368,0.283693811588368,0.283693811588368,0.40085147653201,0.40085147653201,0.40085147653201,0.40085147653201,0.497958520510742,0.497958520510742,0.497958520510742,0.497958520510742,0.389716713295009,0.389716713295009,0.389716713295009,0.389716713295009,0.134141908265857,0.134141908265857,0.134141908265857,0.134141908265857
0.0496445807724093,0.237771413173118,0.248222903862046,0.253448649206511,-0.122805015594907,0.321383338684544,0.321383338684544,0.321383338684544,0.171353456832533,0.33735211813905,0.33735211813905,0.33735211813905,0.168257250313634,0.347369807099116,0.347369807099116,0.347369807099116,-0.114068077317279,-0.114068077317279,-0.114068077317279,-0.114068077317279
0.378337572159668,0.378337572159668,0.378337572159668,0.378337572159668,0.407412321798703,0.407412321798703,0.407412321798703,0.407412321798703,0.497399957776884,0.497399957776884,0.497399957776884,0.497399957776884,0.414304680930341,0.414304680930341,0.414304680930341,0.414304680930341,0.170534560725985,0.170534560725985,0.170534560725985,0.170534560725985
0.410640073649298,0.410640073649298,0.410640073649298,0.410640073649298,0.387597365059309,0.387597365059309,0.387597365059309,0.387597365059309,0.227076400883692,0.227076400883692,0.227076400883692,0.227076400883692,0.227076400883692,0.227076400883692,0.227076400883692,0.227076400883692,0,0,0,0
0.405771624688819,0.476105372968214,0.476105372968214,0.476105372968214,0.476105372968214,0.476105372968214,0.476105372968214,0.476105372968214,-0.134834120444277,-0.134834120444277,-0.134834120444277,-0.134834120444277,-0.134834120444277,-0.134834120444277,-0.134834120444277,-0.134834120444277,-0.366491656543685,-0.366491656543685,-0.366491656543685,-0.366491656543685
0.381345802994458,0.469086199859904,0.469086199859904,0.469086199859904,0.748810234349113,0.748810234349113,0.748810234349113,0.748810234349113,0.563201561658007,0.563201561658007,0.563201561658007,0.563201561658007,0.500409485234103,0.500409485234103,0.500409485234103,0.500409485234103,0.492658197795345,0.492658197795345,0.492658197795345,0.492658197795345
0.379924316225155,0.486196852232191,0.486196852232191,0.486196852232191,0.510108172833775,0.510108172833775,0.510108172833775,0.510108172833775,0.0460662318764588,0.0460662318764588,0.0460662318764588,0.0460662318764588,0.0164814019603533,0.0164814019603533,0.0164814019603533,0.0164814019603533,0.0913497058407183,0.0913497058407183,0.0913497058407183,0.0913497058407183
0.112711910265613,0.0235908649393144,0.0235908649393144,0.0235908649393144,-0.0491389738131165,-0.0491389738131165,-0.0491389738131165,-0.0491389738131165,0.0374835686821166,0.0374835686821166,0.0374835686821166,0.0374835686821166,0.119065870110869,0.119065870110869,0.119065870110869,0.119065870110869,0.341981427343198,0.341981427343198,0.341981427343198,0.341981427343198
0.39729002595396,0.424133946626525,0.424133946626525,0.424133946626525,0.424133946626525,0.424133946626525,0.424133946626525,0.424133946626525,0.0780498607177088,0.0780498607177088,0.0780498607177088,0.0780498607177088,0.0780498607177088,0.0780498607177088,0.0780498607177088,0.0780498607177088,-0.319328931667313,-0.319328931667313,-0.319328931667313,-0.319328931667313
0.488731538039308,0.661128855761592,0.661128855761592,0.661128855761592,0.286894883757819,0.286894883757819,0.286894883757819,0.286894883757819,0.520040347132857,0.520040347132857,0.520040347132857,0.520040347132857,0.494830609854093,0.494830609854093,0.494830609854093,0.494830609854093,0.406716350554577,0.406716350554577,0.406716350554577,0.406716350554577
0.267651087743537,0.1731859979517,0.1731859979517,0.1731859979517,0.171385280433522,0.171385280433522,0.171385280433522,0.171385280433522,0.217102788304653,0.217102788304653,0.217102788304653,0.217102788304653,0.384380301796329,0.384380301796329,0.384380301796329,0.384380301796329,0.15923243882462,0.15923243882462,0.15923243882462,0.15923243882462
0.0579449186464838,-0.0316063192617184,-0.0316063192617184,-0.0316063192617184,-0.0235908649393144,-0.0235908649393144,-0.0235908649393144,-0.0235908649393144,-0.185175462192739,-0.185175462192739,-0.185175462192739,-0.185175462192739,-0.185175462192739,-0.185175462192739,-0.185175462192739,-0.185175462192739,0.316637880938987,0.316637880938987,0.316637880938987,0.316637880938987
0.317166073073005,0.317166073073005,0.317166073073005,0.317166073073005,0.359366072835576,0.359366072835576,0.359366072835576,0.359366072835576,0.394235078088912,0.394235078088912,0.394235078088912,0.394235078088912,0.272316856165792,0.272316856165792,0.272316856165792,0.272316856165792,0.0318122257993673,0.0318122257993673,0.0318122257993673,0.0318122257993673
0.29619641534917,0.29619641534917,0.29619641534917,0.29619641534917,0.38050525359061,0.38050525359061,0.38050525359061,0.38050525359061,0.394235078088912,0.394235078088912,0.394235078088912,0.394235078088912,0.337672901645582,0.337672901645582,0.337672901645582,0.337672901645582,0.0911257416579773,0.0911257416579773,0.0911257416579773,0.0911257416579773
0.301438829780129,0.301438829780129,0.301438829780129,0.301438829780129,0.385790048779369,0.385790048779369,0.385790048779369,0.385790048779369,0.396254868925233,0.396254868925233,0.396254868925233,0.396254868925233,0.348565575892214,0.348565575892214,0.348565575892214,0.348565575892214,0.0954366773981019,0.0954366773981019,0.0954366773981019,0.0954366773981019
0.128030760939371,0.232545667828654,0.232545667828654,0.232545667828654,0.269125885239903,0.253448649206511,0.253448649206511,0.253448649206511,0.262384980774816,0.2249014120927,0.2249014120927,0.2249014120927,0.0597041855951606,0.276810315032108,0.276810315032108,0.276810315032108,-0.0983345494114472,-0.0983345494114472,-0.0983345494114472,-0.0983345494114472
0.16461097835062,0.117579270250443,0.117579270250443,0.107127779561515,0.148933742317228,0.206416941106333,0.211642686450798,0.211642686450798,0.101741114994317,0.1927726389366,0.1927726389366,0.1927726389366,0.0434212258873895,0.255099702088413,0.255099702088413,0.255099702088413,-0.114068077317279,-0.114068077317279,-0.114068077317279,-0.114068077317279
0.180288214384013,0.133256506283835,0.133256506283835,0.122805015594907,0.148933742317228,0.222094177139726,0.232545667828654,0.206416941106333,0.0481931597341499,0.20883702551465,0.20883702551465,0.20883702551465,0.0597041855951606,0.271382661796185,0.271382661796185,0.271382661796185,-0.121934841270195,-0.121934841270195,-0.121934841270195,-0.121934841270195
0.585362928490573,0.585362928490573,0.585362928490573,0.585362928490573,0.537804312610451,0.537804312610451,0.537804312610451,0.537804312610451,0.508449081445846,0.508449081445846,0.508449081445846,0.508449081445846,0.230608053333362,0.230608053333362,0.230608053333362,0.230608053333362,-0.198930127822329,-0.198930127822329,-0.198930127822329,-0.198930127822329
0.572800674890455,0.572800674890455,0.572800674890455,0.572800674890455,0.508924514329673,0.508924514329673,0.508924514329673,0.508924514329673,0.461717156360014,0.461717156360014,0.461717156360014,0.461717156360014,0.216951434916151,0.216951434916151,0.216951434916151,0.216951434916151,-0.199146238834263,-0.199146238834263,-0.199146238834263,-0.199146238834263
0.538781955948069,0.538781955948069,0.538781955948069,0.538781955948069,0.474007982272266,0.474007982272266,0.474007982272266,0.474007982272266,0.422297090242591,0.422297090242591,0.422297090242591,0.422297090242591,0.192970193554561,0.192970193554561,0.192970193554561,0.192970193554561,-0.186888295318982,-0.186888295318982,-0.186888295318982,-0.186888295318982
0.494482684998298,0.482570472382467,0.482570472382467,0.465833924207352,0.461333007791708,0.499307020557581,0.499307020557581,0.503432823804511,0.395877759081727,0.395877759081727,0.465066911341028,0.465066911341028,0.139721562028845,0.139721562028845,0.139721562028845,0.139721562028845,-0.222308005750691,-0.222308005750691,-0.222308005750691,-0.222308005750691
0.389216951969415,0.389216951969415,0.383493173263983,0.383493173263983,0.406162010889834,0.389216951969415,0.389216951969415,0.389216951969415,0.340459332657655,0.366551229560345,0.366551229560345,0.366551229560345,0.0895945612256988,0.0895945612256988,0.0895945612256988,0.0892774113411401,-0.190069334496193,-0.190069334496193,-0.190069334496193,-0.188379795777409
0.349615089013624,0.349615089013624,0.343788170863397,0.343788170863397,0.370916630567862,0.349615089013624,0.349615089013624,0.343788170863397,0.304030025055625,0.321686454789944,0.321686454789944,0.321686454789944,-0.174144854435698,0.0668866055122374,0.0668866055122374,0.145417828416108,-0.174144854435698,-0.174144854435698,-0.174144854435698,-0.172596869459447
0.121639500574989,0.50771269805213,0.502424024114087,0.502424024114087,0.632400785122876,0.632400785122876,0.632400785122876,0.632400785122876,0.503615210569288,0.488911116830039,0.488911116830039,0.488911116830039,0.4691348021831,0.4691348021831,0.4691348021831,0.4691348021831,0.476644253936718,0.476644253936718,0.476644253936718,0.476644253936718
