-0.0498208459779484,-0.0498208459779484,-0.0498208459779484,-0.0498208459779484,0.222094927063848,0.222094927063848,0.222094927063848,0.222094927063848,0.187733609232411,0.187733609232411,0.187733609232411,0.187733609232411,0.261243869620776,0.261243869620776,0.261243869620776,0.261243869620776,0.0705795318020936,0.0705795318020936,0.0705795318020936,0.0705795318020936
0.650832002892402,0.583889282594897,0.583889282594897,0.487194242165169,0.650832002892402,0.583889282594897,0.583889282594897,0.487194242165169,0.576451202561841,0.613641602727122,0.613641602727122,0.613641602727122,0.643393922859346,0.286366081272657,0.197109120875984,0.197109120875984,0.557988665970333,0.612237564050782,0.503739767889884,0.503739767889884
-0.0498208459779484,-0.0498208459779484,-0.0498208459779484,-0.0498208459779484,0.0854066496837153,0.0854066496837153,0.0854066496837153,0.0854066496837153,0.187733609232411,0.187733609232411,0.187733609232411,0.187733609232411,0.194335519774965,0.194335519774965,0.194335519774965,0.194335519774965,0.0641232350306803,0.0641232350306803,0.0641232350306803,0.0641232350306803
0.199805085308736,0.199805085308736,0.199805085308736,0.199805085308736,0.223151849572168,0.223151849572168,0.223151849572168,0.223151849572168,0.0798133956742544,0.0798133956742544,0.0798133956742544,0.0798133956742544,0.177877944675626,0.177877944675626,0.177877944675626,0.177877944675626,0.0859898950612637,0.0859898950612637,0.0859898950612637,0.0859898950612637
0.284499402830058,0.803775988277406,0.803775988277406,0.460933149675669,0.803775988277406,0.803775988277406,0.803775988277406,0.803775988277406,0.807978304037365,0.807978304037365,0.807978304037365,0.807978304037365,0.777296819212342,0.777296819212342,0.777296819212342,0.777296819212342,0.667853328779419,0.667853328779419,0.667853328779419,0.667853328779419
0.163272827340117,0.746759352402362,0.746759352402362,0.272101776657978,0.788235294117647,0.788235294117647,0.788235294117647,0.788235294117647,0.726047334636113,0.726047334636113,0.726047334636113,0.726047334636113,0.459045708537492,0.459045708537492,0.459045708537492,0.459045708537492,-0.0283260830790045,-0.0283260830790045,-0.0283260830790045,-0.0283260830790045
0.228864460852797,0.734683484806932,0.734683484806932,0.380528369053847,0.734683484806932,0.734683484806932,0.734683484806932,0.734683484806932,0.778769542722924,0.778769542722924,0.778769542722924,0.778769542722924,0.681986147297073,0.681986147297073,0.681986147297073,0.681986147297073,0.685773742961647,0.685773742961647,0.685773742961647,0.685773742961647
0.301242241338769,0.145042560644592,0.145042560644592,0.126710518724988,0.141617638574987,0.141617638574987,0.141617638574987,0.141617638574987,0.375623041669329,0.375623041669329,0.375623041669329,0.375623041669329,0.356859194709181,0.356859194709181,0.356859194709181,0.356859194709181,0.132344820507459,0.132344820507459,0.132344820507459,0.132344820507459
0.427713910446211,0.851479320853163,0.851479320853163,0.437042483269765,0.851479320853163,0.851479320853163,0.851479320853163,0.851479320853163,0.851479320853163,0.851479320853163,0.851479320853163,0.851479320853163,0.798732814251639,0.798732814251639,0.798732814251639,0.798732814251639,0.691811826730075,0.691811826730075,0.691811826730075,0.691811826730075
0.560666377960934,0.71239258337522,0.71239258337522,0.363318814771858,0.714663602257827,0.714663602257827,0.714663602257827,0.714663602257827,0.567628315095764,0.567628315095764,0.567628315095764,0.567628315095764,0.408248290463863,0.408248290463863,0.408248290463863,0.408248290463863,0.0768404527564583,0.0768404527564583,0.0768404527564583,0.0768404527564583
0.20454720090904,0.0718646000748622,0.0718646000748622,0.0447213595499958,0.247358930863565,0.247358930863565,0.247358930863565,0.247358930863565,0.264051841173489,0.264051841173489,0.264051841173489,0.264051841173489,0.423342707057825,0.423342707057825,0.423342707057825,0.423342707057825,0.147247009075504,0.147247009075504,0.147247009075504,0.147247009075504
0.197109120875984,0.490030478776443,0.490030478776443,0.491934955049954,0.514295634824952,0.514295634824952,0.514295634824952,0.514295634824952,0.484481395124954,0.484481395124954,0.484481395124954,0.484481395124954,0.413383690957163,0.413383690957163,0.413383690957163,0.413383690957163,0.333135139213835,0.333135139213835,0.333135139213835,0.333135139213835
-0.192023843160642,-0.192023843160642,-0.192023843160642,-0.192023843160642,0.125849280614796,0.125849280614796,0.125849280614796,0.125849280614796,0.106133726101046,0.106133726101046,0.106133726101046,0.106133726101046,0.311655409727364,0.311655409727364,0.311655409727364,0.311655409727364,0.166998162036833,0.166998162036833,0.166998162036833,0.166998162036833
-0.161300028254939,-0.161300028254939,-0.161300028254939,-0.161300028254939,0.169245584275071,0.169245584275071,0.169245584275071,0.169245584275071,0.16735680074376,0.16735680074376,0.16735680074376,0.16735680074376,0.175524716438719,0.175524716438719,0.175524716438719,0.175524716438719,0.0697485832462916,0.0697485832462916,0.0697485832462916,0.0697485832462916
-0.145938120802088,-0.145938120802088,-0.145938120802088,-0.145938120802088,0.10434983894999,0.10434983894999,0.10434983894999,0.10434983894999,0.182232960809872,0.182232960809872,0.182232960809872,0.182232960809872,0.252412601135762,0.252412601135762,0.252412601135762,0.252412601135762,0.054248898080449,0.054248898080449,0.054248898080449,0.054248898080449
0.732650883256018,0.569013122528785,0.397937281768497,0.397937281768497,0.695460483090738,0.569013122528785,0.397937281768497,0.293804161305713,0.665708162958514,0.621079682760178,0.397937281768497,0.397937281768497,0.591327362627953,0.0409094401818081,-0.0706617603140322,-0.0706617603140322,0.550238823387411,0.550238823387411,0.550238823387411,0.550238823387411
0.732650883256018,0.591327362627953,0.591327362627953,0.487194242165169,0.680584323024626,0.591327362627953,0.487194242165169,0.316118401404881,0.680584323024626,0.591327362627953,0.591327362627953,0.524384642330449,0.621079682760178,0.0409094401818081,0.0855379203801442,-0.0780998403470882,0.557988665970333,0.54248898080449,0.433991184643592,0.271244490402245
0.740088963289074,0.59876544266101,0.59876544266101,0.59876544266101,0.688022403057682,0.59876544266101,0.59876544266101,0.323556481437937,0.621079682760178,0.59876544266101,0.59876544266101,0.531822722363505,0.628517762793234,0.0334713601487521,0.0780998403470882,0.0780998403470882,0.565738508553254,0.550238823387411,0.441741027226513,0.278994332985166
0.643482537270363,0.643482537270363,0.643482537270363,0.643482537270363,0.633476221743441,0.633476221743441,0.633476221743441,0.633476221743441,0.628130335262619,0.628130335262619,0.628130335262619,0.628130335262619,0.559830931165181,0.559830931165181,0.559830931165181,0.559830931165181,0.503765447732023,0.503765447732023,0.503765447732023,0.503765447732023
0.643153583865066,0.643153583865066,0.643153583865066,0.643153583865066,0.638340369718739,0.638340369718739,0.638340369718739,0.638340369718739,0.638340369718739,0.638340369718739,0.638340369718739,0.638340369718739,0.570374886295873,0.570374886295873,0.570374886295873,0.570374886295873,0.511031098134894,0.511031098134894,0.511031098134894,0.511031098134894
0.643153583865066,0.643153583865066,0.643153583865066,0.643153583865066,0.638340369718739,0.638340369718739,0.638340369718739,0.638340369718739,0.638340369718739,0.638340369718739,0.638340369718739,0.638340369718739,0.533201955882711,0.533201955882711,0.533201955882711,0.533201955882711,0.511031098134894,0.511031098134894,0.511031098134894,0.511031098134894
0.723212832385645,0.753663899012409,0.678016614629661,0.678016614629661,0.75462866148047,0.746967456795389,0.678016614629661,0.678016614629661,0.711820634353381,0.746967456795389,0.678016614629661,0.678016614629661,0.562666763247024,0.578188604991769,0.53289366596837,0.540114930298205,0.618516378290896,0.634686741122031,0.634686741122031,0.68684447174449
0.686882870706453,0.738117957662238,0.667821009313453,0.558470200770899,0.792793361933515,0.738117957662238,0.667821009313453,0.558470200770899,0.759668976795537,0.738117957662238,0.738117957662238,0.667821009313453,0.492848161467342,0.492848161467342,0.495984024460869,0.495984024460869,0.71302174356379,0.6223484582551,0.666301839982678,0.666301839982678
0.668634066186869,0.733189935651216,0.71107667354681,0.549892451738412,0.770772244081419,0.733189935651216,0.549892451738412,0.549892451738412,0.770772244081419,0.770772244081419,0.733189935651216,0.661464833250554,0.332600892691435,0.446289526048567,0.446289526048567,0.334717144536425,0.727507505976908,0.632206447392624,0.632206447392624,0.632206447392624
0,-0.112209578793821,0,-0.481636007942883,0,-0.369911466916386,0,-0.335635147557657,0.216064729432108,0.0670545712030679,0.454480982598571,0.536436569624543,0.34914963802295,0.357562882312659,0.357562882312659,0.357562882312659,-0.132279779230289,-0.132279779230289,-0.132279779230289,-0.132279779230289
