0.40477173313538,0.40477173313538,0.40477173313538,0.40477173313538,0.431382640224006,0.431382640224006,0.431382640224006,0.431382640224006,0.104257207028537,0.104257207028537,0.104257207028537,0.104257207028537,0.33945005147821,0.33945005147821,0.33945005147821,0.33945005147821,-0.218217890235992,-0.218217890235992,-0.218217890235992,-0.218217890235992
0.633054164947657,0.669752957118536,0.614704768862218,0.651403561033097,0.522957788435021,0.669752957118536,0.614704768862218,0.651403561033097,0.482767559110005,0.350243131119023,0.369175192260592,0.634224048242556,-0.301690762233974,-0.301690762233974,-0.301690762233974,-0.218465724376326,-0.172516389835589,-0.172516389835589,-0.172516389835589,-0.172516389835589
0.442726889280028,0.442726889280028,0.442726889280028,0.442726889280028,0.40182649351735,0.40182649351735,0.40182649351735,0.40182649351735,-0.106942381532599,-0.106942381532599,-0.106942381532599,-0.106942381532599,0.187975300493398,0.187975300493398,0.187975300493398,0.187975300493398,-0.229094897476328,-0.229094897476328,-0.229094897476328,-0.229094897476328
0.450748935855209,0.450748935855209,0.450748935855209,0.450748935855209,0.450748935855209,0.450748935855209,0.450748935855209,0.450748935855209,0.0845154254728517,0.0845154254728517,0.0845154254728517,0.0845154254728517,0,0,0,0,0,0,0,0
0.856786085906946,0.856786085906946,0.856786085906946,0.856786085906946,0.823841525681821,0.823841525681821,0.823841525681821,0.823841525681821,0.823841525681821,0.823841525681821,0.823841525681821,0.823841525681821,0.145478593490662,0.145478593490662,0.145478593490662,0.145478593490662,-0.124225998749988,-0.124225998749988,-0.124225998749988,-0.124225998749988
0.72579024114402,0.72579024114402,0.72579024114402,0.72579024114402,0.732885932449383,0.732885932449383,0.732885932449383,0.732885932449383,0.30483271712478,0.30483271712478,0.30483271712478,0.30483271712478,0.495594627783352,0.495594627783352,0.495594627783352,0.495594627783352,0.362738125055006,0.362738125055006,0.362738125055006,0.362738125055006
0.735325693054914,0.735325693054914,0.735325693054914,0.735325693054914,0.714451267076223,0.714451267076223,0.714451267076223,0.714451267076223,0.685869829390033,0.685869829390033,0.685869829390033,0.685869829390033,0.105809738922621,0.105809738922621,0.105809738922621,0.105809738922621,0.189655172413793,0.189655172413793,0.189655172413793,0.189655172413793
0.387298334620742,0.387298334620742,0.387298334620742,0.387298334620742,0.538860251243651,0.538860251243651,0.538860251243651,0.538860251243651,0.373210013646089,0.373210013646089,0.373210013646089,0.373210013646089,0.218520760458412,0.218520760458412,0.218520760458412,0.218520760458412,-0.0690065559342354,-0.0690065559342354,-0.0690065559342354,-0.0690065559342354
0.798427975379905,0.798427975379905,0.798427975379905,0.798427975379905,0.798427975379905,0.798427975379905,0.798427975379905,0.798427975379905,0.763989643415695,0.763989643415695,0.763989643415695,0.763989643415695,0.204212491544327,0.204212491544327,0.204212491544327,0.204212491544327,-0.123091490979333,-0.123091490979333,-0.123091490979333,-0.123091490979333
0.668099001124567,0.668099001124567,0.668099001124567,0.668099001124567,0.732885932449383,0.732885932449383,0.732885932449383,0.732885932449383,0.261682337438394,0.261682337438394,0.261682337438394,0.261682337438394,0.495594627783352,0.495594627783352,0.495594627783352,0.495594627783352,0.314373041714338,0.314373041714338,0.314373041714338,0.314373041714338
0.497504566715268,0.497504566715268,0.497504566715268,0.497504566715268,0.54572498979104,0.54572498979104,0.54572498979104,0.54572498979104,0.371021716517649,0.371021716517649,0.371021716517649,0.371021716517649,0.174714139453653,0.174714139453653,0.174714139453653,0.174714139453653,-0.104828483672192,-0.104828483672192,-0.104828483672192,-0.104828483672192
0.325218563802392,0.325218563802392,0.325218563802392,0.325218563802392,0.401889852620196,0.401889852620196,0.401889852620196,0.401889852620196,0.299621517451927,0.299621517451927,0.299621517451927,0.299621517451927,0,0,0,0,0,0,0,0
0.43706277257848,0.43706277257848,0.43706277257848,0.43706277257848,0.481689711015798,0.481689711015798,0.481689711015798,0.481689711015798,0.412699115650801,0.412699115650801,0.412699115650801,0.412699115650801,0.22036485020242,0.22036485020242,0.22036485020242,0.22036485020242,-0.139177800127844,-0.139177800127844,-0.139177800127844,-0.139177800127844
0.424183890298908,0.424183890298908,0.424183890298908,0.424183890298908,0.477658763906664,0.477658763906664,0.477658763906664,0.477658763906664,0.38069349381344,0.38069349381344,0.38069349381344,0.38069349381344,0.264525131081236,0.264525131081236,0.264525131081236,0.264525131081236,-0.207019667802706,-0.207019667802706,-0.207019667802706,-0.207019667802706
0.388922234131299,0.388922234131299,0.388922234131299,0.388922234131299,0.47966153480337,0.47966153480337,0.47966153480337,0.47966153480337,0.382289699949677,0.382289699949677,0.382289699949677,0.382289699949677,0.265634255992174,0.265634255992174,0.265634255992174,0.265634255992174,-0.207887678602571,-0.207887678602571,-0.207887678602571,-0.207887678602571
0.578005976691339,0.5596565806059,0.5596565806059,0.578005976691339,0.651403561033097,0.578005976691339,0.578005976691339,0.5596565806059,0.615291987100987,0.615291987100987,0.615291987100987,0.615291987100987,0.0805076485899413,0.0805076485899413,0.0805076485899413,0.0805076485899413,-0.138013111868471,-0.138013111868471,-0.138013111868471,-0.138013111868471
0.688102353203975,0.651403561033097,0.651403561033097,0.669752957118536,0.688102353203975,0.669752957118536,0.633054164947657,0.669752957118536,0.653156109384125,0.653156109384125,0.634224048242556,0.634224048242556,-0.0575054632785295,-0.0575054632785295,-0.0575054632785295,-0.0575054632785295,-0.138013111868471,-0.138013111868471,-0.138013111868471,-0.138013111868471
0.541307184520461,0.633054164947657,0.614704768862218,0.651403561033097,0.5596565806059,0.688102353203975,0.596355372776779,0.651403561033097,0.634224048242556,0.691020231667262,0.672088170525693,0.672088170525693,-0.172516389835589,-0.172516389835589,-0.172516389835589,-0.172516389835589,-0.138013111868471,-0.138013111868471,-0.138013111868471,-0.138013111868471
0.52795279250937,0.52795279250937,0.52795279250937,0.52795279250937,0.406117532699515,0.406117532699515,0.406117532699515,0.406117532699515,0.483621429621479,0.483621429621479,0.483621429621479,0.483621429621479,0.530968983787731,0.530968983787731,0.530968983787731,0.530968983787731,-0.0989238733658996,-0.0989238733658996,-0.0989238733658996,-0.0989238733658996
0.47501411193488,0.47501411193488,0.47501411193488,0.47501411193488,0.394160646073624,0.394160646073624,0.394160646073624,0.394160646073624,0.450021296806505,0.450021296806505,0.450021296806505,0.450021296806505,0.56458747662255,0.56458747662255,0.56458747662255,0.56458747662255,-0.0246182981958665,-0.0246182981958665,-0.0246182981958665,-0.0246182981958665
0.588870422414297,0.588870422414297,0.588870422414297,0.588870422414297,0.507646915874394,0.507646915874394,0.507646915874394,0.507646915874394,0.567729504338258,0.567729504338258,0.567729504338258,0.567729504338258,0.434429168553598,0.434429168553598,0.434429168553598,0.434429168553598,-0.0247309683414749,-0.0247309683414749,-0.0247309683414749,-0.0247309683414749
0.535654211330822,0.535654211330822,0.535654211330822,0.535654211330822,0.454800745469566,0.454800745469566,0.454800745469566,0.454800745469566,0.512814966128343,0.512814966128343,0.512814966128343,0.512814966128343,0.492512479606906,0.492512479606906,0.492512479606906,0.492512479606906,-0.0738548945875996,-0.0738548945875996,-0.0738548945875996,-0.0738548945875996
0.609176299049273,0.609176299049273,0.609176299049273,0.609176299049273,0.52795279250937,0.52795279250937,0.52795279250937,0.52795279250937,0.588756523017453,0.588756523017453,0.588756523017453,0.588756523017453,0.410294214745065,0.410294214745065,0.410294214745065,0.410294214745065,-0.0741929050244247,-0.0741929050244247,-0.0741929050244247,-0.0741929050244247
0.596294310726765,0.596294310726765,0.596294310726765,0.596294310726765,0.515440844865508,0.515440844865508,0.515440844865508,0.515440844865508,0.575608635450181,0.575608635450181,0.575608635450181,0.575608635450181,0.420437482591261,0.420437482591261,0.420437482591261,0.420437482591261,-0.0246182981958665,-0.0246182981958665,-0.0246182981958665,-0.0246182981958665
0.559789754629956,0.559789754629956,0.559789754629956,0.559789754629956,0.559789754629956,0.559789754629956,0.559789754629956,0.559789754629956,0.559789754629956,0.559789754629956,0.559789754629956,0.559789754629956,0.448558996596207,0.448558996596207,0.448558996596207,0.448558996596207,-0.0993807989999907,-0.0993807989999907,-0.0993807989999907,-0.0993807989999907
