0.50029080101977,0.50029080101977,0.50029080101977,0.50029080101977,0.564385315439912,0.564385315439912,0.564385315439912,0.564385315439912,0.747917360847766,0.747917360847766,0.747917360847766,0.747917360847766,0.597315721433636,0.597315721433636,0.597315721433636,0.597315721433636,0.41950658984926,0.41950658984926,0.41950658984926,0.41950658984926
0.624069723068067,0.644201004457359,0.644201004457359,0.644201004457359,0.583807160289482,0.624069723068067,0.644201004457359,0.644201004457359,0.342231783617972,0.342231783617972,0.342231783617972,0.342231783617972,-0.228868854108532,-0.228868854108532,-0.228868854108532,-0.228868854108532,-0.49114799557274,-0.49114799557274,-0.49114799557274,-0.49114799557274
0.624559213768225,0.624559213768225,0.624559213768225,0.624559213768225,0.715776695481698,0.715776695481698,0.715776695481698,0.715776695481698,0.684551939290594,0.684551939290594,0.684551939290594,0.684551939290594,0.536875492193159,0.536875492193159,0.536875492193159,0.536875492193159,0.318497372407516,0.318497372407516,0.318497372407516,0.318497372407516
0.444462481596476,0.444462481596476,0.444462481596476,0.444462481596476,0.489345163926946,0.489345163926946,0.489345163926946,0.489345163926946,0.332007947037332,0.332007947037332,0.332007947037332,0.332007947037332,0.175682092231577,0.175682092231577,0.175682092231577,0.175682092231577,0,0,0,0
0.846968902521858,0.846968902521858,0.846968902521858,0.846968902521858,0.798452804942427,0.798452804942427,0.798452804942427,0.798452804942427,0.332354885799716,0.332354885799716,0.332354885799716,0.332354885799716,-0.0797724035217466,-0.0797724035217466,-0.0797724035217466,-0.0797724035217466,-0.400891862868637,-0.400891862868637,-0.400891862868637,-0.400891862868637
0.918705142445595,0.918705142445595,0.918705142445595,0.918705142445595,0.84657269643377,0.84657269643377,0.84657269643377,0.84657269643377,0.896136136711491,0.896136136711491,0.896136136711491,0.896136136711491,0.597934270993426,0.597934270993426,0.597934270993426,0.597934270993426,0.493624064799244,0.493624064799244,0.493624064799244,0.493624064799244
0.849569063765872,0.849569063765872,0.849569063765872,0.849569063765872,0.849569063765872,0.849569063765872,0.849569063765872,0.849569063765872,0.584973990990836,0.584973990990836,0.584973990990836,0.584973990990836,0,0,0,0,-0.149198773361589,-0.149198773361589,-0.149198773361589,-0.149198773361589
-0.283189687921957,-0.283189687921957,-0.283189687921957,-0.283189687921957,-0.188154452251595,-0.188154452251595,-0.188154452251595,-0.188154452251595,0.286920718003055,0.286920718003055,0.286920718003055,0.286920718003055,0.0330971836230516,0.0330971836230516,0.0330971836230516,0.0330971836230516,0.166478022954073,0.166478022954073,0.166478022954073,0.166478022954073
0.526220805361105,0.526220805361105,0.526220805361105,0.526220805361105,0.567493025389427,0.567493025389427,0.567493025389427,0.567493025389427,0.437384656144102,0.437384656144102,0.437384656144102,0.437384656144102,0.0793765082565761,0.0793765082565761,0.0793765082565761,0.0793765082565761,-0.345715337765942,-0.345715337765942,-0.345715337765942,-0.345715337765942
0.544569795653626,0.544569795653626,0.544569795653626,0.544569795653626,0.544569795653626,0.544569795653626,0.544569795653626,0.544569795653626,0.601689058280492,0.601689058280492,0.601689058280492,0.601689058280492,0.511233114578635,0.511233114578635,0.511233114578635,0.511233114578635,0.488508651467124,0.488508651467124,0.488508651467124,0.488508651467124
0.0714881448929958,0.0714881448929958,0.0714881448929958,0.0714881448929958,0.337015540209838,0.337015540209838,0.337015540209838,0.337015540209838,0.357440724464979,0.357440724464979,0.357440724464979,0.357440724464979,0.309634030775262,0.309634030775262,0.309634030775262,0.309634030775262,0.228138750553335,0.228138750553335,0.228138750553335,0.228138750553335
-0.0202278348515684,-0.0202278348515684,-0.0202278348515684,-0.0202278348515684,-0.0202278348515684,-0.0202278348515684,-0.0202278348515684,-0.0202278348515684,0.368037369049289,0.368037369049289,0.368037369049289,0.368037369049289,0.183449846426336,0.183449846426336,0.183449846426336,0.183449846426336,0,0,0,0
0.36765331659255,0.36765331659255,0.36765331659255,0.36765331659255,0.469779237868258,0.469779237868258,0.469779237868258,0.469779237868258,0.449354053613117,0.449354053613117,0.449354053613117,0.449354053613117,0.343669055689516,0.343669055689516,0.343669055689516,0.343669055689516,0.204124145231932,0.204124145231932,0.204124145231932,0.204124145231932
0.497981880509151,0.497981880509151,0.497981880509151,0.497981880509151,0.558959253632721,0.558959253632721,0.558959253632721,0.558959253632721,0.538633462591531,0.538633462591531,0.538633462591531,0.538633462591531,0.448870655970043,0.448870655970043,0.448870655970043,0.448870655970043,0.29872181543272,0.29872181543272,0.29872181543272,0.29872181543272
0.497981880509151,0.497981880509151,0.497981880509151,0.497981880509151,0.558959253632721,0.558959253632721,0.558959253632721,0.558959253632721,0.538633462591531,0.538633462591531,0.538633462591531,0.538633462591531,0.448870655970043,0.448870655970043,0.448870655970043,0.448870655970043,0.29872181543272,0.29872181543272,0.29872181543272,0.29872181543272
0.201312813892925,0.382494346396557,0.382494346396557,0.301969220839387,0.422756909175142,0.422756909175142,0.382494346396557,0.301969220839387,0.24157537667151,0.181181532503632,0.181181532503632,0.24157537667151,0.020806259464412,0.020806259464412,0.020806259464412,0.020806259464412,-0.148486603312689,-0.148486603312689,-0.148486603312689,-0.148486603312689
0.483150753343019,0.523413316121604,0.523413316121604,0.523413316121604,0.503282034732312,0.523413316121604,0.523413316121604,0.523413316121604,0.301969220839387,0.301969220839387,0.301969220839387,0.301969220839387,-0.10403129732206,-0.10403129732206,-0.10403129732206,-0.10403129732206,-0.35408343866872,-0.35408343866872,-0.35408343866872,-0.35408343866872
0.563675878900189,0.563675878900189,0.563675878900189,0.563675878900189,0.543544597510897,0.563675878900189,0.563675878900189,0.563675878900189,0.342231783617972,0.342231783617972,0.342231783617972,0.342231783617972,-0.145643816250884,-0.145643816250884,-0.145643816250884,-0.145643816250884,-0.399771624303393,-0.399771624303393,-0.399771624303393,-0.399771624303393
0.481840520784447,0.481840520784447,0.481840520784447,0.481840520784447,0.607538047945607,0.607538047945607,0.607538047945607,0.607538047945607,0.650987195378091,0.650987195378091,0.650987195378091,0.650987195378091,0.5755878314467,0.5755878314467,0.5755878314467,0.5755878314467,0.41846066654593,0.41846066654593,0.41846066654593,0.41846066654593
0.505584695346944,0.505584695346944,0.505584695346944,0.505584695346944,0.62940135543191,0.62940135543191,0.62940135543191,0.62940135543191,0.630190220466326,0.630190220466326,0.630190220466326,0.630190220466326,0.623672564873098,0.623672564873098,0.623672564873098,0.623672564873098,0.505276262888685,0.505276262888685,0.505276262888685,0.505276262888685
0.670386811526187,0.670386811526187,0.670386811526187,0.670386811526187,0.670386811526187,0.670386811526187,0.670386811526187,0.670386811526187,0.649798323067632,0.649798323067632,0.649798323067632,0.649798323067632,0.667681884478172,0.667681884478172,0.667681884478172,0.667681884478172,0.55344797833494,0.55344797833494,0.55344797833494,0.55344797833494
0.571771874896866,0.636929755298482,0.636929755298482,0.70062273082833,0.636929755298482,0.636929755298482,0.636929755298482,0.70062273082833,0.57208524705319,0.57208524705319,0.57208524705319,0.594467771611917,0.575472702366351,0.575472702366351,0.575472702366351,0.575472702366351,0.449867705421219,0.449867705421219,0.449867705421219,0.449867705421219
0.377498252931678,0.518575544673579,0.579584432282235,0.579584432282235,0.452055918546019,0.518575544673579,0.579584432282235,0.579584432282235,0.599243746255562,0.620262771958491,0.620262771958491,0.620262771958491,0.569912449241285,0.569912449241285,0.569912449241285,0.569912449241285,0.471728176524863,0.471728176524863,0.471728176524863,0.471728176524863
0.118259061947821,0.526790366858475,0.531304209727185,0.526790366858475,0.388260768646789,0.526790366858475,0.531304209727185,0.526790366858475,0.528191935031307,0.528191935031307,0.528191935031307,0.528191935031307,0.494070247185512,0.494070247185512,0.494070247185512,0.494070247185512,0.460845571506008,0.460845571506008,0.460845571506008,0.460845571506008
0.877034675601841,0.877034675601841,0.877034675601841,0.877034675601841,0.877034675601841,0.877034675601841,0.877034675601841,0.877034675601841,0.373377145488868,0.373377145488868,0.373377145488868,0.373377145488868,-0.106280269790577,-0.106280269790577,-0.106280269790577,-0.106280269790577,-0.422158526838175,-0.422158526838175,-0.422158526838175,-0.422158526838175
