0.103729319044024,0.103729319044024,0.103729319044024,0.103729319044024,0.205562594952275,0.205562594952275,0.205562594952275,0.205562594952275,0.170880186501611,0.170880186501611,0.170880186501611,0.170880186501611,0.0786357099492785,0.0786357099492785,0.0786357099492785,0.0786357099492785,0,0,0,0
-0.218861948465666,0.459180950702476,0.467763772210933,0.467763772210933,0.278941699024868,0.467763772210933,0.467763772210933,0.467763772210933,0.278941699024868,0.296107342041783,0.399101200143273,0.450598129194018,-0.245130350811336,-0.245130350811336,-0.245130350811336,-0.245130350811336,0,0,0,0
0.132647306485615,0.132647306485615,0.132647306485615,0.132647306485615,0.264861424216679,0.264861424216679,0.264861424216679,0.264861424216679,0.0981712513103054,0.0981712513103054,0.0981712513103054,0.0981712513103054,0.043994134506406,0.043994134506406,0.043994134506406,0.043994134506406,0,0,0,0
0,0,0,0,0,0,0,0,0,0,0,0,0,0,0,0,0,0,0,0
-0.0266859138220604,-0.0266859138220604,0.58709010408533,0.58709010408533,0.58709010408533,0.58709010408533,0.58709010408533,0.58709010408533,0.58709010408533,0.58709010408533,0.58709010408533,0.58709010408533,-0.143450387018509,-0.143450387018509,-0.143450387018509,-0.143450387018509,0,0,0,0
0.0263178146219787,0.0263178146219787,0.500038477817595,0.500038477817595,0.398718205807552,0.398718205807552,0.398718205807552,0.398718205807552,0.411606392957653,0.411606392957653,0.411606392957653,0.411606392957653,0.167236468898624,0.167236468898624,0.167236468898624,0.167236468898624,0,0,0,0
0.0174557688438607,0.0174557688438607,0.523673065315822,0.523673065315822,0.51207638319124,0.51207638319124,0.51207638319124,0.51207638319124,0.51207638319124,0.51207638319124,0.51207638319124,0.51207638319124,-0.0636495157215793,-0.0636495157215793,-0.0636495157215793,-0.0636495157215793,0,0,0,0
-0.0693544588365092,-0.0693544588365092,0.0693544588365092,0.0693544588365092,0.198283230042884,0.198283230042884,0.198283230042884,0.198283230042884,0.198283230042884,0.198283230042884,0.198283230042884,0.198283230042884,0.0188876865859954,0.0188876865859954,0.0188876865859954,0.0188876865859954,0,0,0,0
-0.0395444931793104,-0.0395444931793104,0.593167397689656,0.593167397689656,0.593167397689656,0.593167397689656,0.593167397689656,0.593167397689656,0.593167397689656,0.593167397689656,0.593167397689656,0.593167397689656,-0.155885989833003,-0.155885989833003,-0.155885989833003,-0.155885989833003,0,0,0,0
-0.147873615416237,-0.147873615416237,0.478414638111354,0.478414638111354,0.527130328409911,0.527130328409911,0.527130328409911,0.527130328409911,0.281466887280499,0.281466887280499,0.281466887280499,0.281466887280499,0.284267621807481,0.284267621807481,0.284267621807481,0.284267621807481,0,0,0,0
-0.0693544588365092,-0.0693544588365092,0.0866930735456365,0.0866930735456365,0.215525250046613,0.215525250046613,0.215525250046613,0.215525250046613,0.215525250046613,0.215525250046613,0.215525250046613,0.215525250046613,0.0188876865859954,0.0188876865859954,0.0188876865859954,0.0188876865859954,0,0,0,0
-0.112700995609328,-0.112700995609328,0.112700995609328,0.112700995609328,0.150104112199526,0.150104112199526,0.150104112199526,0.150104112199526,0,0,0,0,0,0,0,0,0,0,0,0
0.0996599061238702,0.0996599061238702,0.0996599061238702,0.0996599061238702,0.233406908004098,0.233406908004098,0.233406908004098,0.233406908004098,0.284493330061529,0.284493330061529,0.284493330061529,0.284493330061529,0.0566630597579863,0.0566630597579863,0.0566630597579863,0.0566630597579863,0,0,0,0
0.0996599061238702,0.0996599061238702,0.0996599061238702,0.0996599061238702,0.215452530465321,0.215452530465321,0.215452530465321,0.215452530465321,0.2672513100578,0.2672513100578,0.2672513100578,0.2672513100578,0.0755507463439817,0.0755507463439817,0.0755507463439817,0.0755507463439817,0,0,0,0
0.0996599061238702,0.0996599061238702,0.0996599061238702,0.0996599061238702,0.206475341695933,0.206475341695933,0.206475341695933,0.206475341695933,0.258630300055936,0.258630300055936,0.258630300055936,0.258630300055936,0.0849945896369794,0.0849945896369794,0.0849945896369794,0.0849945896369794,0,0,0,0
0.364769914109443,0.373352735617901,0.381935557126358,0.381935557126358,0.218861948465666,0.381935557126358,0.381935557126358,0.381935557126358,0.227444769974123,0.347604271092528,0.347604271092528,0.467763772210933,-0.103708994574027,-0.103708994574027,-0.103708994574027,-0.103708994574027,0,0,0,0
-0.261776056007953,0.467763772210933,0.476346593719391,0.476346593719391,0.236027591482581,0.476346593719391,0.476346593719391,0.476346593719391,0.244610412991038,0.373352735617901,0.373352735617901,0.493512236736306,-0.169705627484771,-0.169705627484771,-0.169705627484771,-0.169705627484771,0,0,0,0
-0.253193234499496,0.459180950702476,0.467763772210933,0.467763772210933,0.227444769974123,0.467763772210933,0.467763772210933,0.467763772210933,0.227444769974123,0.364769914109443,0.364769914109443,0.484929415227848,-0.160277537068951,-0.160277537068951,-0.160277537068951,-0.160277537068951,0,0,0,0
0.473803541479343,0.473803541479343,0.473803541479343,0.473803541479343,0.489592049089684,0.489592049089684,0.489592049089684,0.489592049089684,0.489592049089684,0.489592049089684,0.489592049089684,0.489592049089684,-0.0187986198559934,-0.0187986198559934,-0.0187986198559934,-0.0187986198559934,0,0,0,0
0.473803541479343,0.473803541479343,0.473803541479343,0.473803541479343,0.550791055225894,0.550791055225894,0.550791055225894,0.550791055225894,0.550791055225894,0.550791055225894,0.550791055225894,0.550791055225894,-0.0845937893519703,-0.0845937893519703,-0.0845937893519703,-0.0845937893519703,0,0,0,0
0.475423387372008,0.475423387372008,0.475423387372008,0.475423387372008,0.578991921683531,0.578991921683531,0.578991921683531,0.578991921683531,0.578991921683531,0.578991921683531,0.578991921683531,0.578991921683531,-0.11317733297582,-0.11317733297582,-0.11317733297582,-0.11317733297582,0,0,0,0
0.0399585829339418,0.415604707296817,0.415604707296817,0.415604707296817,0.466183467562654,0.466183467562654,0.466183467562654,0.466183467562654,0.466183467562654,0.466183467562654,0.466183467562654,0.466183467562654,-0.0572793994095527,-0.0572793994095527,-0.0572793994095527,-0.0572793994095527,0,0,0,0
0.482626560292425,0.381341054260543,0.381341054260543,0.482626560292425,0.482626560292425,0.482626560292425,0.482626560292425,0.482626560292425,0.482626560292425,0.482626560292425,0.482626560292425,0.482626560292425,-0.122375647531036,-0.122375647531036,-0.122375647531036,-0.122375647531036,0,0,0,0
0.488987363925125,0.382756053757573,0.488987363925125,0.488987363925125,0.488987363925125,0.488987363925125,0.488987363925125,0.488987363925125,0.488987363925125,0.488987363925125,0.488987363925125,0.488987363925125,-0.127742922451578,-0.127742922451578,-0.127742922451578,-0.127742922451578,0,0,0,0
0.473803541479343,0.473803541479343,0.473803541479343,0.473803541479343,0.305995030681052,0.305995030681052,0.305995030681052,0.305995030681052,0.473803541479343,0.473803541479343,0.473803541479343,0.473803541479343,0.178586888631937,0.178586888631937,0.178586888631937,0.178586888631937,0,0,0,0
