0.307522017726982,0.307522017726982,0.307522017726982,0.307522017726982,0.470808540521789,0.470808540521789,0.470808540521789,0.470808540521789,0.470700951008291,0.470700951008291,0.470700951008291,0.470700951008291,0.222230725243987,0.222230725243987,0.222230725243987,0.222230725243987,0.00616861008498004,0.00616861008498004,0.00616861008498004,0.00616861008498004
0.669122297745827,0.73603452752041,0.73603452752041,0.719306470076764,0.710942441354941,0.752762584964056,0.752762584964056,0.719306470076764,0.443293522256611,0.669122297745827,0.635666182858536,0.635666182858536,-0.319248836037226,0,0,0,-0.189382959716873,-0.156917309479695,-0.156917309479695,-0.156917309479695
0.377504557136685,0.377504557136685,0.377504557136685,0.377504557136685,0.485229613110285,0.485229613110285,0.485229613110285,0.485229613110285,0.481190641215621,0.481190641215621,0.481190641215621,0.481190641215621,0.184840831043472,0.184840831043472,0.184840831043472,0.184840831043472,-0.0122260717767884,-0.0122260717767884,-0.0122260717767884,-0.0122260717767884
0.242029956920003,0.242029956920003,0.242029956920003,0.242029956920003,0.473220058269482,0.473220058269482,0.473220058269482,0.473220058269482,0.502630004388536,0.502630004388536,0.502630004388536,0.502630004388536,0.0581545256022579,0.0581545256022579,0.0581545256022579,0.0581545256022579,0,0,0,0
0.854348854266168,0.854348854266168,0.854348854266168,0.854348854266168,0.550086251516514,0.550086251516514,0.550086251516514,0.550086251516514,0.631101428119702,0.631101428119702,0.631101428119702,0.631101428119702,0.0781697792064879,0.0781697792064879,0.0781697792064879,0.0781697792064879,-0.0442807442770048,-0.0442807442770048,-0.0442807442770048,-0.0442807442770048
0.901960674226565,0.901960674226565,0.901960674226565,0.901960674226565,0.804791284324933,0.804791284324933,0.804791284324933,0.804791284324933,0.89161779392116,0.89161779392116,0.89161779392116,0.89161779392116,0.239904057561627,0.239904057561627,0.239904057561627,0.239904057561627,0.317407840343262,0.317407840343262,0.317407840343262,0.317407840343262
0.857831568549444,0.857831568549444,0.857831568549444,0.857831568549444,0.676475459731576,0.676475459731576,0.676475459731576,0.676475459731576,0.821635686781996,0.821635686781996,0.821635686781996,0.821635686781996,0.209147254960293,0.209147254960293,0.209147254960293,0.209147254960293,0.115601195338268,0.115601195338268,0.115601195338268,0.115601195338268
0.607738126346534,0.607738126346534,0.607738126346534,0.607738126346534,0.535297838196662,0.535297838196662,0.535297838196662,0.535297838196662,0.423863774261494,0.423863774261494,0.423863774261494,0.423863774261494,-0.18050205186669,-0.18050205186669,-0.18050205186669,-0.18050205186669,-0.286958517979242,-0.286958517979242,-0.286958517979242,-0.286958517979242
0.906129126704779,0.906129126704779,0.906129126704779,0.906129126704779,0.865366796313745,0.865366796313745,0.865366796313745,0.865366796313745,0.84669224221811,0.84669224221811,0.84669224221811,0.84669224221811,0.354944253614815,0.354944253614815,0.354944253614815,0.354944253614815,0.0752976611497855,0.0752976611497855,0.0752976611497855,0.0752976611497855
0.747358403131338,0.747358403131338,0.747358403131338,0.747358403131338,0.730563832274454,0.730563832274454,0.730563832274454,0.730563832274454,0.683837864559095,0.683837864559095,0.683837864559095,0.683837864559095,0.244518326402215,0.244518326402215,0.244518326402215,0.244518326402215,0.292186232625942,0.292186232625942,0.292186232625942,0.292186232625942
0.384745321203851,0.384745321203851,0.384745321203851,0.384745321203851,0.359653235038382,0.359653235038382,0.359653235038382,0.359653235038382,0.287273332316532,0.287273332316532,0.287273332316532,0.287273332316532,-0.101489136279719,-0.101489136279719,-0.101489136279719,-0.101489136279719,-0.264001836540903,-0.264001836540903,-0.264001836540903,-0.264001836540903
0.468385608422079,0.468385608422079,0.468385608422079,0.468385608422079,0.53768225016796,0.53768225016796,0.53768225016796,0.53768225016796,0.473074876554734,0.473074876554734,0.473074876554734,0.473074876554734,0.200568067689036,0.200568067689036,0.200568067689036,0.200568067689036,0,0,0,0
0.235235984448482,0.235235984448482,0.235235984448482,0.235235984448482,0.526933809474839,0.526933809474839,0.526933809474839,0.526933809474839,0.501656416134839,0.501656416134839,0.501656416134839,0.501656416134839,0.156182580033888,0.156182580033888,0.156182580033888,0.156182580033888,-0.0459133628766788,-0.0459133628766788,-0.0459133628766788,-0.0459133628766788
0.210032128971859,0.210032128971859,0.210032128971859,0.210032128971859,0.535297838196662,0.535297838196662,0.535297838196662,0.535297838196662,0.509416113564935,0.509416113564935,0.509416113564935,0.509416113564935,0.186500961648063,0.186500961648063,0.186500961648063,0.186500961648063,0.0114783407191697,0.0114783407191697,0.0114783407191697,0.0114783407191697
0.218433414130734,0.218433414130734,0.218433414130734,0.218433414130734,0.510205752031193,0.510205752031193,0.510205752031193,0.510205752031193,0.500996012514274,0.500996012514274,0.500996012514274,0.500996012514274,0.190889820041418,0.190889820041418,0.190889820041418,0.190889820041418,0.0344350221575091,0.0344350221575091,0.0344350221575091,0.0344350221575091
0.602210067971245,0.644030211580359,0.56038992436213,0.56038992436213,0.543661866918485,0.685850355189473,0.644030211580359,0.593846039249422,0.543661866918485,0.593846039249422,0.593846039249422,0.593846039249422,-0.0168025703177487,-0.0168025703177487,-0.0168025703177487,-0.0168025703177487,-0.137740088630036,-0.137740088630036,-0.137740088630036,-0.137740088630036
0.627302154136713,0.761126613685879,0.744398556242233,0.635666182858536,0.635666182858536,0.761126613685879,0.744398556242233,0.568753953083953,0.518569780753016,0.593846039249422,0.518569780753016,0.602210067971245,-0.117617992224241,-0.0336051406354975,-0.0336051406354975,-0.0336051406354975,-0.172175110787545,-0.172175110787545,-0.172175110787545,-0.172175110787545
0.644030211580359,0.761126613685879,0.761126613685879,0.694214383911296,0.61893812541489,0.761126613685879,0.761126613685879,0.644030211580359,0.535297838196662,0.694214383911296,0.61893812541489,0.61893812541489,-0.302446265719477,0,0,0,-0.183653451506715,-0.183653451506715,-0.183653451506715,-0.183653451506715
0.666544956639789,0.666544956639789,0.666544956639789,0.666544956639789,0.725148571677488,0.725148571677488,0.725148571677488,0.725148571677488,0.693567049476537,0.693567049476537,0.693567049476537,0.693567049476537,0.44400915765769,0.44400915765769,0.44400915765769,0.44400915765769,0.100396881533047,0.100396881533047,0.100396881533047,0.100396881533047
0.680800269227329,0.680800269227329,0.680800269227329,0.680800269227329,0.768865772403942,0.768865772403942,0.768865772403942,0.768865772403942,0.731065987449741,0.731065987449741,0.731065987449741,0.731065987449741,0.463835497968436,0.463835497968436,0.463835497968436,0.463835497968436,0.0943116477802232,0.0943116477802232,0.0943116477802232,0.0943116477802232
0.683087009760269,0.683087009760269,0.683087009760269,0.683087009760269,0.751779866350521,0.751779866350521,0.751779866350521,0.751779866350521,0.685938457360251,0.685938457360251,0.685938457360251,0.685938457360251,0.438800246416674,0.438800246416674,0.438800246416674,0.438800246416674,0.10688653415092,0.10688653415092,0.10688653415092,0.10688653415092
0.712504331044353,0.71194164487908,0.677631204162016,0.660475983803483,0.763407305954676,0.763407305954676,0.763407305954676,0.71194164487908,0.677959658186122,0.756687086559293,0.755516058079039,0.737527580505728,0.308714723975071,0.337407352869719,0.337407352869719,0.287536666722446,0.00631295015898809,0.00631295015898809,0.00631295015898809,0.00631295015898809
0.613632858296049,0.645655523202545,0.645322934504959,0.601720033524894,0.688925835485023,0.715087576073062,0.715087576073062,0.671484675092997,0.627881774112933,0.636602354308946,0.654043514700972,0.592999453328881,0.277990572489985,0.206251069911924,0.206251069911924,0.161413880800636,0.0834362521490559,0.0834362521490559,0.0834362521490559,0.0834362521490559
0.689870737081995,0.659791380215422,0.729703049642222,0.686008256250472,0.641439697304626,0.747180966998922,0.729703049642222,0.686008256250472,0.589879710788622,0.651052421537072,0.651052421537072,0.607357628145322,0.247124255209336,0.247124255209336,0.227394914393258,0.220165245550136,0.0900437921458919,0.0900437921458919,0.0900437921458919,0.0900437921458919
0.766797948664872,0.766797948664872,0.766797948664872,0.766797948664872,0.424591703873668,0.424591703873668,0.424591703873668,0.424591703873668,0.59809997260974,0.59809997260974,0.59809997260974,0.59809997260974,0.0438810388578619,0.0438810388578619,0.0438810388578619,0.0438810388578619,-0.0378777009539285,-0.0378777009539285,-0.0378777009539285,-0.0378777009539285
