0.250686993014114,0.250686993014114,0.250686993014114,0.250686993014114,0.418469021974749,0.418469021974749,0.418469021974749,0.418469021974749,0.341093250409679,0.341093250409679,0.341093250409679,0.341093250409679,-0.0224325792524236,-0.0224325792524236,-0.0224325792524236,-0.0224325792524236,-0.411689854326291,-0.411689854326291,-0.411689854326291,-0.411689854326291
0.75683584459442,0.763876178032508,0.735714844280157,0.72867451084207,0.616029175832667,0.644190509585018,0.63715017614693,0.644190509585018,0.247797313891676,0.261957160399772,0.254877237145724,0.261957160399772,-0.11929006011951,-0.102836258723716,-0.102836258723716,-0.102836258723716,-0.443129367525598,-0.443129367525598,-0.443129367525598,-0.443129367525598
0.28253373785602,0.28253373785602,0.28253373785602,0.28253373785602,0.419553627013878,0.419553627013878,0.419553627013878,0.419553627013878,0.389899847592078,0.389899847592078,0.389899847592078,0.389899847592078,-0.00853485927498649,-0.00853485927498649,-0.00853485927498649,-0.00853485927498649,-0.477429291035571,-0.477429291035571,-0.477429291035571,-0.477429291035571
0.428277642119629,0.428277642119629,0.428277642119629,0.428277642119629,0.523427845388263,0.523427845388263,0.523427845388263,0.523427845388263,0.404119068394824,0.404119068394824,0.404119068394824,0.404119068394824,0,0,0,0,0,0,0,0
0.793903376137588,0.793903376137588,0.793903376137588,0.793903376137588,0.786448884342869,0.786448884342869,0.786448884342869,0.786448884342869,0.43014292522151,0.43014292522151,0.43014292522151,0.43014292522151,0,0,0,0,-0.194196618488538,-0.194196618488538,-0.194196618488538,-0.194196618488538
0.740514220627287,0.740514220627287,0.740514220627287,0.740514220627287,0.790305565513735,0.790305565513735,0.790305565513735,0.790305565513735,0.642114989784445,0.642114989784445,0.642114989784445,0.642114989784445,0.392635179751142,0.392635179751142,0.392635179751142,0.392635179751142,0.2122315412183,0.2122315412183,0.2122315412183,0.2122315412183
0.707410685394622,0.707410685394622,0.707410685394622,0.707410685394622,0.728516329428205,0.728516329428205,0.728516329428205,0.728516329428205,0.48817968705127,0.48817968705127,0.48817968705127,0.48817968705127,0.143348942187913,0.143348942187913,0.143348942187913,0.143348942187913,0.105870210145322,0.105870210145322,0.105870210145322,0.105870210145322
0.327922498577283,0.327922498577283,0.327922498577283,0.327922498577283,0.325001103945842,0.325001103945842,0.325001103945842,0.325001103945842,-0.0608545525564422,-0.0608545525564422,-0.0608545525564422,-0.0608545525564422,-0.141903369700013,-0.141903369700013,-0.141903369700013,-0.141903369700013,-0.22715759582216,-0.22715759582216,-0.22715759582216,-0.22715759582216
0.757035802399806,0.757035802399806,0.757035802399806,0.757035802399806,0.72763635376292,0.72763635376292,0.72763635376292,0.72763635376292,0.193119483367449,0.193119483367449,0.193119483367449,0.193119483367449,-0.16197186236375,-0.16197186236375,-0.16197186236375,-0.16197186236375,-0.156658022777612,-0.156658022777612,-0.156658022777612,-0.156658022777612
0.703838525019562,0.703838525019562,0.703838525019562,0.703838525019562,0.691898406021664,0.691898406021664,0.691898406021664,0.691898406021664,0.536686048722731,0.536686048722731,0.536686048722731,0.536686048722731,0.444357126604147,0.444357126604147,0.444357126604147,0.444357126604147,0.245841140115515,0.245841140115515,0.245841140115515,0.245841140115515
0.117042712953513,0.117042712953513,0.117042712953513,0.117042712953513,0.163110312284034,0.163110312284034,0.163110312284034,0.163110312284034,0.00359347413950863,0.00359347413950863,0.00359347413950863,0.00359347413950863,-0.0333890281647089,-0.0333890281647089,-0.0333890281647089,-0.0333890281647089,-0.100958931476516,-0.100958931476516,-0.100958931476516,-0.100958931476516
0.45184000306515,0.45184000306515,0.45184000306515,0.45184000306515,0.458860949372154,0.458860949372154,0.458860949372154,0.458860949372154,0.00786001770313781,0.00786001770313781,0.00786001770313781,0.00786001770313781,0,0,0,0,0,0,0,0
0.07065241390127,0.07065241390127,0.07065241390127,0.07065241390127,0.106376290620022,0.106376290620022,0.106376290620022,0.106376290620022,0.256268330032809,0.256268330032809,0.256268330032809,0.256268330032809,0.0500835422470633,0.0500835422470633,0.0500835422470633,0.0500835422470633,-0.164058263649338,-0.164058263649338,-0.164058263649338,-0.164058263649338
0.190761517533429,0.190761517533429,0.190761517533429,0.190761517533429,0.271505724628503,0.271505724628503,0.271505724628503,0.271505724628503,0.280652270572226,0.280652270572226,0.280652270572226,0.280652270572226,-0.0500835422470633,-0.0500835422470633,-0.0500835422470633,-0.0500835422470633,-0.290256927994982,-0.290256927994982,-0.290256927994982,-0.290256927994982
0.197826758923556,0.197826758923556,0.197826758923556,0.197826758923556,0.292662014859296,0.292662014859296,0.292662014859296,0.292662014859296,0.259336908250285,0.259336908250285,0.259336908250285,0.259336908250285,-0.0918198274529494,-0.0918198274529494,-0.0918198274529494,-0.0918198274529494,-0.365976126602369,-0.365976126602369,-0.365976126602369,-0.365976126602369
0.573787175204142,0.517464507699441,0.517464507699441,0.524504841137528,0.587867842080317,0.559706508327967,0.503383840823265,0.503383840823265,0.0141598465080958,0.148678388335006,0.148678388335006,0.148678388335006,-0.103896454365423,-0.103896454365423,-0.103896454365423,-0.103896454365423,-0.251976315339485,-0.251976315339485,-0.251976315339485,-0.251976315339485
0.665311509899281,0.672351843337369,0.679392176775456,0.679392176775456,0.48930317394709,0.559706508327967,0.552666174889879,0.559706508327967,0.0849590790485747,0.226557544129532,0.226557544129532,0.219477620875485,-0.153766752460826,-0.137143319762358,-0.137143319762358,-0.137143319762358,-0.352766841475279,-0.352766841475279,-0.352766841475279,-0.352766841475279
0.679392176775456,0.693472843651631,0.693472843651631,0.700513177089719,0.496343507385178,0.580827508642229,0.573787175204142,0.573787175204142,0.205317774367389,0.240717390637628,0.23363746738358,0.23363746738358,-0.128831603413124,-0.128831603413124,-0.128831603413124,-0.128831603413124,-0.352766841475279,-0.352766841475279,-0.352766841475279,-0.352766841475279
0.577587813025716,0.577587813025716,0.577587813025716,0.577587813025716,0.577587813025716,0.577587813025716,0.577587813025716,0.577587813025716,0.388369701355227,0.388369701355227,0.388369701355227,0.388369701355227,0.0812695955571498,0.0812695955571498,0.0812695955571498,0.0812695955571498,-0.200875277704805,-0.200875277704805,-0.200875277704805,-0.200875277704805
0.643941148050823,0.643941148050823,0.643941148050823,0.643941148050823,0.648264988440437,0.648264988440437,0.648264988440437,0.648264988440437,0.350371978354673,0.350371978354673,0.350371978354673,0.350371978354673,0.0254863317772893,0.0254863317772893,0.0254863317772893,0.0254863317772893,-0.18405480557407,-0.18405480557407,-0.18405480557407,-0.18405480557407
0.639438007852263,0.639438007852263,0.639438007852263,0.639438007852263,0.62473828353382,0.62473828353382,0.62473828353382,0.62473828353382,0.337012431758882,0.337012431758882,0.337012431758882,0.337012431758882,-0.0506162069886718,-0.0506162069886718,-0.0506162069886718,-0.0506162069886718,-0.182767693240547,-0.182767693240547,-0.182767693240547,-0.182767693240547
0.616100687294475,0.648450707277658,0.648450707277658,0.648450707277658,0.556357590344708,0.648450707277658,0.648450707277658,0.648450707277658,0.215457934553382,0.349400949777796,0.349400949777796,0.349400949777796,0,0,0,0,-0.159173655913725,-0.159173655913725,-0.159173655913725,-0.159173655913725
0.606169332476139,0.680968470303611,0.673317139176604,0.680968470303611,0.560706632540429,0.680968470303611,0.673317139176604,0.680968470303611,0.105388375698954,0.333385835866906,0.338071728883274,0.341323593863737,-0.0156846799247827,-0.0156846799247827,-0.0156846799247827,-0.0156846799247827,-0.197773283990412,-0.197773283990412,-0.197773283990412,-0.197773283990412
0.627179713761848,0.646181093803232,0.641046105798177,0.648769552855986,0.435966386395431,0.648769552855986,0.641046105798177,0.648769552855986,0.0473779369679134,0.296465222489697,0.296465222489697,0.296465222489697,-0.0158325124095281,-0.0158325124095281,-0.0158325124095281,-0.0158325124095281,-0.181488502160157,-0.181488502160157,-0.181488502160157,-0.181488502160157
0.651137689104586,0.673335564869516,0.6363391052613,0.6363391052613,0.721441973127244,0.729413707636937,0.73738544214663,0.73738544214663,0.537640158006988,0.547072441480795,0.547072441480795,0.547072441480795,0.312426910618951,0.312426910618951,0.312426910618951,0.312426910618951,0.123139095688147,0.123139095688147,0.123139095688147,0.123139095688147
