0.484484057563749,0.484484057563749,0.484484057563749,0.484484057563749,0.534675270017429,0.534675270017429,0.534675270017429,0.534675270017429,0.426467372776984,0.426467372776984,0.426467372776984,0.426467372776984,0.255990141904375,0.255990141904375,0.255990141904375,0.255990141904375,0.171336717635803,0.171336717635803,0.171336717635803,0.171336717635803
0.260535578911572,0.679253473590884,0.642034105174945,0.65133894727893,0.614119578862991,0.576900210447052,0.567595368343067,0.576900210447052,0.489730069878376,0.527042837107205,0.527042837107205,0.527042837107205,0.369449112093156,0.369449112093156,0.369449112093156,0.369449112093156,0.306868989181895,0.306868989181895,0.306868989181895,0.306868989181895
0.461709243583729,0.461709243583729,0.461709243583729,0.461709243583729,0.509753356878093,0.509753356878093,0.509753356878093,0.509753356878093,0.360875158788854,0.360875158788854,0.360875158788854,0.360875158788854,0.230816527106185,0.230816527106185,0.230816527106185,0.230816527106185,0.195672724532701,0.195672724532701,0.195672724532701,0.195672724532701
0.363969583363119,0.363969583363119,0.363969583363119,0.363969583363119,0.321149632379223,0.321149632379223,0.321149632379223,0.321149632379223,0.541972398272317,0.541972398272317,0.541972398272317,0.541972398272317,0,0,0,0,0,0,0,0
0.683512021848273,0.814183437789854,0.814183437789854,0.814183437789854,0.814183437789854,0.814183437789854,0.814183437789854,0.814183437789854,0.773976848269368,0.773976848269368,0.773976848269368,0.773976848269368,0.518219838738427,0.518219838738427,0.518219838738427,0.518219838738427,0.467255969705404,0.467255969705404,0.467255969705404,0.467255969705404
0.515064387072828,0.568133374164229,0.568133374164229,0.568133374164229,0.574823800410828,0.574823800410828,0.574823800410828,0.574823800410828,0.428187061997863,0.428187061997863,0.428187061997863,0.428187061997863,0.161749159805158,0.161749159805158,0.161749159805158,0.161749159805158,0.0148823365912136,0.0148823365912136,0.0148823365912136,0.0148823365912136
0.59603956067927,0.719031850978167,0.719031850978167,0.719031850978167,0.719031850978167,0.719031850978167,0.719031850978167,0.719031850978167,0.663486881496257,0.663486881496257,0.663486881496257,0.663486881496257,0.454998741317523,0.454998741317523,0.454998741317523,0.454998741317523,0.428220454599076,0.428220454599076,0.428220454599076,0.428220454599076
0.319576537551888,0.319576537551888,0.319576537551888,0.319576537551888,0.375972397119868,0.375972397119868,0.375972397119868,0.375972397119868,0.374147154678435,0.374147154678435,0.374147154678435,0.374147154678435,0.137571718037043,0.137571718037043,0.137571718037043,0.137571718037043,0.164139226771711,0.164139226771711,0.164139226771711,0.164139226771711
0.695347760842378,0.815407805879911,0.815407805879911,0.815407805879911,0.815407805879911,0.815407805879911,0.815407805879911,0.815407805879911,0.745372779608016,0.745372779608016,0.745372779608016,0.745372779608016,0.522105521300008,0.522105521300008,0.522105521300008,0.522105521300008,0.513200239279667,0.513200239279667,0.513200239279667,0.513200239279667
0.467707173346743,0.524977439470834,0.524977439470834,0.524977439470834,0.467707173346743,0.467707173346743,0.467707173346743,0.467707173346743,0.409508883832511,0.409508883832511,0.409508883832511,0.409508883832511,0.169030850945703,0.169030850945703,0.169030850945703,0.169030850945703,0.0145802960879951,0.0145802960879951,0.0145802960879951,0.0145802960879951
0.366573087191871,0.366573087191871,0.366573087191871,0.366573087191871,0.357173777263875,0.357173777263875,0.357173777263875,0.357173777263875,0.256525274698197,0.256525274698197,0.256525274698197,0.256525274698197,0.161497234217398,0.161497234217398,0.161497234217398,0.161497234217398,0.178412203012729,0.178412203012729,0.178412203012729,0.178412203012729
0.434170978855147,0.442726889280028,0.442726889280028,0.442726889280028,0.386208562988961,0.386208562988961,0.386208562988961,0.386208562988961,0.440251644287086,0.440251644287086,0.440251644287086,0.440251644287086,0,0,0,0,0,0,0,0
0.418717894679312,0.418717894679312,0.567595368343067,0.567595368343067,0.400108210471342,0.567595368343067,0.576900210447052,0.567595368343067,0.349807192770269,0.517714645299997,0.50838645349279,0.517714645299997,0.340938605570062,0.340938605570062,0.340938605570062,0.340938605570062,0.306868989181895,0.306868989181895,0.306868989181895,0.306868989181895
0.465242105199235,0.688558315694868,0.642034105174945,0.642034105174945,0.428022736783297,0.63272926307096,0.539680842031113,0.548985684135098,0.452417302649547,0.50838645349279,0.50838645349279,0.50838645349279,0.328975847479884,0.328975847479884,0.328975847479884,0.328975847479884,0.292596012940876,0.292596012940876,0.292596012940876,0.292596012940876
0.483851789407205,0.716472842006823,0.660643789382914,0.669948631486899,0.381498526263373,0.660643789382914,0.576900210447052,0.576900210447052,0.471073686263962,0.50838645349279,0.50838645349279,0.50838645349279,0.340938605570062,0.340938605570062,0.340938605570062,0.340938605570062,0.292596012940876,0.292596012940876,0.292596012940876,0.292596012940876
0.418717894679312,0.418717894679312,0.567595368343067,0.567595368343067,0.400108210471342,0.567595368343067,0.576900210447052,0.567595368343067,0.349807192770269,0.517714645299997,0.50838645349279,0.517714645299997,0.340938605570062,0.340938605570062,0.340938605570062,0.340938605570062,0.306868989181895,0.306868989181895,0.306868989181895,0.306868989181895
0.465242105199235,0.688558315694868,0.642034105174945,0.642034105174945,0.428022736783297,0.63272926307096,0.539680842031113,0.548985684135098,0.452417302649547,0.50838645349279,0.50838645349279,0.50838645349279,0.328975847479884,0.328975847479884,0.328975847479884,0.328975847479884,0.292596012940876,0.292596012940876,0.292596012940876,0.292596012940876
0.483851789407205,0.716472842006823,0.660643789382914,0.669948631486899,0.381498526263373,0.660643789382914,0.576900210447052,0.576900210447052,0.471073686263962,0.50838645349279,0.50838645349279,0.50838645349279,0.340938605570062,0.340938605570062,0.340938605570062,0.340938605570062,0.292596012940876,0.292596012940876,0.292596012940876,0.292596012940876
0.615307730817356,0.615307730817356,0.615307730817356,0.615307730817356,0.759664926449746,0.759664926449746,0.759664926449746,0.759664926449746,0.778104702064126,0.778104702064126,0.778104702064126,0.778104702064126,0.622752368779528,0.622752368779528,0.622752368779528,0.622752368779528,0.481125224324688,0.481125224324688,0.481125224324688,0.481125224324688
0.625312734570484,0.625312734570484,0.625312734570484,0.625312734570484,0.625312734570484,0.625312734570484,0.625312734570484,0.625312734570484,0.765382787114272,0.765382787114272,0.765382787114272,0.765382787114272,0.610171512844588,0.610171512844588,0.610171512844588,0.610171512844588,0.481125224324688,0.481125224324688,0.481125224324688,0.481125224324688
0.631779385310514,0.631779385310514,0.631779385310514,0.631779385310514,0.631779385310514,0.631779385310514,0.631779385310514,0.631779385310514,0.641807629521792,0.641807629521792,0.641807629521792,0.641807629521792,0.598978790387215,0.598978790387215,0.598978790387215,0.598978790387215,0.474205441800905,0.474205441800905,0.474205441800905,0.474205441800905
0.5952977233111,0.5952977233111,0.5952977233111,0.735367775854889,0.5952977233111,0.726873634660548,0.726873634660548,0.726873634660548,0.737419488884302,0.737419488884302,0.737419488884302,0.737419488884302,0.597590656909648,0.597590656909648,0.597590656909648,0.597590656909648,0.433012701892219,0.433012701892219,0.433012701892219,0.433012701892219
0.526339771720155,0.567220530688711,0.567220530688711,0.730743566562934,0.567220530688711,0.730743566562934,0.709010552704284,0.730743566562934,0.751183946047212,0.751183946047212,0.751183946047212,0.751183946047212,0.629720703696573,0.629720703696573,0.629720703696573,0.629720703696573,0.483281967396607,0.483281967396607,0.483281967396607,0.483281967396607
0.535268599875309,0.545464192253887,0.545464192253887,0.545464192253887,0.545464192253887,0.545464192253887,0.545464192253887,0.667811300796814,0.688202485553969,0.688202485553969,0.688202485553969,0.688202485553969,0.557692307692308,0.557692307692308,0.557692307692308,0.557692307692308,0.441261304060914,0.441261304060914,0.441261304060914,0.441261304060914
0.534289138108712,0.524574790143099,0.524574790143099,0.544003486074325,0.388573918624518,0.582860877936777,0.602289573868003,0.602289573868003,0.544334404743323,0.544334404743323,0.544334404743323,0.544334404743323,0.151672986506104,0.151672986506104,0.151672986506104,0.151672986506104,-0.0448561304016257,-0.0448561304016257,-0.0448561304016257,-0.0448561304016257
