0.353514222212209,0.353514222212209,0.353514222212209,0.353514222212209,0.439723393485525,0.439723393485525,0.439723393485525,0.439723393485525,0.519221408126976,0.519221408126976,0.519221408126976,0.519221408126976,0.253509248664597,0.253509248664597,0.253509248664597,0.253509248664597,0.143014016060395,0.143014016060395,0.143014016060395,0.143014016060395
0.646104456327494,0.660201280829185,0.660201280829185,0.660201280829185,0.641405514826931,0.660201280829185,0.660201280829185,0.65315286857834,0.580319275319604,0.643754985577212,0.641405514826931,0.617910807324113,0.52297204137305,0.535125632669264,0.535125632669264,0.535125632669264,0.527675421210283,0.535022088409296,0.535022088409296,0.535022088409296
0.378528464170672,0.378528464170672,0.378528464170672,0.378528464170672,0.399023234421107,0.399023234421107,0.399023234421107,0.399023234421107,0.52697097577934,0.52697097577934,0.52697097577934,0.52697097577934,0.233945530453268,0.233945530453268,0.233945530453268,0.233945530453268,0.0378246161152173,0.0378246161152173,0.0378246161152173,0.0378246161152173
0.47733568167243,0.47733568167243,0.47733568167243,0.47733568167243,0.15978617305369,0.15978617305369,0.15978617305369,0.15978617305369,0.506561493860775,0.506561493860775,0.506561493860775,0.506561493860775,0.437935375962232,0.437935375962232,0.437935375962232,0.437935375962232,0.166095693194512,0.166095693194512,0.166095693194512,0.166095693194512
0.604203631837023,0.652831690737387,0.652831690737387,0.652831690737387,0.65671309228901,0.65671309228901,0.65671309228901,0.65671309228901,0.613093772505976,0.613093772505976,0.613093772505976,0.613093772505976,0.550852745866682,0.550852745866682,0.550852745866682,0.550852745866682,0.369803871329049,0.369803871329049,0.369803871329049,0.369803871329049
0.584277861107707,0.689396566883254,0.689396566883254,0.689396566883254,0.585009564721389,0.585009564721389,0.585009564721389,0.585009564721389,0.642158302545202,0.642158302545202,0.642158302545202,0.642158302545202,0.010111437491111,0.010111437491111,0.010111437491111,0.010111437491111,-0.0824790446079524,-0.0824790446079524,-0.0824790446079524,-0.0824790446079524
0.578209834276493,0.625410637074574,0.625410637074574,0.625410637074574,0.637210837774094,0.637210837774094,0.637210837774094,0.637210837774094,0.639614431803999,0.639614431803999,0.639614431803999,0.639614431803999,0.420335958984311,0.420335958984311,0.420335958984311,0.420335958984311,0.293641748821602,0.293641748821602,0.293641748821602,0.293641748821602
0.202318780889042,0.301125627369738,0.301125627369738,0.301125627369738,0.178793341250782,0.178793341250782,0.178793341250782,0.178793341250782,0.48399097455805,0.48399097455805,0.48399097455805,0.48399097455805,0.477768146247499,0.477768146247499,0.477768146247499,0.477768146247499,0.517605762151812,0.517605762151812,0.517605762151812,0.517605762151812
0.584117784761249,0.63229244742197,0.63229244742197,0.63229244742197,0.615431315490718,0.615431315490718,0.615431315490718,0.615431315490718,0.625066248022862,0.625066248022862,0.625066248022862,0.625066248022862,0.562705144877922,0.562705144877922,0.562705144877922,0.562705144877922,0.389122245578889,0.389122245578889,0.389122245578889,0.389122245578889
0.441374114153229,0.503405070736926,0.503405070736926,0.503405070736926,0.20641931300183,0.20641931300183,0.20641931300183,0.20641931300183,0.334247875655572,0.334247875655572,0.334247875655572,0.334247875655572,0.154996322778366,0.154996322778366,0.154996322778366,0.154996322778366,0.0818197291203953,0.0818197291203953,0.0818197291203953,0.0818197291203953
0.111965882810456,0.111965882810456,0.111965882810456,0.111965882810456,-0.134095005938086,-0.134095005938086,-0.134095005938086,-0.134095005938086,0.346773362960025,0.346773362960025,0.346773362960025,0.346773362960025,0.419000849336312,0.419000849336312,0.419000849336312,0.419000849336312,0.524521110095617,0.524521110095617,0.524521110095617,0.524521110095617
0.334237948108595,0.305992487705051,0.305992487705051,0.305992487705051,0.268331873833661,0.268331873833661,0.268331873833661,0.268331873833661,0.507754122006676,0.507754122006676,0.507754122006676,0.507754122006676,0.382779501175476,0.382779501175476,0.382779501175476,0.382779501175476,0.350128866970071,0.350128866970071,0.350128866970071,0.350128866970071
0.249610889509826,0.249610889509826,0.249610889509826,0.249610889509826,0.403975727956253,0.403975727956253,0.403975727956253,0.403975727956253,0.457270637937118,0.457270637937118,0.457270637937118,0.457270637937118,0.345070508101208,0.345070508101208,0.345070508101208,0.345070508101208,0.320266917569183,0.320266917569183,0.320266917569183,0.320266917569183
0.298315453316621,0.298315453316621,0.298315453316621,0.298315453316621,0.399194950110616,0.399194950110616,0.399194950110616,0.399194950110616,0.469894150056359,0.469894150056359,0.469894150056359,0.469894150056359,0.300496808899524,0.300496808899524,0.300496808899524,0.300496808899524,0.26813044261606,0.26813044261606,0.26813044261606,0.26813044261606
0.295880225126281,0.295880225126281,0.295880225126281,0.295880225126281,0.387243005496526,0.387243005496526,0.387243005496526,0.387243005496526,0.462845737805514,0.462845737805514,0.462845737805514,0.462845737805514,0.285956640726967,0.285956640726967,0.285956640726967,0.285956640726967,0.248268928348204,0.248268928348204,0.248268928348204,0.248268928348204
0.639056044076649,0.589717158320731,0.589717158320731,0.50983515281115,0.643754985577212,0.592066629071013,0.538028801814532,0.460496267055232,0.60146451207214,0.554475097066504,0.554475097066504,0.514534094311714,0.51348010146017,0.520695278529868,0.472594098065215,0.472594098065215,0.510921994336805,0.510921994336805,0.510921994336805,0.510921994336805
0.655502339328621,0.610862395073267,0.594416099821295,0.554475097066504,0.648453927077776,0.610862395073267,0.596765570571577,0.554475097066504,0.650803397828058,0.632007631825803,0.634357102576085,0.622609748824676,0.539935750715729,0.566391399971288,0.578416695087452,0.576011636064219,0.54948214485279,0.547072135445541,0.547072135445541,0.469951834413571
0.669599163830312,0.620260278074394,0.60146451207214,0.554475097066504,0.662550751579467,0.620260278074394,0.60146451207214,0.554475097066504,0.641405514826931,0.622609748824676,0.62730869032524,0.608512924322986,0.547150927785427,0.571201518017754,0.568796458994521,0.568796458994521,0.559122182481787,0.566352210703534,0.556712173074538,0.479591872042567
0.401348043036878,0.401348043036878,0.401348043036878,0.401348043036878,0.527404438611379,0.527404438611379,0.527404438611379,0.527404438611379,0.489134728780168,0.489134728780168,0.489134728780168,0.489134728780168,0.269839307275666,0.269839307275666,0.269839307275666,0.269839307275666,0.194072571478272,0.194072571478272,0.194072571478272,0.194072571478272
0.249252303397351,0.249252303397351,0.249252303397351,0.249252303397351,0.476884531930849,0.476884531930849,0.476884531930849,0.476884531930849,0.469308307004165,0.469308307004165,0.469308307004165,0.469308307004165,0.269787715172786,0.269787715172786,0.269787715172786,0.269787715172786,0.185057371028702,0.185057371028702,0.185057371028702,0.185057371028702
0.366107017367184,0.366107017367184,0.366107017367184,0.366107017367184,0.365044321410297,0.365044321410297,0.365044321410297,0.365044321410297,0.379996886508409,0.379996886508409,0.379996886508409,0.379996886508409,0.255642661724305,0.255642661724305,0.255642661724305,0.255642661724305,0.165437540316698,0.165437540316698,0.165437540316698,0.165437540316698
0.487382666263468,0.456170968423936,0.441765569421074,0.400950272246301,0.422558370750593,0.434562869919644,0.434562869919644,0.393747572744871,0.38654487324344,0.372139474240579,0.398549372412491,0.398549372412491,0.373569327710543,0.324768426411835,0.353695168845278,0.353695168845278,0.256764553135648,0.222251707686881,0.227739404172976,0.227739404172976
0.532309211520225,0.537238000515782,0.347479624186813,0.300656128729016,0.414784339541442,0.330228862702362,0.347479624186813,0.31297810121791,0.43866222060463,0.263690211262333,0.263690211262333,0.263690211262333,0.442110760357731,0.425131798969775,0.425131798969775,0.425131798969775,0.371097555285086,0.295723321671654,0.295723321671654,0.295723321671654
0.588262712613609,0.540189630722604,0.527538819698655,0.266932112605315,0.542719792927394,0.297294059062791,0.322595681110689,0.266932112605315,0.494646711036389,0.213798706304731,0.216328868509521,0.21885903071431,0.492102471608487,0.492102471608487,0.492102471608487,0.492102471608487,0.433874719353528,0.371670458514313,0.371670458514313,0.371670458514313
0.771046514303089,0.771046514303089,0.771046514303089,0.771046514303089,0.784950728029046,0.784950728029046,0.784950728029046,0.784950728029046,0.597388068043082,0.597388068043082,0.597388068043082,0.597388068043082,0.385866967773031,0.385866967773031,0.385866967773031,0.385866967773031,0.224415065196657,0.224415065196657,0.224415065196657,0.224415065196657
