1.024	0.898	0.795	1.040	0.650	1.029	1.013	1.096	0.655	1.266	1.015	1.045	1.034	1.428	1.012	
0.421	1.029	0.813	1.064	1.294	0.816	1.654	0.809	1.050	1.081	1.239	1.263	0.804	0.621	1.041	
1.041	1.088	0.609	2.146	0.851	0.808	0.814	1.016	0.628	1.058	0.598	1.247	1.023	1.042	1.032	
0.808	1.235	1.051	1.055	0.412	1.029	1.267	1.020	0.611	1.010	0.887	1.421	1.725	0.427	1.043	
0.883	1.248	0.999	0.675	0.988	0.659	1.235	0.998	0.624	1.046	1.212	1.066	1.495	0.991	0.882	
0.799	0.805	0.898	1.284	0.816	1.048	1.437	0.807	0.450	0.620	1.219	1.229	1.227	1.255	1.106	
1.019	1.254	0.820	1.239	0.824	1.508	0.826	1.057	1.070	0.603	1.280	1.252	1.015	0.617	0.615	
1.006	0.829	0.424	1.319	0.832	0.409	1.495	1.031	0.867	0.814	1.487	1.211	1.012	1.038	1.227	
0.616	0.841	0.992	1.209	0.849	1.669	0.811	1.477	1.264	0.238	1.215	1.207	0.799	0.810	1.003	
0.671	1.452	1.247	0.636	1.011	0.656	0.847	0.900	0.823	1.276	1.024	0.998	1.457	0.808	1.194	
0.548	1.416	1.201	1.194	0.994	0.536	1.569	1.130	0.966	1.023	0.804	0.821	0.998	0.818	0.982	
1.045	1.037	0.606	1.798	1.254	1.042	0.808	0.615	1.045	1.242	0.207	1.007	1.219	0.820	1.253	
1.230	0.826	0.809	1.732	0.404	1.238	0.806	0.827	0.797	1.282	1.012	0.413	1.301	1.289	1.034	
1.096	1.014	0.836	1.242	1.252	1.057	0.616	1.255	0.821	0.633	0.841	1.042	1.021	1.234	1.039	
0.813	0.640	0.853	0.645	1.039	1.236	1.477	0.833	1.039	0.642	1.440	1.022	1.237	1.270	0.815	
0.607	1.428	0.659	1.039	1.492	1.032	0.412	1.646	1.257	0.593	1.333	0.655	1.217	0.588	1.043	
1.032	0.803	1.278	0.814	0.815	1.033	1.055	0.647	1.049	0.855	0.853	1.456	1.250	1.248	0.812	
0.619	1.014	0.835	1.023	1.263	1.027	1.300	0.610	1.252	0.843	1.034	0.823	1.248	1.072	1.035	
0.828	1.032	1.247	1.023	0.833	1.030	1.436	1.303	0.910	1.007	0.865	0.796	0.442	1.241	1.007	
1.035	1.253	0.878	1.222	1.039	1.077	0.838	1.034	0.803	1.218	0.641	1.253	1.048	0.613	1.048	
0.791	0.836	0.625	1.092	1.442	0.880	1.035	0.825	0.873	0.836	1.638	1.214	1.043	1.228	0.641	
0.443	1.029	1.407	0.973	1.191	1.295	0.990	1.423	0.913	1.197	1.253	1.002	0.227	0.816	0.842	
0.840	0.614	0.834	1.682	0.842	0.828	0.823	1.050	0.843	1.038	1.022	1.509	1.019	1.023	1.032	
1.269	0.874	1.226	1.295	1.239	1.014	1.462	1.002	0.842	0.790	0.675	0.814	1.011	0.841	0.647	
1.488	1.032	0.815	0.839	0.829	1.471	0.843	1.234	0.826	0.833	1.045	0.826	1.038	0.826	1.055	
1.007	1.030	0.831	1.438	1.082	1.257	1.248	1.029	1.042	0.823	1.038	0.445	1.022	0.893	0.815	
1.655	1.145	0.809	0.779	1.025	1.050	1.457	0.622	0.463	1.403	0.797	0.929	0.619	1.191	1.056	
1.005	0.624	1.263	1.254	1.023	0.599	1.028	0.841	0.793	1.446	1.452	1.592	1.269	0.598	0.213	
1.015	0.610	0.488	1.644	1.009	1.209	0.878	0.998	0.986	0.727	0.846	0.775	1.140	1.469	1.205	
1.053	0.620	1.216	0.809	1.292	1.042	1.044	1.484	1.221	0.631	0.837	1.240	1.295	0.602	0.614	
0.647	1.016	0.831	1.233	1.011	1.245	1.272	1.034	1.020	0.833	0.858	1.039	1.081	0.821	1.059	
1.040	1.047	0.842	1.034	0.836	1.044	1.029	1.026	1.243	1.053	1.045	1.033	0.834	0.840	1.055	
0.800	0.846	1.054	1.245	0.600	0.638	1.278	1.254	0.883	0.837	0.805	1.227	0.850	1.463	1.220	
1.059	0.836	0.833	1.264	0.851	1.242	1.057	0.835	0.826	0.829	1.050	1.453	0.793	1.235	0.838	
1.511	0.671	1.647	1.466	0.802	0.870	0.812	1.225	0.838	1.014	0.674	1.016	0.985	0.603	0.864	
0.816	0.676	1.434	0.791	1.572	0.815	1.026	1.129	1.418	0.660	0.828	1.415	1.002	0.986	0.433	
1.248	0.609	1.047	1.051	0.832	0.822	1.259	1.031	1.486	0.840	1.053	1.262	0.837	0.815	0.808	
1.241	0.608	1.052	1.513	0.816	1.243	1.438	0.649	0.863	0.668	1.056	0.997	1.007	1.235	0.615	
0.603	0.817	0.611	1.079	0.817	1.268	1.221	1.700	0.798	1.703	1.033	1.073	0.621	1.040	0.616	
1.055	1.082	1.007	1.073	0.617	0.630	0.824	0.817	1.228	1.017	1.455	1.272	1.241	1.062	0.621	
1.099	0.416	1.231	1.290	1.064	1.233	0.424	0.608	1.292	0.842	1.018	1.238	1.443	0.802	1.001	
1.054	0.998	0.427	1.488	0.800	1.339	0.604	1.223	1.224	1.455	1.000	1.082	0.819	0.857	0.630	
1.068	1.239	0.829	1.215	1.094	1.038	1.287	0.818	1.030	0.867	1.030	1.009	0.646	1.208	0.623	
1.084	1.434	0.838	0.849	1.055	1.221	1.005	1.071	0.647	1.049	0.827	0.629	1.009	1.456	0.825	
1.080	1.193	0.482	1.426	1.219	1.018	0.713	0.799	0.805	1.120	0.594	1.252	1.219	1.256	0.825	
0.630	0.422	1.657	1.225	1.433	0.815	0.812	1.300	0.814	0.613	1.067	1.075	0.823	1.084	1.231	
1.203	1.086	1.082	0.804	0.627	1.063	1.232	0.823	0.852	1.453	1.255	0.867	0.633	1.007	1.013	
0.812	1.676	0.440	0.605	1.049	1.257	1.030	1.029	1.018	0.600	1.246	1.076	1.248	0.879	1.036	
1.245	1.045	0.838	1.058	0.817	1.033	1.046	0.823	0.851	1.256	1.026	0.844	1.044	1.039	1.035	
0.594	0.994	0.544	1.432	1.105	0.980	0.793	1.205	1.576	0.533	1.410	0.782	1.441	0.817	0.795	
0.807	1.255	0.793	1.218	1.279	0.620	1.464	1.110	0.620	1.501	1.232	1.025	1.051	0.410	0.616	
1.296	1.493	0.631	0.615	1.018	1.086	0.996	0.602	1.267	0.842	1.255	1.259	0.605	1.216	0.817	
1.436	0.615	0.499	0.878	0.747	0.830	0.845	1.424	1.198	0.956	1.022	1.647	1.121	0.818	0.965	
0.835	0.862	1.417	1.034	1.042	1.483	1.003	0.852	0.913	1.258	0.632	0.990	0.432	1.220	1.025	
1.245	0.827	1.033	1.909	1.692	0.621	1.049	1.052	0.817	1.027	0.803	0.620	0.835	0.621	0.850	
0.856	0.833	1.002	0.644	1.489	1.044	1.017	1.054	1.244	0.625	1.221	0.855	1.242	1.061	0.814	
0.840	1.259	1.251	0.792	1.050	1.266	1.039	1.225	1.223	1.251	1.067	0.815	0.653	0.624	0.645	
1.221	0.827	0.602	1.019	1.201	1.270	1.027	0.643	0.884	0.649	1.241	1.221	1.447	0.438	1.308	
1.062	0.604	1.266	0.847	1.249	0.631	1.276	1.236	0.832	1.252	1.059	0.815	1.228	1.010	0.633	
1.216	1.014	0.810	1.008	1.016	0.809	1.568	0.803	1.038	1.233	0.467	0.703	1.263	1.229	0.823	
0.817	0.586	0.912	0.986	0.450	1.076	1.257	1.715	0.905	1.197	1.417	1.214	1.239	0.800	0.429	
1.019	0.610	1.034	1.247	0.804	0.812	1.052	1.876	1.084	1.252	0.444	1.016	0.800	0.888	1.062	
1.245	1.550	0.610	0.413	1.224	1.054	1.281	0.818	0.798	1.460	0.816	0.798	1.290	0.413	1.232	
1.049	0.481	1.009	1.285	0.761	0.812	1.408	0.690	1.060	0.808	1.011	1.612	1.034	0.975	1.005	
1.439	0.228	0.611	1.033	1.003	1.411	1.016	1.044	1.035	1.433	1.020	0.811	0.999	1.276	0.639	
0.810	1.003	0.628	0.881	1.664	1.214	1.567	0.798	1.125	1.022	1.021	0.832	0.989	0.432	1.013	
1.245	1.007	1.067	1.221	1.040	0.826	0.805	1.251	0.833	0.916	0.850	0.791	1.482	1.231	0.434	
1.235	0.454	0.990	1.197	0.828	1.115	1.427	1.304	0.626	0.813	1.045	0.905	1.023	1.230	0.807	
1.014	1.219	0.458	1.229	0.799	0.918	1.244	1.065	1.237	1.224	0.823	1.120	1.026	0.820	0.803	
0.640	1.036	1.238	1.007	0.811	1.091	0.824	0.988	1.044	1.460	0.660	0.888	1.091	0.999	1.223	
0.852	1.240	0.857	0.689	1.231	1.012	0.794	1.287	0.659	1.256	1.253	0.598	0.798	1.232	1.243	
1.032	1.011	1.054	0.850	0.625	1.018	1.486	0.645	0.832	1.021	1.487	0.839	1.491	0.399	1.209	
0.797	1.009	1.072	0.814	1.626	1.292	0.826	0.463	1.056	1.010	0.697	1.009	1.457	1.248	0.624	
0.615	0.826	0.597	2.142	0.839	1.057	0.857	1.470	0.594	1.037	0.829	1.027	0.825	1.023	1.261	
0.786	0.903	1.017	0.855	0.458	0.617	1.229	1.255	1.452	0.791	1.475	0.848	0.876	1.221	1.217	
0.419	1.029	0.650	0.661	0.833	1.445	0.597	0.849	1.073	1.285	0.789	1.732	1.636	0.776	1.225	
0.621	1.438	1.248	0.813	1.298	0.854	1.118	0.818	1.000	0.650	0.822	1.465	0.829	1.035	0.991	
1.031	0.611	1.037	1.250	1.881	0.861	0.837	1.244	0.634	0.831	0.826	0.832	1.066	1.025	1.034	
0.844	1.215	1.042	1.225	0.840	1.088	0.832	0.827	1.030	0.797	1.223	1.067	0.856	1.245	0.868	
0.239	1.205	0.607	1.291	1.232	0.817	0.988	1.014	1.195	1.214	1.222	1.100	1.464	0.986	0.425	
1.008	0.706	1.285	1.425	1.016	0.680	1.181	1.389	1.083	0.978	1.016	1.150	0.259	1.180	0.646	
0.607	1.433	1.079	0.995	1.049	0.772	1.182	1.006	1.304	1.190	1.037	1.204	0.728	0.913	0.501	
1.057	0.617	1.014	1.298	1.501	0.832	1.054	0.398	0.829	1.006	1.707	0.615	1.214	1.252	0.605	
1.266	0.400	0.848	1.659	0.837	1.176	1.021	0.811	1.610	1.416	1.038	1.227	0.811	0.616	0.263	
1.023	0.810	0.671	1.272	0.854	1.454	1.031	0.848	1.492	1.011	0.669	0.804	1.226	0.813	1.020	
0.834	0.672	1.638	0.653	1.438	0.823	0.795	0.808	1.271	1.041	1.265	0.810	1.260	0.818	0.875	
1.506	0.608	1.232	1.262	1.878	0.782	0.623	0.801	1.278	0.821	0.844	0.635	1.219	0.848	0.662	
1.442	0.436	0.604	1.690	1.300	0.879	1.052	0.821	0.623	1.254	0.621	1.453	0.620	1.015	1.192	
1.030	0.417	1.033	1.073	1.697	0.395	0.832	1.277	1.258	1.018	1.499	0.803	1.245	0.800	0.624	
0.615	1.015	0.644	1.096	1.251	0.834	0.612	1.226	1.668	1.025	0.808	1.067	0.830	1.040	1.271	
1.051	1.263	0.624	1.678	0.631	1.206	0.844	1.049	1.230	1.014	1.270	0.638	0.591	1.035	0.877	
1.017	1.041	0.597	2.087	1.193	0.795	1.460	0.829	0.821	0.235	1.053	0.818	1.226	1.201	0.624	
1.041	1.226	0.436	1.102	1.058	1.232	1.015	1.007	1.225	1.035	1.043	0.832	0.816	1.105	0.828	
1.047	1.034	0.627	1.290	0.825	0.820	1.066	1.453	1.026	1.054	1.037	1.265	1.032	0.603	0.820	
0.812	0.436	0.807	1.448	1.027	1.038	1.041	1.026	1.441	1.249	0.823	0.817	1.088	1.126	0.821	
1.089	0.776	0.705	1.420	1.216	0.851	1.410	0.853	1.015	0.898	1.223	1.027	0.683	1.052	0.782	
1.260	1.050	1.268	1.033	1.029	0.808	1.246	0.811	0.607	1.266	0.849	1.267	0.848	0.845	0.813	
1.222	0.629	0.814	0.822	1.251	1.264	1.259	0.845	1.281	1.023	0.614	0.867	1.031	1.062	1.016	
1.257	1.054	0.812	1.041	1.045	1.258	1.259	1.023	0.619	0.615	1.238	0.619	1.069	1.040	1.051	
1.025	0.994	0.589	1.205	1.332	0.690	0.687	1.205	0.834	1.233	1.209	0.871	0.846	1.245	1.036	
1.079	0.826	1.030	1.242	1.240	1.017	1.252	0.838	1.040	0.828	0.824	1.057	1.033	0.849	0.844	
1.477	1.006	1.040	1.416	1.002	0.789	1.262	0.991	1.212	1.028	1.049	0.991	0.261	1.059	0.418	
1.070	1.238	1.033	1.058	0.833	1.020	1.232	0.816	1.244	1.060	0.834	0.840	1.045	0.632	1.045	
0.794	0.597	1.045	0.623	1.236	0.823	1.705	1.108	1.226	1.004	0.815	1.542	0.425	1.445	0.613	
1.228	0.446	1.205	1.202	1.520	0.987	1.328	0.903	1.045	1.007	1.025	1.011	0.603	0.416	1.075	
0.620	1.023	1.046	1.245	1.318	1.051	1.023	0.835	1.451	0.998	0.822	0.610	0.422	1.206	1.329	
1.025	0.617	0.859	0.818	0.639	1.282	1.072	1.256	1.226	1.025	1.039	1.058	1.018	1.047	1.018	
1.259	0.618	1.056	0.840	1.459	0.831	1.076	1.020	1.033	0.841	0.839	1.228	0.835	1.001	1.064	
1.032	0.823	0.809	1.240	1.674	1.076	0.818	0.843	1.045	0.867	0.606	0.831	1.235	1.258	0.842	
0.406	0.817	1.215	1.263	1.110	1.519	1.037	1.297	1.009	1.008	0.427	0.820	0.819	0.823	1.431	
1.224	1.657	0.646	0.817	0.999	1.051	0.998	0.897	0.867	1.020	0.791	0.874	1.289	1.031	0.842	
0.623	1.024	0.644	0.989	0.834	0.650	0.649	0.640	1.264	1.002	1.288	1.475	1.403	1.460	1.055	
1.020	1.046	1.047	1.066	1.649	1.007	0.639	0.838	1.304	0.859	0.822	0.818	0.637	1.244	1.004	
0.852	0.595	1.256	1.088	0.626	1.431	1.260	1.671	0.814	0.655	0.603	0.845	1.229	1.017	1.060	
1.242	1.050	0.630	1.253	0.644	1.715	0.847	0.800	0.810	1.016	0.639	1.031	1.053	1.267	1.002	
0.701	1.009	1.205	1.054	1.412	1.285	0.417	0.993	0.794	1.024	0.808	1.278	1.069	1.494	0.457	
1.263	0.990	0.658	1.195	1.735	1.049	0.810	0.799	0.694	1.248	0.399	0.665	1.067	1.227	1.201	
1.072	0.612	1.235	1.479	0.820	1.052	1.048	0.835	0.836	1.661	0.808	0.838	1.049	0.832	0.824	
1.067	1.082	0.801	0.639	1.222	1.504	0.795	1.028	1.436	1.080	0.840	1.434	1.030	0.414	0.630	
1.028	1.280	0.879	0.826	1.014	1.021	1.033	0.646	1.210	0.826	0.851	1.085	1.246	0.822	1.232	
0.394	1.169	0.704	1.159	1.239	1.138	0.687	1.029	1.452	0.422	1.380	1.214	1.009	0.962	1.042	
1.241	0.398	0.846	0.812	1.931	0.819	0.842	1.052	1.274	1.234	0.822	0.841	1.031	0.827	1.029	
1.001	1.031	0.800	1.290	1.215	1.007	0.899	0.419	1.028	0.432	1.059	1.017	1.085	1.208	1.509	
1.049	0.605	0.805	1.348	1.229	0.816	1.215	1.022	0.848	1.225	1.658	1.223	0.630	0.883	0.443	
1.241	1.253	0.625	1.260	1.037	1.009	1.475	1.043	0.842	0.822	0.849	1.045	0.846	1.044	0.609	
1.045	1.245	1.053	1.292	0.616	1.018	1.444	0.848	0.618	0.626	1.247	1.052	1.263	0.816	0.816	
0.846	1.263	0.820	1.077	0.827	1.470	0.843	0.833	0.829	1.029	0.810	1.476	0.811	0.823	1.243	
1.024	0.609	1.064	1.245	1.062	1.029	0.838	1.264	0.635	1.232	1.498	0.819	0.859	1.011	0.811	
1.028	0.829	1.264	0.833	1.027	1.038	1.510	0.841	1.244	0.630	1.040	1.022	1.058	0.611	1.025	
1.019	0.793	1.444	1.210	1.295	0.875	0.837	1.280	1.251	0.636	0.642	1.069	1.219	0.797	0.632	
0.420	1.047	1.007	1.110	0.809	1.236	1.220	1.021	1.018	1.223	1.518	1.063	0.851	0.838	0.619	
0.635	0.843	1.438	1.093	1.230	1.051	1.003	1.184	1.062	0.241	0.969	0.986	0.837	1.044	1.385	
1.009	1.023	0.851	0.629	1.027	1.253	0.833	1.257	1.295	1.052	1.460	0.860	0.625	1.020	0.805	
0.827	0.793	1.007	2.104	1.214	1.216	1.051	0.632	0.799	1.083	1.020	1.048	0.468	0.688	1.049	
1.434	0.694	1.220	0.469	0.851	1.689	0.804	0.811	1.027	1.261	1.089	0.415	0.982	1.478	0.776	
0.982	0.982	0.766	0.727	0.854	1.021	0.980	1.862	0.980	1.672	0.454	0.466	0.989	1.089	1.176	
0.602	0.828	1.228	1.491	0.846	0.824	1.236	0.412	0.799	0.630	1.253	1.871	0.820	1.332	0.829	
0.784	1.002	0.443	0.993	1.698	1.236	1.594	1.229	1.212	0.894	1.014	0.837	0.626	0.817	0.621	
0.800	0.818	1.044	1.252	1.078	1.012	0.861	1.207	1.286	1.449	1.033	0.659	0.417	0.659	1.423	
0.792	1.248	0.629	1.502	1.270	1.000	0.606	0.822	0.856	1.214	0.847	0.622	1.475	0.825	1.293	
0.597	0.632	1.458	1.433	1.663	1.525	1.041	0.814	0.816	0.786	1.142	0.846	1.212	0.427	0.609	
0.911	0.987	0.998	1.466	0.437	1.021	0.974	0.791	0.431	1.398	1.276	1.469	0.915	1.064	0.862	
1.038	0.421	0.617	1.312	0.641	1.006	0.884	1.254	1.005	1.008	1.074	1.658	0.795	1.010	1.276	
0.624	1.023	0.780	1.235	0.874	1.424	1.456	0.624	0.861	0.644	1.519	0.860	1.003	1.233	0.841	
0.851	0.844	1.220	1.020	0.798	1.041	1.439	1.076	1.028	0.842	1.037	1.056	1.043	0.849	0.859	
1.014	1.000	1.223	1.033	1.304	1.048	1.237	0.612	1.727	1.200	0.703	0.837	0.612	0.457	0.993	
1.240	1.648	0.826	0.820	0.856	1.494	1.207	1.032	0.462	1.040	1.009	0.799	1.047	0.722	0.797	
1.002	0.644	1.010	1.443	1.431	1.251	0.828	0.993	0.227	1.025	1.452	0.871	0.807	1.204	0.812	
0.828	1.034	0.806	1.021	1.284	0.653	1.236	0.853	0.873	1.461	1.022	1.025	1.048	1.015	0.841	
0.825	0.610	0.664	1.647	1.017	0.679	0.781	0.634	0.655	1.105	1.043	1.473	1.218	1.192	1.458	
0.609	1.035	1.031	0.858	1.658	1.013	1.076	0.850	1.248	0.856	1.230	1.051	1.227	0.614	0.644	
1.020	0.634	1.244	1.233	0.594	0.938	0.476	1.206	1.193	1.429	0.924	1.239	0.979	0.830	1.062	
0.836	0.623	0.994	0.871	1.524	1.271	0.625	0.407	1.235	0.836	1.250	1.018	0.837	1.476	1.198	
1.408	0.265	1.024	1.442	0.791	0.800	1.087	1.249	0.605	0.791	1.043	1.000	1.274	1.228	0.993	
1.244	0.644	1.202	1.413	0.620	1.017	1.021	0.637	0.841	1.056	1.298	1.257	0.609	0.880	1.260	
1.901	0.628	1.047	1.261	1.036	1.058	0.812	1.008	0.594	1.052	1.468	0.627	1.057	0.644	0.807	
0.807	1.009	0.627	1.454	1.040	1.238	1.256	1.532	0.825	0.425	1.220	1.013	1.117	0.821	0.617	
1.268	0.865	1.416	0.984	0.783	1.680	0.692	0.477	0.970	0.972	1.123	1.418	0.610	0.863	0.880	
1.101	1.236	0.839	1.045	0.843	1.887	0.635	0.860	1.009	0.805	0.825	1.029	0.805	1.236	0.846	
1.240	1.004	0.853	1.039	1.063	1.216	0.639	1.220	1.280	1.236	0.850	0.630	0.838	1.033	0.859	
0.812	0.811	0.827	1.452	1.281	0.865	1.039	0.848	1.016	1.226	0.831	1.036	1.056	0.646	1.256	
1.053	1.284	0.827	1.017	0.821	0.652	1.654	0.837	0.831	1.446	0.650	1.247	0.819	1.033	0.830	
0.802	0.839	1.009	1.073	1.470	1.031	1.037	1.028	0.628	1.478	0.861	1.044	1.227	0.843	0.628	
1.013	0.804	0.608	1.476	1.252	1.061	1.283	1.054	0.831	1.488	0.405	0.614	1.252	1.053	0.806	
1.036	0.650	1.233	1.062	1.094	0.839	1.006	0.820	1.038	1.251	1.247	1.230	0.866	0.614	1.015	
0.718	0.817	1.179	0.717	1.222	1.071	1.071	0.982	1.238	0.791	0.654	1.017	1.397	1.467	0.657	
1.009	0.413	0.802	1.717	1.518	1.005	1.432	1.312	0.698	1.019	1.003	0.804	0.993	0.454	0.821	
1.245	0.820	0.621	1.048	0.611	1.050	1.050	1.055	0.609	1.270	1.696	1.471	1.017	0.600	0.838	
1.001	0.642	1.786	0.426	1.223	0.840	1.066	0.792	1.226	1.027	0.417	1.111	1.243	0.984	1.216	
0.867	0.988	1.039	0.789	0.629	1.427	1.320	1.233	1.107	1.279	1.200	0.405	1.030	1.259	0.429	
0.711	1.016	1.215	0.866	1.703	1.201	0.819	1.215	1.019	0.619	0.466	1.011	1.055	1.286	0.798	
1.227	0.803	0.704	1.029	1.060	1.611	0.672	0.782	1.237	1.198	1.270	0.625	1.094	0.657	1.030	
1.003	0.848	1.318	0.632	0.615	0.822	0.856	1.063	1.251	1.218	1.279	1.428	0.786	1.256	0.626	
0.807	1.506	1.220	1.117	1.195	1.099	1.005	0.979	0.921	0.828	0.614	1.193	1.242	0.458	0.814	
1.260	0.618	1.056	1.001	0.664	0.673	1.433	0.800	1.241	0.865	1.041	0.851	1.038	1.225	1.236	
0.784	0.428	0.803	1.012	0.597	1.330	0.640	1.305	1.618	1.485	0.411	1.226	1.122	1.000	1.237	
0.409	1.227	0.884	1.477	0.434	0.855	0.978	0.436	0.809	1.346	1.629	1.299	1.016	1.224	0.976	
1.003	1.262	0.879	1.216	0.678	0.846	1.425	0.792	1.204	1.026	1.056	0.835	1.085	0.674	1.019	
0.656	1.238	1.420	1.527	0.450	0.969	1.042	1.005	0.848	1.025	0.990	1.001	0.992	1.003	0.834	
1.695	0.836	0.633	0.807	1.272	1.270	0.844	1.317	0.406	0.815	1.035	1.008	1.015	1.220	0.826	
1.012	1.019	1.083	1.038	1.251	0.815	0.600	0.868	1.026	0.652	1.037	1.073	1.257	1.249	1.019	
1.854	1.028	0.894	1.020	1.029	1.043	0.857	0.787	0.669	1.436	1.016	0.641	1.089	0.609	1.028	
0.640	1.254	0.781	1.186	1.196	1.287	0.876	1.055	0.440	1.224	0.918	1.464	1.464	0.793	0.423	
1.433	0.854	1.080	0.622	1.255	0.635	0.622	1.215	1.018	1.258	0.596	0.795	1.306	1.234	1.078	
1.050	1.266	1.241	0.818	1.039	1.498	0.807	0.823	1.030	1.044	0.407	0.827	1.025	1.295	0.831	
0.585	1.035	0.666	1.231	0.602	1.090	1.035	1.657	0.868	1.219	1.686	1.000	0.873	0.838	0.614	
0.786	0.794	1.304	0.466	0.820	1.231	1.494	0.604	1.064	1.222	1.209	1.251	0.702	1.029	1.024	
0.654	0.810	1.218	1.250	1.425	0.842	1.276	1.038	0.656	1.057	1.040	1.036	0.628	1.063	1.005	
1.216	0.840	0.228	1.433	1.221	1.006	0.805	0.819	1.047	0.815	1.263	1.023	1.208	1.230	0.845	
0.647	0.834	1.020	1.437	1.064	0.612	0.833	1.447	1.038	0.836	1.044	0.852	0.845	1.037	1.454	
0.404	0.620	1.005	1.447	1.104	1.032	0.803	1.235	1.281	1.484	0.426	1.245	0.809	1.298	0.808	
1.447	1.275	1.062	1.296	1.036	1.022	0.816	1.017	0.817	0.634	0.837	1.019	0.862	0.816	1.043	
0.783	1.224	0.674	1.501	1.223	0.832	1.217	1.070	1.021	0.910	0.663	0.643	0.999	0.788	1.450	
0.983	0.637	0.799	1.538	1.476	1.897	1.200	0.398	1.298	0.917	0.605	0.991	1.031	0.441	0.789	
0.631	0.615	0.813	1.080	1.642	1.441	0.794	1.048	1.186	1.005	0.233	0.835	1.421	1.021	1.235	
0.803	0.811	1.466	1.065	1.243	0.862	1.000	1.063	1.421	0.791	1.024	1.412	1.005	0.790	0.244	
1.288	0.814	1.377	0.770	0.883	1.196	0.804	1.020	1.193	1.568	0.772	0.399	0.312	1.646	0.958	
0.810	1.049	0.873	0.828	1.456	1.239	1.094	0.443	1.039	1.034	0.827	0.816	1.232	1.006	1.255	
1.028	0.632	1.219	1.212	1.047	1.668	0.627	1.216	0.861	0.842	1.427	0.668	0.834	0.643	1.076	
0.861	1.250	0.825	1.022	1.036	0.838	0.854	1.250	1.505	0.799	1.477	0.599	0.823	0.622	1.238	
1.009	0.807	0.853	1.538	1.237	1.028	0.647	0.850	1.217	1.225	1.292	1.025	1.046	0.412	0.814	
1.406	1.235	0.249	1.229	1.279	0.777	1.402	0.682	0.982	0.845	0.778	1.228	1.077	0.980	0.850	
1.411	0.611	1.284	1.206	0.990	0.812	1.075	1.245	0.651	1.487	1.031	0.626	1.045	0.671	0.856	
1.068	1.254	1.245	0.848	0.819	0.591	1.226	0.810	0.845	1.773	1.442	1.232	0.205	0.836	0.806	
0.640	0.628	1.449	0.855	1.045	0.834	1.449	1.041	1.060	1.475	0.995	0.598	1.039	1.028	0.867	
0.617	1.509	1.007	0.859	0.641	1.441	1.013	1.014	0.611	1.028	1.096	1.266	1.043	0.809	1.046	
0.633	1.043	1.483	1.038	0.824	1.049	1.028	1.272	0.817	0.833	0.851	1.032	1.253	1.028	0.817	
0.621	0.848	0.987	1.318	1.454	0.800	1.212	0.800	1.873	0.239	1.195	0.829	1.024	0.807	0.994	
0.820	0.819	1.449	1.469	0.856	1.221	1.266	1.087	1.016	0.833	0.606	0.831	1.035	0.644	1.049	
0.856	1.011	0.862	0.834	1.223	1.291	0.678	1.026	1.231	1.033	0.675	0.992	0.799	1.262	1.227	
1.219	0.412	0.851	1.243	1.033	1.217	1.291	1.014	0.649	1.289	1.296	1.011	0.812	0.853	0.809	
0.627	0.594	1.244	1.647	1.867	0.610	1.236	1.662	1.050	0.596	0.811	1.220	0.817	0.800	0.220	
1.096	1.260	1.026	0.992	1.224	0.832	1.222	1.217	0.630	1.037	0.643	1.088	1.030	0.623	1.080	
1.032	0.615	1.058	1.065	1.244	1.029	1.007	1.463	1.054	0.599	1.055	1.239	0.849	0.844	0.847	
1.455	0.608	1.329	0.592	1.262	0.672	1.434	1.000	0.604	1.192	1.068	1.241	1.083	0.674	0.785	
1.037	1.059	1.018	1.044	1.029	1.073	1.042	1.231	1.024	0.838	0.632	0.838	1.236	1.074	0.825	
1.092	0.819	1.006	1.425	0.871	0.641	0.631	1.027	0.836	1.256	1.042	1.245	1.018	1.031	1.060	
1.447	1.484	0.612	0.981	1.939	1.026	0.630	0.633	1.052	0.673	1.212	0.601	1.247	0.444	1.018	
1.671	0.643	0.867	1.241	0.997	1.034	0.607	0.639	1.026	1.049	1.043	0.641	1.421	1.068	1.054	
0.620	1.090	1.210	1.196	1.042	0.430	0.670	0.870	1.088	1.420	1.043	1.240	0.632	1.434	1.016	
0.811	1.085	0.798	1.450	0.619	1.262	1.022	1.260	1.268	1.245	0.810	0.839	0.651	1.043	0.836	
1.041	1.020	1.202	1.022	1.258	0.596	1.291	0.811	1.020	1.444	0.996	0.861	0.469	1.251	0.719	
0.623	0.796	0.814	1.053	1.052	1.480	1.298	1.224	0.611	0.628	1.054	1.018	1.460	0.848	1.041	
0.829	1.218	1.043	1.035	1.025	1.299	0.616	0.415	1.241	0.833	1.043	1.011	1.298	1.075	1.019	
1.032	0.615	0.812	1.041	1.069	1.252	1.248	0.814	1.079	1.033	0.812	1.055	0.634	1.046	1.456	
0.418	1.681	0.843	1.006	1.034	0.619	0.849	1.242	0.799	0.837	1.081	1.237	1.535	1.224	0.596	
0.844	1.056	0.630	0.808	1.062	1.012	1.253	1.045	1.222	1.228	0.908	0.804	1.245	1.233	0.651	
1.265	1.044	0.850	1.481	1.038	0.804	1.027	0.637	1.238	0.835	1.052	0.636	0.811	0.833	1.448	
0.844	0.999	0.665	1.220	0.811	1.076	0.853	1.223	1.004	1.064	1.477	0.662	0.627	1.269	1.205	
1.044	1.088	0.833	1.037	0.827	0.623	1.237	0.817	0.816	1.490	1.059	0.817	1.025	1.043	1.245	
0.813	1.026	1.469	1.025	0.596	1.010	1.260	1.751	0.626	0.844	1.246	1.003	0.808	0.876	0.647	
0.607	0.838	0.633	1.025	1.023	1.039	1.682	1.029	1.302	1.012	1.053	1.037	1.052	0.840	0.828	
0.872	1.066	1.405	0.728	1.010	0.993	1.208	0.681	0.679	1.029	1.282	1.014	0.784	1.196	1.052	
1.207	0.446	0.417	1.358	1.043	0.850	1.030	0.832	1.260	0.592	1.649	0.989	1.233	0.891	1.202	
1.256	1.275	0.802	1.471	1.080	1.441	0.788	0.647	0.613	0.666	1.241	1.062	0.604	1.015	1.039	
1.222	0.624	0.853	1.251	1.261	0.844	1.017	1.692	0.824	1.045	0.609	1.027	1.064	0.622	1.045	
0.837	1.005	0.985	1.943	0.458	1.264	0.819	1.046	0.882	1.216	0.797	0.819	1.206	1.003	0.720	
0.856	1.030	1.011	1.227	0.851	1.070	0.828	1.073	0.813	0.831	1.458	1.444	0.619	1.074	0.814	
0.984	0.463	1.423	1.206	1.689	0.636	0.878	1.430	1.006	0.581	0.430	1.003	1.051	1.003	1.216	
0.650	1.441	1.032	1.273	0.886	0.634	0.800	0.839	0.819	1.023	1.016	0.610	1.448	1.261	1.269	
0.634	0.861	1.212	1.275	0.818	1.073	0.405	1.019	0.638	1.508	1.414	1.208	0.837	0.858	1.240	
0.613	1.031	1.659	1.260	1.035	1.038	0.822	0.825	1.015	1.076	1.022	1.251	0.432	1.107	0.814	
1.492	0.849	0.836	2.133	0.588	0.825	1.065	1.010	0.789	0.823	0.630	1.041	1.247	0.853	0.820	
1.054	1.280	1.031	0.413	1.226	1.038	1.303	1.228	1.032	0.821	0.827	0.838	0.828	1.244	0.836	
1.431	0.817	0.732	1.080	1.208	1.624	0.821	1.052	0.858	0.838	1.628	0.819	0.860	0.757	0.476	
1.303	0.795	0.813	1.277	0.846	1.252	1.217	0.621	1.001	0.908	0.443	1.227	1.214	0.832	1.250	
1.015	1.020	0.625	1.691	0.841	1.240	1.314	1.259	0.610	0.609	1.013	1.280	1.269	0.810	0.404	
0.639	1.221	0.652	1.043	1.430	1.109	0.880	1.393	1.070	0.993	1.186	0.438	0.978	0.815	1.153	
1.044	1.266	1.236	1.064	1.089	0.647	0.824	0.813	1.016	1.216	0.810	1.013	0.849	1.226	0.888	
1.437	1.105	0.832	1.239	1.031	1.048	1.298	1.008	0.829	0.836	1.056	0.805	1.237	0.814	0.426	
0.624	1.013	0.634	1.294	0.836	1.069	0.816	1.253	1.234	0.841	1.015	1.256	0.860	1.023	1.232	
0.634	0.815	1.222	0.598	1.462	1.042	1.662	0.988	1.209	1.413	0.810	0.222	0.820	0.812	1.292	
1.036	0.610	0.801	1.243	0.837	1.686	1.301	1.029	1.026	1.256	0.870	0.612	0.808	0.433	1.453	
1.083	1.053	0.984	0.990	0.779	2.031	1.959	0.587	0.407	0.780	0.993	0.877	0.988	0.310	1.177	
1.443	0.633	1.012	1.698	0.821	0.612	1.033	0.839	0.845	1.270	1.256	1.050	0.627	1.022	0.839	
1.278	1.013	0.663	1.043	1.018	0.829	0.600	1.242	1.086	1.222	1.475	1.008	1.245	0.650	0.628	
1.450	0.669	0.608	1.022	1.696	0.861	0.796	0.836	1.047	1.007	0.876	0.811	1.046	1.265	1.011	
1.242	0.997	0.627	1.498	0.435	1.010	0.809	1.653	1.029	1.273	1.023	0.916	0.848	1.012	0.627	
1.436	0.456	1.261	0.797	1.214	1.258	0.888	1.446	0.824	1.020	0.874	1.243	0.634	0.806	0.842	
0.409	1.042	0.835	0.841	1.276	0.828	1.015	0.823	1.033	1.271	1.241	1.462	1.033	1.286	0.606	
0.654	1.005	0.801	1.073	1.102	1.106	0.840	1.102	1.069	0.981	1.437	0.641	0.990	0.989	1.212	
0.652	0.615	0.550	1.298	1.369	0.251	1.212	0.826	1.611	1.212	0.997	1.369	1.273	1.095	0.669	
1.056	0.806	0.677	0.914	1.230	0.644	1.429	1.220	1.230	0.602	1.513	0.832	1.420	0.634	0.792	
0.855	1.041	1.218	1.098	0.636	0.641	0.868	0.811	1.645	1.246	1.031	1.011	1.055	0.809	1.037	
1.467	1.370	0.804	1.214	1.474	0.988	0.840	1.206	0.973	0.671	0.884	0.865	0.631	1.199	0.415	
0.826	0.847	0.815	0.800	0.900	1.466	0.817	0.793	0.442	1.021	1.055	1.425	1.448	1.022	1.323	
0.809	1.027	0.660	0.894	1.440	1.029	1.058	0.847	1.257	0.630	1.224	1.048	1.034	0.801	1.241	
1.243	1.055	0.842	1.258	0.837	0.836	0.859	0.823	1.031	1.253	1.263	1.017	1.232	0.831	0.620	
0.837	1.661	0.415	1.051	1.085	1.506	1.031	1.053	1.037	1.015	0.814	0.599	0.613	1.043	1.241	
1.285	1.452	0.834	1.013	1.049	0.808	1.049	0.819	1.049	1.244	0.825	0.830	1.268	0.629	0.846	
0.818	0.826	1.227	1.026	1.060	1.247	0.812	1.255	1.029	0.865	0.641	0.846	1.043	1.014	1.292	
1.061	1.018	0.787	1.005	1.076	1.255	1.433	1.651	1.073	0.842	0.622	0.859	1.036	0.425	0.857	
0.849	1.066	1.648	0.604	1.221	1.275	1.233	0.788	0.669	1.302	1.009	1.033	0.622	0.661	1.021	
0.806	0.650	1.014	1.087	1.265	1.020	0.663	1.087	1.225	1.024	1.003	0.907	1.027	1.010	1.212	
0.796	1.104	1.493	0.848	1.278	0.837	0.634	1.427	1.459	1.265	0.996	0.816	0.621	1.022	0.403	
1.210	0.810	0.678	0.841	1.077	1.219	1.055	1.279	0.622	0.662	1.437	0.797	1.047	1.243	1.022	
1.231	0.828	1.246	0.825	0.809	1.022	1.010	1.020	1.241	1.319	1.055	0.430	0.829	1.024	1.109	
0.649	1.019	0.813	1.076	1.002	1.421	1.269	0.635	1.284	0.997	0.863	0.819	1.002	1.242	0.909	
1.024	1.021	0.880	1.069	1.256	1.959	1.025	1.023	1.035	0.426	1.014	0.820	0.614	0.815	1.018	
0.635	1.449	1.025	0.810	1.061	1.252	0.640	1.020	1.006	1.004	1.080	0.874	1.005	1.074	1.065	
0.807	0.834	1.022	1.206	0.876	0.645	1.433	1.341	1.027	0.816	1.035	1.488	1.217	0.843	0.411	
1.028	1.024	1.302	1.263	0.804	0.865	1.036	1.432	1.045	1.220	1.097	1.014	0.634	0.424	0.814	
0.819	0.802	0.644	1.718	1.436	0.862	0.834	0.860	1.014	0.813	1.034	0.853	1.229	1.051	1.032	
1.441	1.192	0.710	0.917	1.066	0.771	1.022	0.690	1.615	0.998	1.456	0.649	0.844	1.002	0.627	
0.831	1.204	0.830	1.007	1.269	0.853	1.216	1.296	0.424	1.051	0.634	1.217	1.046	1.018	1.102	
0.603	1.232	1.082	1.672	1.456	1.061	0.823	0.616	1.252	1.062	1.026	1.051	1.039	0.424	0.601	
1.469	1.253	0.856	1.023	1.250	0.854	0.813	0.620	0.803	1.445	0.823	0.854	0.629	1.260	1.046	
1.014	1.009	0.401	1.267	0.999	1.735	1.308	1.008	1.013	0.803	1.005	1.060	0.702	1.212	0.465	
0.792	0.815	0.468	1.235	0.856	1.005	0.912	1.450	0.990	1.228	0.992	0.901	1.033	1.059	1.262	
1.224	0.791	0.843	1.266	0.992	0.592	1.462	1.232	1.027	0.816	1.441	1.002	0.996	1.075	0.242	
0.697	1.409	0.885	1.265	0.437	1.026	1.220	1.055	0.467	1.053	0.605	1.061	1.602	1.014	1.205	
0.832	0.593	1.045	1.257	0.803	1.238	1.248	1.442	1.017	1.109	0.421	0.817	1.507	1.057	0.616	
0.640	1.243	1.001	0.873	1.228	1.103	1.019	0.988	0.645	1.218	1.084	0.815	1.072	0.848	1.224	
0.823	1.452	1.053	1.057	1.033	1.027	0.851	0.841	0.827	1.254	0.833	1.031	1.042	0.818	1.056	
1.204	1.266	0.211	1.572	1.020	1.515	0.623	0.421	1.103	0.837	0.796	1.431	1.214	1.002	0.786	
0.620	0.848	1.215	1.428	0.675	1.234	1.001	1.018	0.662	1.297	1.047	1.044	0.812	1.294	0.806	
0.620	0.857	1.001	1.020	0.824	1.303	1.470	1.040	1.241	0.669	0.859	0.678	1.202	1.024	1.192	
1.257	0.902	1.015	0.816	1.268	0.846	0.804	0.890	1.015	1.443	1.652	0.639	1.033	0.987	0.434	
0.430	0.618	1.422	1.334	1.259	0.415	0.603	1.105	1.023	1.244	1.238	1.009	1.240	0.792	1.268	
1.033	0.639	1.471	0.610	1.272	1.459	1.009	1.036	1.064	0.803	0.829	0.865	1.027	1.031	0.850	
1.000	0.430	1.047	0.995	0.910	1.698	0.834	1.275	1.064	1.213	1.212	0.849	0.848	1.002	0.623	
1.451	0.625	0.857	0.855	0.846	1.042	1.246	0.620	1.116	0.613	0.816	1.245	1.416	1.262	0.991	
0.417	0.612	0.839	1.465	1.002	0.832	1.074	1.030	1.076	1.019	1.042	1.516	1.221	0.829	1.026	
1.198	1.209	1.417	1.497	1.272	1.187	0.785	1.033	0.624	0.238	1.016	0.988	0.417	1.091	1.028	
1.248	0.647	0.831	1.034	0.872	1.055	1.239	1.241	0.623	0.811	1.096	1.239	0.607	1.224	1.230	
1.027	0.838	1.030	0.853	1.064	0.826	1.049	1.023	1.041	0.846	1.047	1.039	1.043	1.254	1.019	
1.056	1.664	0.859	1.076	0.617	0.652	1.216	1.028	0.796	0.865	1.037	0.849	1.247	0.813	1.225	
0.783	1.195	1.106	1.015	0.998	0.986	0.849	1.384	0.996	1.922	0.644	1.226	0.533	0.850	0.515	
0.882	0.785	0.852	1.314	1.239	0.439	1.475	1.209	1.231	0.849	0.812	0.840	0.825	1.233	1.017	
1.500	0.822	1.253	1.634	1.218	0.601	0.413	1.036	1.381	0.221	1.069	0.793	1.011	1.227	0.821	
0.834	0.997	1.062	1.025	1.209	1.080	0.670	0.662	0.814	0.831	1.229	1.058	1.278	1.211	1.040	
0.804	0.670	1.022	0.859	0.679	0.856	1.025	0.999	1.063	1.470	1.045	1.029	1.438	0.809	1.230	
0.624	0.821	0.214	1.047	1.471	1.673	0.592	0.802	0.836	1.600	1.243	1.008	1.230	0.816	1.024	
0.417	1.020	0.620	1.715	1.673	1.278	1.008	0.421	0.866	0.841	0.796	0.866	1.221	1.025	1.233	
0.826	1.026	1.249	1.029	1.246	1.026	0.810	1.311	1.017	1.294	0.842	0.842	0.417	1.240	0.823	
0.491	0.793	1.015	1.218	1.015	1.469	0.793	1.036	1.448	0.695	0.908	1.470	1.044	0.806	0.799	
1.065	0.404	0.609	1.900	0.848	1.040	1.004	1.017	1.475	1.076	1.037	0.806	0.846	0.637	1.233	
0.627	0.846	1.017	1.924	1.228	0.792	1.024	1.463	0.817	0.990	0.641	0.885	0.624	0.854	1.268	
1.029	1.025	0.407	1.225	1.261	1.467	1.286	0.881	0.603	0.393	1.236	1.022	0.430	1.269	1.467	
0.667	1.209	1.237	0.994	1.212	0.828	1.044	0.633	1.044	1.277	0.659	0.882	0.807	1.695	0.810	
0.624	0.993	0.914	1.064	1.886	1.206	0.785	1.110	1.498	1.079	1.010	1.192	0.780	0.404	0.455	
1.645	0.447	1.285	1.245	1.045	0.997	0.918	1.068	1.000	1.197	1.027	0.642	1.014	0.629	0.841	
1.246	1.265	0.830	1.044	1.027	1.035	0.819	1.032	1.076	0.843	0.850	1.031	1.029	0.840	1.032	
1.002	1.547	0.620	0.829	1.002	1.661	1.026	0.602	1.077	0.441	1.247	0.799	1.229	1.018	0.901	
1.624	1.198	0.479	1.473	1.069	0.421	1.060	1.216	0.731	0.582	1.220	0.986	0.825	0.983	1.134	
0.403	0.793	1.049	0.874	1.264	0.630	1.254	1.235	0.641	1.265	1.294	0.850	1.428	1.429	0.591	
0.606	0.585	1.010	1.508	1.697	1.875	1.085	0.791	0.831	0.848	0.826	1.254	0.791	0.650	0.644	
1.042	0.609	0.622	1.239	1.081	0.829	1.229	1.475	1.231	1.082	1.060	1.224	0.626	0.631	1.019	
1.429	1.027	0.859	1.080	0.685	0.687	1.020	1.233	0.838	1.228	0.599	0.786	1.217	1.071	1.238	
1.146	1.005	0.817	0.439	0.845	1.047	1.077	1.233	1.234	1.255	0.826	0.624	1.219	1.221	1.011	
0.596	0.991	0.960	1.216	1.020	1.763	0.970	0.997	1.417	0.498	0.784	0.990	1.185	0.643	0.969	
0.586	1.400	1.224	1.246	1.207	1.277	0.409	1.008	1.032	1.461	0.241	1.425	1.062	0.783	0.639	
0.590	1.013	0.895	0.620	0.643	1.041	1.662	0.816	1.229	1.036	0.835	1.484	1.258	1.028	0.850	
0.431	1.010	0.810	1.500	1.232	0.832	1.060	1.010	1.223	1.266	0.831	0.825	1.274	0.890	0.806	
0.637	1.053	0.787	1.355	1.000	1.242	0.998	1.036	0.701	0.473	1.474	1.206	0.986	1.195	0.856	
1.229	1.269	0.625	1.061	1.071	1.248	1.246	0.806	0.607	1.074	1.033	0.616	1.263	1.231	0.621	
0.809	1.035	0.852	1.036	1.038	0.850	1.045	0.817	1.268	1.244	0.812	1.264	1.032	0.852	1.046	
0.807	1.245	0.846	1.024	1.489	0.667	0.658	1.265	1.053	1.210	1.244	1.282	1.007	0.803	0.401	
0.633	1.019	0.819	1.034	1.031	1.052	1.245	1.043	1.666	0.630	1.059	1.012	0.816	1.113	0.828	
0.834	1.013	0.808	1.674	1.033	1.272	1.319	0.608	1.265	0.626	1.052	1.052	0.805	1.226	0.413	
1.538	0.421	1.436	1.043	0.414	1.436	0.856	1.405	1.234	1.006	1.298	1.087	0.805	0.427	0.593	
0.456	0.802	0.797	1.773	1.018	1.265	1.275	0.694	0.406	1.254	0.803	1.017	1.008	1.222	1.210	
0.795	0.445	1.226	1.571	0.989	1.638	0.640	0.930	0.593	1.033	1.027	1.000	0.605	1.468	1.041	
0.629	0.843	0.804	1.670	0.605	1.081	1.254	0.810	0.826	1.085	0.835	1.011	1.038	1.271	1.237	
1.231	0.653	0.817	0.883	0.825	1.047	1.029	0.839	1.012	0.884	1.459	0.808	1.037	1.464	1.011	
1.228	0.811	1.126	0.995	0.433	0.644	1.320	1.074	1.425	0.808	1.022	1.010	1.223	0.820	1.059	
1.244	1.658	0.884	0.988	0.760	1.012	1.051	0.983	0.712	0.812	0.980	0.970	1.220	0.537	1.188	
0.868	0.598	1.011	0.859	1.074	0.813	1.880	0.823	0.799	1.224	1.463	1.073	0.834	0.829	0.851	
1.044	0.803	1.274	0.869	1.454	1.060	1.039	0.635	0.614	1.469	1.045	1.016	0.619	0.813	1.246	
0.891	1.040	0.808	1.438	0.864	1.022	0.811	1.050	0.652	1.056	1.433	1.093	0.799	1.034	1.008	
1.311	0.802	0.824	1.053	1.242	0.825	1.042	1.103	1.019	0.811	1.259	0.428	1.236	1.027	1.018	
0.633	1.047	0.812	1.494	1.062	0.817	1.026	1.459	1.037	0.810	0.858	0.813	1.044	1.041	1.048	
1.004	0.411	0.649	1.507	1.468	1.257	1.056	0.638	0.602	1.219	1.217	1.242	1.263	0.404	1.064	
1.045	1.857	0.667	1.024	0.821	1.094	1.419	1.239	0.689	0.806	0.985	0.872	0.873	0.978	0.629	
0.594	1.251	1.038	1.707	1.468	1.033	0.815	1.013	0.825	0.638	0.615	1.067	1.235	0.860	0.839	
1.015	0.615	1.040	1.446	1.052	1.033	1.059	0.822	0.828	0.868	1.294	0.799	1.241	1.249	0.640	
1.042	1.037	0.831	0.614	1.249	1.467	1.464	1.045	1.039	1.066	0.817	0.854	0.632	1.014	0.828	
0.639	1.000	1.209	1.431	1.053	1.053	0.803	1.918	0.884	1.044	0.663	0.647	1.036	0.605	1.015	
1.250	0.815	1.259	1.262	0.605	0.647	0.799	1.225	1.237	0.825	0.654	1.055	1.281	0.809	1.277	
1.007	0.994	0.914	0.454	1.004	1.083	1.425	1.263	1.228	0.622	1.038	1.027	1.034	1.112	0.794	
0.897	1.010	0.996	0.792	0.661	1.241	1.246	0.820	1.237	0.844	1.446	1.061	0.631	1.263	0.854	
0.820	1.445	0.422	0.794	1.219	1.215	1.197	1.221	1.217	0.800	1.052	1.469	1.083	0.810	0.235	
1.027	0.842	1.283	1.251	1.043	1.026	1.261	0.830	0.840	1.037	0.627	1.025	0.826	0.849	1.233	
1.021	0.839	0.607	1.238	1.664	1.647	1.037	0.827	0.623	0.219	1.004	0.582	1.478	1.213	1.000	
0.841	0.831	1.251	1.033	0.611	1.264	0.841	1.244	1.053	0.826	1.034	1.019	0.845	1.265	1.041	
0.839	1.193	1.238	0.613	1.668	1.057	1.471	1.016	1.001	0.645	1.003	1.208	0.647	0.695	0.706	
1.023	0.588	1.065	1.659	0.710	1.247	0.814	1.023	0.480	0.830	1.224	1.116	1.009	1.212	1.000	
0.790	0.441	1.170	1.158	0.703	1.143	0.939	1.158	1.593	0.495	1.004	0.939	1.352	1.066	1.050	
0.862	0.400	1.213	1.256	1.214	1.012	1.490	1.085	0.638	0.837	1.193	1.024	0.857	1.115	0.804	
1.050	0.993	0.832	1.036	1.679	0.859	1.441	0.822	1.039	1.410	0.662	0.884	1.047	0.593	0.653	
1.223	0.598	0.660	1.244	0.669	1.480	1.052	0.806	1.241	1.471	0.597	0.595	1.257	1.087	1.020	
1.503	0.806	0.420	1.065	1.009	0.413	1.099	0.616	1.252	1.276	1.221	0.803	1.020	1.253	1.244	
0.905	0.790	0.837	1.248	1.428	1.053	1.012	1.033	1.345	1.240	0.826	1.227	0.606	0.999	0.449	
1.476	0.838	1.281	1.029	1.071	1.047	0.822	1.249	0.622	1.022	1.021	0.830	1.018	1.074	0.601	
0.857	0.805	1.276	1.033	1.035	0.611	0.827	1.012	1.245	1.247	0.849	1.251	1.041	0.649	1.261	
1.051	0.628	1.457	1.037	0.829	0.836	0.822	0.836	1.050	1.036	1.266	1.245	1.052	0.808	1.047	
1.495	1.210	0.670	0.607	1.000	0.674	1.055	1.234	1.069	1.013	1.051	1.006	1.031	1.010	0.875	
0.848	0.638	0.818	1.221	0.844	1.031	1.013	1.055	0.828	1.050	1.462	1.484	0.606	0.617	1.486	
0.854	0.993	1.097	0.864	1.233	1.006	0.692	1.209	0.804	1.222	1.219	0.685	0.832	0.985	1.301	
0.793	0.834	0.804	1.492	1.431	0.894	0.628	1.270	0.619	0.649	0.847	1.443	1.455	1.004	0.837	
1.250	0.622	1.256	1.706	0.816	0.835	1.052	0.825	1.045	1.027	0.834	0.825	1.043	0.605	1.260	
0.445	0.820	0.792	1.086	1.013	1.046	0.820	1.472	1.028	1.030	1.456	0.814	1.243	1.042	0.892	
0.889	0.594	1.000	0.655	1.453	1.230	1.195	1.092	1.049	1.233	0.855	0.817	1.001	1.270	0.667	
0.631	1.069	0.594	0.854	1.233	0.611	1.669	1.247	0.854	1.052	0.868	1.241	0.603	1.477	0.997	
0.901	1.403	0.870	1.054	1.303	1.002	1.220	0.636	0.985	0.676	0.791	1.001	1.264	0.981	0.915	
1.024	1.037	0.837	1.488	0.829	1.031	0.632	1.047	1.044	0.852	1.040	1.022	1.239	1.069	0.808	
0.993	0.974	0.648	1.432	1.732	0.832	0.637	1.452	1.221	1.141	0.612	0.585	0.622	0.896	1.223	
0.834	1.258	1.037	0.856	1.248	0.859	1.247	0.835	0.822	0.819	0.838	1.467	0.802	1.240	0.838	
1.038	0.833	1.035	1.036	0.803	1.037	1.038	0.827	1.242	1.040	1.077	1.443	0.430	1.026	1.096	
0.637	0.424	1.418	0.889	1.269	1.081	1.021	1.058	1.035	0.639	0.992	1.044	1.016	1.413	1.063	
1.443	0.450	1.226	1.341	1.017	1.261	1.047	0.810	0.794	0.917	0.809	1.025	0.838	1.012	1.009	
1.036	1.013	0.416	1.542	1.228	1.343	1.000	0.836	0.625	1.007	1.012	0.830	1.224	0.824	1.066	
1.431	1.066	0.640	1.061	1.069	1.233	1.098	1.024	0.818	1.038	0.815	0.638	1.002	1.057	1.011	
0.609	0.809	1.222	1.084	0.814	0.422	1.303	1.229	1.312	1.456	1.033	0.412	0.802	1.229	1.264	
1.015	0.656	0.817	1.212	1.246	0.856	1.222	0.859	0.629	1.264	0.854	1.071	1.230	0.845	1.222	
1.002	0.847	1.065	0.834	0.853	1.912	0.825	1.014	1.021	1.255	0.835	0.851	0.614	1.037	1.035	
0.675	1.217	0.968	1.338	1.183	0.911	0.883	0.839	1.230	1.193	0.628	1.105	0.967	0.991	0.872	
1.020	0.430	0.625	1.344	0.610	1.104	1.864	1.026	1.035	1.225	1.215	0.844	0.856	1.006	0.797	
1.046	1.037	1.039	1.022	1.663	0.835	0.822	1.281	0.816	0.851	1.047	1.032	0.849	0.825	0.835	
1.211	1.275	0.640	1.660	0.883	1.064	1.006	0.819	1.018	0.837	0.832	0.789	0.621	1.086	1.258	
0.820	1.668	0.892	0.638	1.464	1.015	0.818	0.809	1.277	1.058	0.833	0.843	0.795	1.046	1.023	
0.815	0.824	0.604	1.067	1.066	1.485	1.277	0.635	1.011	1.265	0.843	1.030	1.232	1.240	0.607	
1.233	1.303	1.015	1.058	0.836	1.254	0.838	0.619	0.838	0.626	0.837	1.056	1.256	1.013	1.218	
1.240	0.821	1.028	0.841	0.998	1.482	0.649	1.238	1.470	0.879	1.010	0.836	1.012	0.632	0.864	
0.637	1.242	0.818	1.720	0.412	0.798	1.242	0.802	1.048	1.024	1.458	0.842	1.062	1.084	0.811	
0.813	0.441	0.999	1.836	1.010	1.157	0.599	1.065	1.202	1.219	0.860	0.639	1.088	1.269	0.802	
1.018	0.652	0.829	1.024	1.054	1.104	0.868	1.252	1.434	1.024	0.830	0.825	1.029	1.051	1.006	
0.995	0.646	1.014	1.452	1.222	1.270	0.836	0.623	0.876	1.236	0.820	1.090	0.808	0.812	1.301	
0.857	1.051	1.019	0.848	0.826	1.454	1.227	0.840	0.845	1.075	1.040	0.808	1.033	0.836	1.242	
1.007	0.408	0.819	1.283	1.262	1.439	1.210	1.535	0.617	1.033	0.820	1.301	0.837	0.412	1.019	
0.622	1.891	1.067	0.813	1.017	1.048	1.030	0.816	0.838	0.830	1.261	0.829	1.036	0.817	1.086	
0.652	1.021	1.428	0.815	0.848	1.289	0.999	0.598	0.442	1.061	1.637	1.028	0.925	1.224	1.031	
1.229	0.660	1.254	0.802	1.022	1.081	1.252	0.652	1.021	1.276	1.011	1.042	0.839	1.226	0.633	
0.806	1.203	0.889	1.237	0.813	0.450	0.993	1.049	0.856	1.019	1.031	1.460	1.462	0.622	1.111	
0.815	0.661	0.795	1.423	1.099	0.857	1.204	1.007	1.017	1.454	1.119	1.283	0.621	0.849	0.798	
0.442	0.991	1.011	0.996	1.209	1.177	0.658	0.850	1.050	1.318	1.044	1.224	0.620	1.201	1.210	
0.825	0.837	0.618	0.823	0.856	1.458	1.445	1.240	1.243	1.041	1.049	1.088	0.786	0.642	1.049	
1.107	1.654	1.249	1.031	1.000	1.217	0.835	0.628	1.090	0.828	1.006	0.859	0.641	0.814	1.041	
0.616	0.829	0.984	1.061	1.157	1.095	1.235	1.405	1.046	0.443	1.191	0.646	0.784	1.316	1.193	
1.056	0.846	1.022	1.243	0.828	1.007	1.229	0.860	1.055	0.652	1.051	1.247	1.020	0.832	1.051	
1.025	1.007	0.438	0.821	1.108	1.269	1.035	0.805	1.114	0.632	0.877	0.992	1.418	1.248	1.210	
1.205	0.820	1.057	1.020	0.846	1.523	1.021	1.022	0.825	1.219	0.620	1.112	1.048	1.239	0.423	
1.228	0.817	0.842	1.063	1.030	1.534	0.409	0.803	1.034	0.852	1.031	0.833	1.237	1.280	1.007	
0.834	0.413	1.017	1.755	1.685	0.797	1.048	1.062	0.821	1.249	0.827	1.055	0.826	1.014	0.596	
0.610	1.049	0.820	1.057	1.024	1.065	0.834	1.671	1.043	0.634	0.835	1.261	0.820	1.474	0.804	
1.086	1.011	1.248	1.225	0.422	0.824	1.073	0.814	0.615	1.451	0.606	1.268	1.293	1.248	0.815	
0.403	1.498	0.806	1.059	1.467	1.009	1.293	1.051	0.806	0.888	1.204	0.430	1.008	1.465	0.613	
0.797	1.234	1.466	0.996	1.009	0.700	1.028	1.198	1.293	1.021	0.991	0.831	0.480	1.132	0.824	
0.598	0.869	1.001	0.841	1.831	1.079	0.820	1.407	1.026	1.003	1.226	0.774	1.241	1.012	0.271	
1.430	0.796	0.623	1.213	1.644	0.797	1.453	1.006	1.206	1.055	0.220	1.013	1.053	0.843	0.647	
1.051	0.813	0.842	0.839	1.247	1.244	1.051	0.624	1.275	1.077	1.011	0.828	1.014	1.252	0.834	
1.465	0.586	1.234	1.052	0.649	0.806	1.054	0.649	0.266	0.806	0.972	1.813	0.835	1.389	1.424	
0.796	0.747	0.777	1.189	1.020	1.197	1.186	0.703	1.014	0.783	1.198	1.244	1.190	1.255	0.701	
1.092	0.602	0.819	1.666	0.799	1.038	0.806	1.492	1.053	1.235	0.626	0.626	0.821	1.066	1.261	
0.605	0.840	1.007	1.255	0.868	1.054	1.251	0.831	1.451	1.059	1.048	0.618	0.615	1.465	1.034	
1.272	0.598	0.794	1.263	1.030	0.624	1.663	1.081	0.830	1.226	1.036	0.803	0.897	1.448	0.436	
1.682	0.831	0.414	1.266	1.320	0.598	0.618	1.022	1.037	0.851	1.240	1.025	1.254	1.234	0.609	
1.011	0.444	0.800	0.887	1.037	0.805	1.027	0.618	2.094	1.064	0.831	0.819	1.086	1.267	1.210	
0.843	0.620	1.465	0.618	1.028	1.015	1.054	1.052	1.066	1.033	1.010	0.862	1.269	1.259	0.807	
0.633	1.023	1.076	1.303	1.234	1.259	0.841	0.639	0.832	1.019	1.020	1.207	0.859	1.007	1.048	
0.634	0.992	1.265	1.015	1.058	0.988	0.654	1.194	0.823	0.879	1.204	1.528	0.864	0.884	1.019	
1.397	0.991	1.015	0.711	0.458	1.026	0.957	1.296	1.611	0.952	0.933	0.981	0.964	0.592	1.114	
0.606	0.850	1.203	1.091	1.105	1.034	0.409	1.016	0.431	1.692	1.429	1.001	1.085	0.997	1.050	
1.043	0.816	1.236	1.060	1.031	1.453	1.014	1.211	1.300	0.808	0.598	1.034	0.709	0.467	1.220	
1.088	0.649	1.206	1.847	0.820	1.032	1.035	1.018	1.207	1.273	0.786	0.596	0.937	1.049	0.456	
1.033	0.645	1.029	1.076	0.851	1.228	1.068	1.036	0.810	1.039	1.051	1.022	1.036	0.832	1.243	
1.226	0.857	1.029	1.048	1.035	0.631	0.808	1.052	1.022	1.306	1.282	1.252	0.413	1.016	1.023	
0.627	0.826	1.009	0.859	1.471	1.255	1.024	1.479	0.822	0.815	0.836	0.605	1.273	1.058	1.043	
1.203	0.657	0.983	1.504	1.639	0.401	1.502	1.018	0.652	1.386	0.853	1.045	1.042	0.693	0.422	
1.432	0.830	0.929	1.136	0.985	1.029	0.796	1.671	1.195	1.012	0.872	0.791	0.829	1.029	0.463	
0.812	0.611	0.810	1.452	1.927	1.261	0.609	1.051	1.089	0.819	0.855	0.625	1.012	1.244	0.824	
0.613	0.825	0.801	1.468	0.868	0.833	1.235	1.277	1.249	1.045	1.044	0.809	0.636	1.248	1.049	
1.488	1.052	1.047	0.819	0.624	1.462	1.017	1.044	1.039	0.834	1.054	1.039	0.625	0.817	1.036	
0.903	0.985	1.022	1.254	1.452	1.669	0.980	0.856	0.659	0.993	1.289	0.817	0.899	0.829	0.393	
0.423	0.648	1.233	1.279	1.065	0.840	1.230	0.842	1.106	1.213	1.232	1.032	1.017	1.016	0.824	
0.428	0.789	0.815	1.457	1.087	1.211	1.242	1.071	1.289	0.612	1.043	0.416	1.310	1.014	1.216	
0.862	1.239	1.244	1.243	0.842	0.824	1.045	1.263	0.835	1.023	0.848	1.030	0.849	0.836	1.018	
0.870	1.189	0.669	1.489	0.815	1.028	1.411	0.626	1.212	0.931	1.185	1.007	0.840	1.077	0.650	
1.038	1.663	0.418	0.817	1.071	1.049	1.246	1.292	1.033	0.823	1.257	1.022	1.057	0.605	0.609	
0.623	0.812	0.617	1.248	1.012	1.324	0.842	1.732	1.036	1.039	1.042	1.000	0.818	1.448	0.408	
1.222	0.840	1.234	1.011	1.268	0.629	1.071	1.015	1.027	1.004	0.873	0.826	1.252	0.421	1.309	
1.189	0.616	1.037	0.812	1.006	1.213	1.291	1.300	1.090	1.274	1.190	1.192	0.465	0.701	0.626	
0.999	1.262	1.227	1.515	0.998	0.805	1.001	1.462	1.316	0.998	0.428	0.885	0.439	0.873	0.793	
1.056	1.023	1.241	1.027	1.299	0.806	0.896	1.266	1.037	1.238	1.018	0.814	0.810	1.029	0.439	
1.028	1.465	0.586	1.213	1.216	1.045	0.780	0.819	1.430	1.011	1.060	0.880	0.268	1.218	0.981	
0.806	0.844	1.237	1.058	1.278	0.925	0.994	0.990	1.005	0.906	1.207	1.046	1.219	0.471	1.014	
1.054	1.019	0.627	1.027	0.842	1.661	1.050	1.041	0.618	1.048	0.825	1.276	1.282	0.824	0.804	
0.618	1.219	0.609	1.053	1.505	1.040	1.011	1.429	1.025	1.461	1.076	0.594	1.324	0.412	0.625	
1.255	1.028	1.238	1.037	0.820	0.842	1.055	0.838	0.850	1.027	0.832	1.058	1.008	1.259	0.853	
1.015	1.246	1.231	1.092	1.013	1.210	1.259	0.418	0.665	1.107	1.016	0.667	1.267	0.791	1.001	
0.853	1.209	0.629	0.639	1.436	1.083	1.032	1.268	1.112	0.783	1.031	1.274	0.639	0.795	1.217	
0.626	1.035	0.649	1.245	0.866	1.464	1.026	1.257	0.605	0.870	1.008	1.241	1.052	0.834	1.224	
0.820	0.654	1.638	1.258	0.864	0.820	1.244	1.446	0.809	1.094	1.221	0.806	1.088	0.417	0.820	
0.637	1.003	1.064	1.235	1.008	1.453	1.041	0.817	1.221	1.095	0.846	0.857	1.232	0.646	0.844	
0.606	0.440	1.245	1.027	1.257	1.282	0.635	1.457	1.005	0.917	1.235	1.014	0.806	1.273	0.803	
0.855	1.454	1.252	0.833	0.798	1.033	1.045	1.467	0.799	1.244	0.879	0.632	1.061	0.806	0.843	
0.643	0.622	1.031	1.052	1.457	1.434	1.054	0.862	1.065	0.822	0.799	0.863	0.803	1.275	1.219	
0.841	0.789	1.022	1.463	1.264	1.020	0.895	0.848	0.592	0.810	1.429	1.444	0.641	1.302	0.640	
0.842	1.228	0.853	1.064	1.232	1.073	0.829	0.639	0.798	1.248	1.287	1.036	0.818	0.812	1.240	
0.838	1.025	1.203	0.997	0.800	1.466	1.020	1.092	1.239	0.611	1.239	1.225	0.243	1.200	0.802	
1.031	0.925	0.807	0.827	1.206	1.014	0.995	1.249	0.702	1.008	1.195	1.027	1.314	0.695	1.004	
0.598	1.240	1.055	1.080	1.028	1.041	1.015	1.703	0.821	0.616	0.835	1.029	0.845	1.481	0.613	
1.464	1.433	0.678	1.440	1.019	1.287	1.043	0.591	1.006	0.794	1.047	0.666	0.825	0.831	0.879	
1.086	0.620	0.601	0.616	1.455	1.042	1.473	0.858	1.275	1.237	1.003	1.017	1.268	0.830	0.621	
1.432	1.458	0.910	0.687	0.849	1.040	0.772	0.810	0.837	0.799	1.439	0.901	0.589	1.266	1.210	
1.030	1.261	0.870	0.797	0.651	1.453	1.273	0.640	0.616	0.634	1.001	1.435	1.263	1.227	0.849	
0.798	0.803	0.665	1.026	0.835	1.264	1.029	0.823	1.452	0.854	1.231	1.050	1.467	0.853	0.851	
0.638	1.184	0.408	1.665	0.818	1.062	1.282	0.410	1.469	1.257	1.207	0.402	1.232	0.862	1.105	
1.085	0.812	1.375	1.205	0.801	0.954	1.162	1.090	1.257	1.390	1.356	0.906	0.425	0.865	0.317	
1.488	0.813	1.063	1.446	0.818	0.848	1.237	1.036	1.274	0.621	0.841	0.837	0.825	0.813	1.040	
0.608	0.822	1.243	1.023	1.510	1.033	1.302	1.025	1.257	0.409	0.608	0.822	1.263	1.245	0.829	
1.247	1.013	1.041	1.220	1.060	1.018	1.210	1.020	0.795	1.053	0.879	0.888	1.029	0.656	0.871	
1.048	1.027	1.234	1.398	1.276	1.027	0.806	0.812	0.810	0.812	1.026	1.232	1.024	1.245	0.223	
1.264	0.822	1.261	0.810	1.337	1.234	0.615	1.249	1.053	0.810	0.662	0.668	0.997	1.003	1.215	
0.956	1.644	1.213	0.773	0.387	0.780	1.195	0.823	0.723	0.940	1.386	0.938	1.231	1.439	0.571	
1.444	0.825	0.629	1.677	0.604	1.006	0.838	1.297	1.493	0.592	1.464	0.403	1.252	0.860	0.615	
0.900	1.221	1.040	1.296	0.821	0.640	0.682	1.452	0.653	1.209	0.796	1.023	1.023	0.799	1.445	
0.453	1.002	1.442	0.924	1.064	1.094	1.424	1.058	0.411	1.209	1.259	0.812	1.217	1.009	0.622	
0.459	0.809	0.598	1.273	1.290	1.242	1.271	1.032	1.231	0.806	1.020	0.685	1.454	0.606	1.224	
0.802	0.847	1.463	1.247	1.457	0.844	1.046	0.840	0.814	1.412	0.650	0.902	0.655	0.995	1.024	
1.438	0.825	1.029	1.009	1.466	1.239	0.815	0.895	1.107	0.807	0.834	1.022	0.450	0.823	1.241	
0.907	0.794	1.216	1.214	1.031	1.218	0.823	1.041	1.228	0.472	1.243	1.258	0.786	0.841	0.928	
1.040	1.647	0.231	1.451	1.051	0.269	1.201	0.974	0.993	0.994	1.205	0.798	1.168	0.574	1.403	
0.601	1.208	0.820	1.413	1.047	1.414	1.660	0.841	0.997	0.223	1.040	0.816	1.228	1.060	0.633	
0.591	1.037	1.058	1.100	1.449	0.817	0.882	1.004	1.037	1.205	1.252	1.232	0.674	0.678	0.984	
1.041	1.038	0.837	0.826	0.832	1.021	1.225	1.262	1.096	1.009	0.630	1.021	0.829	1.277	1.058	
1.087	0.813	1.204	1.016	0.850	0.647	1.265	0.411	1.225	1.455	1.059	0.825	1.311	1.020	0.812	
0.822	0.821	0.605	1.488	0.830	1.708	0.596	0.840	1.246	1.013	0.861	0.619	1.256	1.253	1.040	
1.529	1.051	0.403	0.813	0.618	1.258	0.652	0.646	1.040	1.045	1.244	1.216	1.263	1.006	1.216	
1.230	1.457	0.439	0.643	1.217	1.080	1.434	0.656	0.833	1.250	1.008	0.867	1.268	1.028	0.591	
0.416	0.646	0.809	1.035	0.917	1.263	1.275	1.417	1.451	1.272	0.981	0.809	1.191	0.440	1.077	
0.837	0.922	0.994	1.027	0.978	0.878	0.967	0.649	1.604	1.082	1.047	1.368	0.456	1.008	1.184	
0.832	1.018	0.617	1.248	1.280	0.412	1.038	1.044	1.024	0.836	1.240	1.052	1.296	1.046	1.019	
0.414	0.625	1.241	1.468	0.866	1.288	1.664	1.051	1.074	0.408	1.217	0.998	0.820	1.057	0.809	
1.056	1.216	0.806	0.840	1.206	0.677	1.236	0.852	1.097	0.845	1.232	0.665	0.992	0.825	1.455	
0.695	1.032	0.786	1.495	1.193	1.006	0.649	0.649	0.858	0.891	1.225	1.245	0.987	1.448	0.840	
0.681	0.797	0.407	1.285	0.999	1.011	1.259	1.317	0.869	1.025	0.664	0.795	1.416	1.205	1.270	
1.227	0.852	0.826	1.279	1.034	1.279	1.226	0.807	0.795	1.231	1.086	1.235	0.639	0.640	0.844	
0.634	0.840	1.016	1.028	1.447	0.842	1.520	1.032	1.042	1.232	0.631	0.800	1.059	0.810	1.067	
1.653	0.654	1.076	1.237	0.870	0.837	1.051	1.000	1.061	0.840	1.002	0.638	1.031	1.233	0.817	
0.606	1.007	0.807	0.807	1.562	1.446	1.031	1.430	0.615	0.830	1.498	1.290	1.252	0.412	0.406	
1.214	1.137	0.835	0.837	0.628	1.420	0.908	0.651	0.675	1.414	1.224	1.183	0.825	1.199	0.850	
1.004	1.222	0.720	0.835	0.482	1.288	1.189	0.992	1.219	1.003	0.833	1.369	1.016	0.817	1.010	
1.268	1.287	0.835	0.634	1.294	0.618	1.023	1.223	0.822	0.821	1.017	1.054	0.851	1.011	1.241	
0.628	0.609	0.995	0.931	1.078	0.646	1.214	1.022	1.658	0.630	0.828	1.474	1.272	1.214	0.800	
1.012	0.447	0.833	0.934	1.410	0.867	0.821	1.207	1.199	1.301	0.805	0.817	1.080	1.065	1.202	
1.262	0.640	0.840	0.855	0.818	1.063	1.256	1.008	1.044	1.048	0.824	1.466	1.034	0.823	1.019	
1.304	1.020	1.246	1.035	0.803	0.840	0.840	0.811	0.423	1.447	1.038	1.092	1.035	1.016	1.048	
0.623	1.038	0.818	1.243	1.039	1.230	0.837	0.828	1.069	1.082	0.846	1.228	1.472	0.836	0.813	
0.858	1.205	1.259	0.664	1.197	1.005	0.991	1.222	0.900	1.068	0.649	1.037	1.057	0.606	1.282	
0.618	1.228	0.857	1.061	0.813	1.016	1.039	1.230	0.815	1.283	1.056	1.039	1.243	0.850	0.852	
0.865	1.219	1.053	1.072	1.003	1.042	0.616	1.703	1.015	0.861	0.640	0.419	1.451	0.825	1.216	
0.796	1.214	0.854	1.888	1.249	0.799	0.838	1.255	0.666	0.798	1.008	0.815	1.478	0.687	0.653	
1.276	1.710	0.651	0.881	1.250	0.629	1.040	1.032	0.615	1.006	0.824	0.800	1.009	1.446	0.832	
0.862	1.213	1.075	0.852	1.068	1.026	1.285	1.001	0.801	0.994	0.865	0.839	0.620	1.434	1.064	
1.059	1.087	1.013	1.018	1.250	0.839	1.017	0.839	0.861	0.644	0.845	1.429	1.017	1.269	0.814	
1.039	0.871	1.064	1.054	0.851	0.840	0.817	1.230	0.864	0.803	1.228	1.045	0.806	1.457	1.031	
0.848	0.833	1.215	1.084	1.042	1.670	1.044	0.610	0.624	1.249	0.853	1.279	1.011	0.813	0.825	
0.415	0.979	0.447	2.095	1.015	1.443	0.633	1.197	0.617	1.281	0.902	1.056	0.785	1.338	0.795	
0.809	0.833	0.849	1.247	1.046	1.041	0.819	0.817	0.634	1.236	1.471	0.814	1.051	1.049	1.284	
0.812	1.244	1.271	1.013	0.638	0.802	1.431	0.923	1.004	1.308	0.800	1.249	0.445	0.800	1.261	
1.229	0.632	1.044	0.855	1.061	0.832	1.490	0.827	1.022	1.269	0.831	1.023	0.838	1.024	1.024	
1.462	0.842	1.262	0.835	0.823	1.042	0.844	0.815	1.019	1.036	1.020	1.266	1.272	0.834	0.627	
0.841	0.830	0.826	0.857	1.242	1.460	1.042	1.238	0.826	1.038	1.080	0.851	0.839	0.806	1.225	
1.422	0.903	0.836	0.844	1.457	1.035	0.445	0.805	0.591	1.331	1.250	1.237	1.226	0.627	0.991	
1.025	1.278	1.241	1.006	1.226	1.222	0.413	1.012	1.306	1.094	0.820	0.827	1.023	1.079	0.429	
1.242	0.425	1.698	0.618	1.016	1.710	1.433	1.022	1.007	0.881	0.808	0.848	0.822	0.613	0.857	
0.852	1.433	0.623	0.834	1.254	1.039	1.003	1.072	1.246	0.595	1.258	0.608	0.638	1.267	1.279	
0.641	1.218	0.800	0.828	1.276	1.419	0.830	1.030	0.425	1.286	1.043	1.239	1.118	0.628	1.218	
1.031	0.866	1.023	0.859	1.470	0.842	1.473	0.838	0.602	0.845	1.243	0.817	0.811	1.250	1.031	
0.443	1.219	0.807	0.904	1.443	1.009	1.015	1.309	1.704	0.857	0.825	1.014	1.044	0.597	0.810	
0.609	1.288	0.632	1.459	1.003	0.828	1.064	0.411	1.283	1.012	1.013	1.276	0.861	1.241	1.019	
1.267	0.990	1.055	1.683	0.788	0.638	1.083	1.022	0.608	0.906	1.038	0.813	1.430	1.228	0.449	
0.817	0.622	1.262	0.612	1.017	1.059	1.256	1.498	1.026	1.032	1.253	0.824	1.041	0.856	0.825	
0.411	0.817	1.007	1.025	1.216	1.534	1.067	1.287	1.285	1.214	1.489	1.028	0.409	0.409	0.801	
0.406	0.795	1.100	1.439	1.052	1.059	1.229	1.011	1.714	0.837	1.078	0.431	1.003	1.026	0.820	
0.792	0.444	1.274	1.258	1.231	1.206	1.235	1.076	0.833	1.256	0.827	0.616	0.595	0.892	1.466	
1.037	0.833	0.845	1.063	1.050	1.244	0.842	1.038	1.049	1.047	0.824	1.025	0.826	1.252	1.026	
0.857	1.015	1.029	0.843	0.856	1.715	0.812	0.843	1.435	1.033	0.621	0.818	0.831	1.259	1.033	
1.201	0.866	0.829	1.459	1.198	1.257	0.666	0.849	0.615	1.426	1.021	0.870	0.864	0.848	1.031	
0.840	0.819	1.068	0.850	1.044	1.063	0.834	1.017	0.835	1.458	1.027	0.832	1.024	1.230	1.059	
1.261	1.012	0.825	1.254	1.266	1.050	0.853	0.827	0.614	1.046	1.059	1.044	1.038	0.626	1.224	
0.407	1.014	1.412	1.660	1.459	1.076	0.970	0.863	0.980	0.723	0.910	1.204	1.010	0.815	0.498	
0.997	1.061	0.641	0.632	1.720	1.422	0.663	0.862	1.239	0.808	0.877	1.471	0.788	1.016	0.804	
0.809	1.247	1.306	0.824	0.826	0.837	0.422	1.255	1.043	1.016	1.240	1.251	0.820	1.084	1.020	
1.429	0.654	1.030	1.187	0.910	1.729	0.785	0.744	1.016	0.199	0.504	0.976	1.426	1.444	0.967	
1.044	1.050	0.821	1.240	0.840	0.821	0.807	1.484	1.266	0.822	0.604	1.258	0.831	1.268	0.845	
0.405	0.614	0.833	1.708	1.027	1.028	1.321	1.454	1.044	0.589	1.249	0.625	1.486	0.798	0.819	
0.823	1.018	1.492	1.012	0.630	0.833	1.463	1.252	1.020	0.862	1.046	0.620	1.056	0.811	1.061	
1.002	0.797	1.244	1.444	1.208	0.814	1.218	1.518	0.887	0.638	0.807	1.307	1.071	0.409	0.636	
0.852	1.026	1.047	1.023	1.038	1.465	0.842	1.049	0.812	1.043	1.047	0.606	1.265	0.839	1.046	
0.808	1.010	1.498	1.892	0.650	0.804	0.615	1.037	1.077	1.040	1.235	0.599	1.004	0.655	1.076	
0.606	1.022	0.403	1.061	1.393	1.052	1.274	1.024	0.266	1.169	1.449	1.084	1.190	0.845	1.162	
1.018	1.068	1.474	1.010	0.897	1.008	0.613	1.038	1.303	1.057	0.811	1.230	0.809	0.439	1.224	
1.471	0.609	1.018	1.440	1.023	0.874	1.256	0.818	1.428	0.400	1.034	0.891	0.457	0.793	1.490	
0.414	0.482	1.207	1.419	1.255	1.007	0.779	0.991	1.123	1.429	0.794	1.271	0.715	0.785	1.328	
0.849	0.829	0.835	0.646	1.048	1.455	1.274	0.625	1.242	0.812	1.216	1.258	1.237	0.845	0.830	
1.220	0.636	1.040	1.026	1.245	0.869	1.022	1.070	0.652	0.823	0.819	0.645	1.467	1.250	1.217	
0.984	1.451	0.833	1.270	1.452	1.090	0.785	0.825	1.002	0.999	1.196	0.409	1.645	0.235	0.823	
0.827	0.609	1.484	1.259	1.972	1.028	0.680	0.797	0.814	1.058	1.211	1.013	0.806	0.991	0.450	
1.019	1.227	0.847	2.099	0.608	0.902	0.788	1.257	0.855	0.800	1.026	0.624	0.837	1.239	0.873	
1.063	1.440	0.812	0.810	1.254	1.521	1.035	0.835	1.034	0.812	0.407	1.043	0.811	0.835	1.288	
1.476	0.590	0.801	0.802	1.278	0.726	1.392	0.637	1.183	0.471	1.011	1.212	1.216	0.912	1.293	
1.060	1.242	1.013	1.049	0.801	1.217	1.023	0.873	0.678	1.248	1.203	0.857	1.219	0.628	0.890	
0.624	1.002	1.713	1.023	0.990	1.311	1.032	1.227	0.876	1.093	0.425	0.426	1.213	0.802	1.244	
1.273	0.848	1.216	1.254	0.635	1.071	0.848	1.227	1.464	0.643	0.877	0.789	0.630	1.028	1.198	
0.804	0.828	1.005	1.006	1.063	1.292	1.653	1.049	0.881	1.066	1.247	1.014	0.617	0.830	0.645	
1.677	0.681	1.223	0.831	1.066	1.059	0.821	0.792	0.838	0.854	0.668	0.864	0.990	1.651	0.986	
1.442	0.827	1.108	1.242	1.241	0.837	0.848	1.036	1.017	0.643	1.275	0.614	0.809	0.836	1.226	
1.241	1.041	0.823	1.228	1.221	0.813	1.490	1.064	1.212	0.824	0.431	0.900	1.045	0.625	1.042	
1.028	0.645	1.450	1.078	1.258	0.886	1.465	0.833	1.018	0.819	1.207	0.608	0.814	1.255	0.636	
0.803	1.051	1.029	0.806	1.029	1.326	1.434	0.432	1.136	1.023	1.013	0.633	1.264	1.220	0.803	
0.659	0.807	0.805	1.087	1.988	1.031	1.241	1.022	1.250	1.018	0.795	1.206	1.230	0.201	0.659	
0.871	1.213	1.083	0.822	0.893	1.042	1.431	0.812	0.656	0.792	1.063	1.026	1.240	0.845	1.212	
0.829	0.674	0.801	0.822	1.302	1.029	1.449	1.242	0.803	0.846	1.243	1.228	1.049	1.018	0.665	
1.462	0.785	1.048	1.334	0.654	1.229	1.038	0.621	0.997	0.921	1.221	1.209	0.449	0.832	1.200	
0.439	0.413	1.418	1.443	0.825	1.110	1.291	1.295	1.113	0.801	1.043	0.812	0.994	0.800	1.203	
1.384	0.842	0.850	1.444	1.015	1.010	1.163	0.968	1.204	0.846	0.983	1.059	0.964	0.791	0.476	
0.817	0.616	0.423	1.457	1.464	0.810	1.040	0.805	1.028	1.230	1.310	1.026	1.013	1.342	0.618	
1.004	1.003	0.462	1.008	1.521	1.211	1.001	1.253	0.615	1.484	0.399	0.994	1.084	1.256	0.704	
0.648	0.792	1.472	0.801	1.724	0.821	1.216	0.627	1.019	0.806	1.273	0.869	0.820	0.878	1.234	
0.636	0.806	1.075	1.013	1.018	1.480	1.047	1.042	1.437	0.651	1.016	0.896	0.593	1.018	1.271	
0.448	0.638	1.413	1.420	1.441	0.843	0.835	1.030	1.055	0.835	1.057	0.779	1.070	1.222	0.914	
0.834	1.235	1.044	1.274	0.895	1.230	0.837	0.640	0.794	0.842	1.266	1.440	1.049	0.809	0.813	
1.279	1.029	1.062	0.826	1.028	0.813	0.805	1.038	0.660	0.655	1.440	1.019	1.290	1.022	1.032	
0.804	0.811	0.412	1.684	1.903	0.825	0.799	1.282	0.831	0.818	0.808	1.061	0.831	0.845	1.287	
1.047	1.040	0.846	1.285	1.449	0.849	0.614	1.049	0.827	1.024	1.264	1.037	1.022	0.812	0.833	
0.830	1.239	1.458	0.853	0.626	1.241	0.872	0.646	0.859	1.054	1.230	0.830	1.032	0.785	1.445	
1.030	0.848	1.063	0.618	1.285	0.816	1.237	1.277	0.638	1.069	1.027	1.007	1.022	1.250	0.814	
1.238	0.803	0.881	1.447	1.216	1.434	1.133	0.800	1.024	0.626	0.802	1.058	1.054	0.661	0.823	
0.794	0.806	1.226	1.402	0.992	1.410	1.230	1.039	1.001	1.228	1.318	0.828	0.225	0.424	1.074	
0.774	1.048	0.897	1.450	0.995	0.646	1.191	0.866	1.298	1.227	1.042	0.628	0.885	0.853	1.202	
1.041	1.004	1.064	1.435	0.643	1.248	1.282	1.027	1.236	0.621	1.043	1.034	0.890	0.628	0.803	
1.036	0.818	1.016	1.261	1.230	0.621	1.096	1.670	0.839	1.505	0.601	0.419	1.236	1.062	0.590	
0.851	1.027	0.622	0.623	1.471	1.456	0.814	0.812	1.270	1.053	0.830	1.035	1.032	1.059	1.045	
1.673	1.270	1.035	0.656	1.283	0.806	1.013	0.623	0.650	1.234	1.017	0.797	1.262	0.853	0.826	
0.825	0.622	1.516	1.262	1.235	1.061	0.417	1.014	1.263	0.607	1.007	1.085	0.839	1.451	0.794	
1.228	1.086	0.602	0.816	1.039	1.245	1.459	1.046	0.816	1.048	0.629	0.628	1.030	1.267	1.061	
0.605	1.056	0.612	1.243	0.635	1.024	1.038	1.283	1.247	1.254	1.049	1.036	1.032	0.854	1.032	
1.479	0.787	1.263	1.106	1.427	0.980	1.415	0.812	0.610	0.843	1.225	0.477	1.062	0.812	0.704	
1.709	0.845	1.231	1.085	0.801	1.031	1.424	0.654	0.836	1.004	1.090	1.002	0.792	0.654	0.842	
1.019	1.069	1.258	0.813	1.221	0.660	1.008	0.611	1.225	0.656	0.814	0.801	1.530	1.305	1.012	
1.215	0.621	0.875	1.239	1.023	1.278	1.309	0.636	1.216	1.042	0.863	0.838	0.992	0.631	1.223	
1.029	0.630	0.799	1.161	0.740	1.280	0.859	1.176	1.208	1.017	1.392	0.623	1.194	1.392	0.500	
1.246	0.830	1.027	1.249	0.825	0.834	1.059	1.036	0.846	1.288	1.038	1.037	0.614	0.825	1.247	
0.803	0.635	1.215	1.456	1.080	1.063	1.419	0.406	1.014	1.000	0.669	1.096	1.462	0.645	1.034	
1.028	1.044	0.837	1.048	1.027	0.827	1.050	1.500	0.618	0.826	1.233	1.037	0.810	1.497	0.617	
0.967	0.489	0.581	2.314	0.675	1.192	0.805	1.530	0.587	0.986	0.966	1.020	0.674	1.030	1.183	
1.015	0.663	0.810	0.878	1.036	0.877	1.232	1.026	1.020	1.016	1.032	1.053	1.483	0.812	1.045	
0.934	0.430	1.073	1.461	0.937	1.575	1.347	0.489	0.627	1.376	1.177	0.961	1.152	0.686	0.773	
1.421	1.062	0.610	1.233	1.125	0.805	0.998	0.845	1.037	1.486	1.044	0.420	1.043	0.831	1.039	
1.029	0.837	0.610	1.736	1.031	1.436	0.807	0.432	1.019	0.899	1.035	0.847	1.030	1.037	1.214	
0.905	1.226	1.035	1.052	0.851	1.028	0.839	1.431	0.792	1.486	0.650	0.629	1.039	0.802	1.235	
1.021	0.415	1.078	1.295	1.303	1.228	0.804	0.628	0.804	1.261	1.045	1.041	1.437	0.622	1.018	
1.044	1.222	0.428	1.259	0.865	1.221	1.067	1.077	1.248	0.840	0.612	1.276	1.431	0.424	0.985	
0.603	1.108	0.994	1.196	1.036	1.023	0.608	0.476	0.702	1.016	1.250	1.247	1.280	1.198	1.264	
1.031	0.843	1.436	0.809	1.022	1.100	1.046	1.059	0.426	1.034	0.626	1.004	0.798	1.465	1.301	
0.623	1.196	1.494	0.671	0.898	0.466	1.459	0.770	1.416	0.442	1.223	1.400	0.915	1.211	0.814	
0.650	1.224	0.859	0.836	1.443	1.094	0.795	0.827	1.067	1.037	1.027	1.442	1.022	0.856	0.822	
1.161	1.377	0.871	0.800	0.596	1.192	0.992	0.741	0.477	1.291	1.607	1.077	0.434	1.387	0.997	
0.838	0.646	1.243	1.455	0.813	0.820	0.829	1.206	0.663	0.858	1.057	0.599	1.264	1.462	1.248	
1.226	0.848	0.616	1.064	1.485	0.855	0.819	1.038	0.821	1.234	1.050	0.808	1.046	1.242	0.849	
0.817	1.017	1.044	0.851	1.033	1.239	1.069	0.827	1.055	1.247	0.632	0.608	1.064	1.240	1.257	
1.049	0.802	1.456	0.857	1.240	0.839	1.058	0.821	0.852	1.236	0.813	0.845	1.066	1.226	0.838	
0.816	0.801	1.036	1.433	1.650	1.129	0.443	1.013	0.833	1.025	1.010	0.828	0.831	1.111	1.041	
0.405	1.096	1.205	0.619	0.802	1.265	0.668	0.878	0.868	1.422	1.196	1.267	1.241	0.799	1.268	
1.253	1.099	0.791	0.615	0.820	1.218	1.197	0.987	1.233	1.004	1.298	0.476	1.418	0.736	0.857	
0.805	1.016	0.810	1.444	1.640	1.101	1.035	0.872	1.511	0.819	0.429	0.783	0.432	1.223	1.080	
0.625	1.102	1.187	1.179	0.485	1.026	0.730	0.813	1.021	1.104	1.276	1.075	1.200	1.407	0.771	
0.812	1.248	1.021	1.045	1.015	1.035	1.036	1.242	1.016	0.899	0.824	1.336	1.211	0.812	0.446	
0.668	0.997	0.874	1.235	1.917	1.020	0.676	1.016	1.271	1.014	1.029	1.014	0.600	0.869	0.800	
0.609	1.460	0.830	1.687	1.033	0.797	0.871	0.641	1.003	0.811	0.797	1.742	1.090	0.600	1.027	
0.829	0.643	1.214	0.857	1.706	1.278	0.820	1.066	0.400	1.016	1.046	1.013	1.035	1.003	1.073	
1.341	0.988	0.603	0.860	0.825	0.643	1.026	0.880	1.217	1.220	1.018	1.215	1.280	1.262	0.619	
1.083	1.236	0.829	0.872	1.032	1.046	1.444	0.854	0.793	0.808	1.040	1.232	0.823	0.856	1.052	
0.871	1.457	1.039	1.237	0.611	0.629	0.838	1.263	0.827	1.260	0.836	1.040	1.025	1.262	0.804	
0.848	1.019	1.043	0.833	0.841	0.843	1.032	1.477	1.015	1.268	1.030	0.866	1.024	1.024	0.839	
0.826	0.632	1.219	1.243	1.234	1.062	1.434	0.868	1.299	1.023	0.621	1.044	0.430	1.206	0.859	
0.801	1.056	0.830	1.519	0.421	1.228	1.101	0.622	1.215	1.231	1.051	1.009	0.607	1.254	1.056	
1.188	0.328	0.772	1.217	0.787	0.715	1.371	1.454	0.947	0.992	1.181	0.787	1.487	0.980	0.793	
1.050	1.019	0.600	1.253	1.471	0.613	1.275	0.821	1.246	1.249	1.081	0.824	0.817	1.053	0.629	
1.234	1.224	1.017	1.019	1.043	1.042	0.619	1.079	1.968	1.008	1.014	0.868	0.423	1.033	0.411	
1.087	0.819	1.015	1.023	1.049	1.221	1.000	0.801	1.874	1.002	1.056	0.675	0.824	0.684	0.870	
1.260	0.835	0.827	0.808	1.229	0.609	1.433	1.114	1.282	1.254	1.038	1.050	1.040	0.796	0.425	
0.794	1.046	1.248	1.063	1.243	1.232	1.205	0.243	0.802	1.014	1.215	1.029	0.843	0.799	1.223	
0.613	1.238	1.030	1.086	0.814	1.473	0.859	0.596	1.475	1.259	0.626	1.040	1.036	1.031	0.822	
1.032	1.035	0.818	1.491	0.622	0.856	1.019	0.612	1.255	1.241	1.258	0.832	0.834	1.075	1.020	
0.974	0.856	0.642	1.639	1.244	0.922	0.973	0.643	1.000	0.627	1.292	0.875	0.973	1.101	1.239	
1.256	0.612	1.032	1.037	1.261	0.840	0.614	1.505	0.620	1.284	1.046	1.046	1.018	0.816	1.015	
0.839	0.840	1.271	0.857	0.823	1.043	1.458	1.294	0.825	1.017	1.250	0.614	1.029	0.828	1.011	
0.622	1.002	1.459	1.458	1.031	1.697	0.619	0.876	1.032	0.656	0.823	1.019	0.867	1.234	0.605	
0.836	1.020	0.816	1.044	1.040	1.030	0.808	1.073	0.631	1.060	1.247	1.254	0.836	1.050	1.256	
1.227	0.821	0.637	1.010	1.060	0.832	0.810	0.849	0.639	1.043	1.447	1.278	1.066	1.060	1.221	
0.624	1.010	0.854	1.039	1.053	1.433	1.250	0.998	0.670	1.287	1.059	0.650	1.266	0.802	1.005	
0.631	1.223	1.228	1.122	0.628	0.851	1.011	0.997	1.049	0.646	0.799	1.515	1.212	1.279	0.808	
0.822	1.240	0.847	0.832	1.253	0.804	1.010	0.858	0.860	1.454	0.859	0.844	1.259	0.835	1.222	
1.033	1.468	1.319	1.217	1.015	1.056	0.798	0.643	0.825	0.625	0.863	1.020	0.841	1.049	1.228	
1.492	1.449	0.841	0.821	0.634	1.024	1.000	0.834	1.052	1.215	0.873	1.050	0.634	1.243	0.838	
1.066	0.830	1.052	0.615	0.604	1.273	1.033	1.668	0.827	0.858	0.835	1.032	0.798	1.253	1.256	
0.642	1.222	0.827	0.808	1.099	1.439	1.470	0.614	1.253	0.827	1.000	1.051	0.869	0.859	1.021	
1.659	0.635	1.025	1.000	1.023	1.193	1.157	1.012	1.031	0.980	0.994	0.614	0.463	1.298	0.914	
1.026	0.600	1.062	0.821	1.247	0.804	1.454	1.071	1.258	0.426	1.077	1.023	0.614	1.478	1.038	
0.638	1.213	1.034	1.420	0.826	1.257	0.908	1.241	1.056	0.651	1.012	0.795	0.818	1.024	1.106	
1.184	0.530	0.786	1.250	0.541	1.531	1.183	0.614	0.832	1.202	1.116	0.998	0.999	0.999	1.234	
1.008	0.630	1.031	1.295	0.801	1.484	0.874	0.610	1.236	1.219	0.853	1.239	1.254	0.646	0.819	
0.611	1.059	0.802	1.296	1.442	0.614	1.221	1.001	0.617	1.070	1.257	1.264	0.619	1.302	0.824	
0.824	0.800	1.075	1.299	0.805	0.630	1.308	1.021	0.823	0.819	0.417	1.444	1.268	1.227	1.239	
0.990	0.691	1.235	1.476	0.678	1.487	0.989	0.829	1.020	0.651	1.404	1.029	0.798	0.849	0.873	
0.619	0.612	0.607	1.283	1.258	1.266	1.051	1.254	1.258	1.028	0.823	0.830	1.043	1.048	1.020	
0.830	1.253	1.041	1.052	0.852	1.257	0.854	0.615	0.831	1.253	1.052	1.262	1.026	0.601	1.220	
1.450	1.492	0.854	1.025	1.041	1.020	0.803	0.828	1.036	0.837	1.052	1.029	0.841	0.630	1.062	
0.825	1.024	0.846	0.846	0.838	1.462	0.605	1.056	1.040	1.241	1.050	1.015	1.067	1.059	1.028	
1.062	0.213	1.025	0.609	1.592	1.453	1.041	1.020	1.026	1.003	1.030	1.243	0.807	1.265	0.613	
0.475	1.261	1.199	0.627	1.042	0.808	0.713	1.079	1.436	0.625	0.987	1.457	1.059	1.222	1.010	
1.260	0.821	1.036	0.666	1.204	0.993	1.277	0.855	1.234	1.075	1.025	0.418	1.006	1.481	0.650	
1.465	0.831	0.843	0.816	0.802	1.056	0.865	0.615	1.262	1.071	1.463	0.830	1.236	1.025	0.820	
1.667	0.431	0.830	1.019	1.018	1.030	0.892	0.829	1.502	1.020	1.030	1.042	0.803	1.055	0.831	
0.825	1.232	1.067	1.416	0.226	1.203	1.057	0.627	0.787	1.030	1.028	0.810	1.421	0.833	1.440	
0.448	0.827	1.019	1.420	1.221	1.097	1.463	0.891	0.810	1.074	0.598	1.196	1.255	0.841	0.838	
0.630	0.653	1.877	0.812	1.668	0.816	0.842	0.863	0.824	0.850	1.454	0.844	1.445	0.595	0.826	
1.250	0.788	0.610	1.258	1.478	1.206	1.494	0.683	0.619	1.225	0.847	0.451	1.040	1.049	1.003	
0.854	1.023	1.218	0.886	1.648	1.660	0.974	1.202	0.872	0.820	0.780	0.974	0.802	1.049	0.237	
1.251	1.074	1.223	0.888	1.245	1.206	0.434	0.809	0.633	0.847	1.528	1.004	1.032	1.222	0.604	
0.592	1.892	0.854	1.475	1.239	0.638	0.815	0.834	0.613	1.473	1.317	0.837	0.993	0.618	0.808	
0.999	0.876	0.838	1.446	0.992	0.904	0.665	1.051	0.820	1.012	0.858	1.022	1.288	1.225	1.003	
0.637	1.203	0.820	1.478	0.599	1.235	1.043	1.240	1.066	0.818	1.022	1.106	0.637	0.852	1.243	
0.829	1.054	0.409	1.016	0.835	1.247	0.823	1.276	1.474	1.042	0.820	0.612	1.251	1.033	1.280	
0.804	1.066	0.905	0.796	0.688	0.871	0.655	0.854	1.030	1.007	1.196	1.232	1.283	1.420	1.194	
1.265	1.474	1.310	1.025	0.813	0.803	1.035	0.414	1.296	0.815	0.836	0.622	1.257	1.234	0.803	
1.447	1.017	1.002	0.591	0.857	1.666	1.256	0.790	0.857	1.020	0.676	1.225	0.648	1.497	0.450	
0.797	0.656	1.661	0.831	1.693	0.655	1.022	1.012	1.200	0.975	0.799	1.023	1.189	1.041	0.443	
1.451	0.846	0.417	1.040	1.069	1.049	0.812	1.014	0.818	1.464	1.020	0.856	1.040	0.826	1.277	
0.849	1.214	1.058	1.023	1.263	0.845	0.834	1.013	1.239	0.832	0.853	1.064	1.034	0.869	1.009	
1.406	1.232	0.823	0.982	1.213	1.092	0.929	1.020	0.654	0.679	0.998	1.002	1.473	0.455	1.043	
1.011	1.246	1.250	0.607	1.094	1.203	1.029	0.787	1.423	1.473	0.658	0.661	0.833	1.096	0.630	
0.800	0.820	0.858	1.060	1.460	1.074	1.040	1.069	1.018	0.634	1.021	0.620	1.249	1.028	1.250	
0.818	0.822	0.623	1.037	1.251	0.854	0.784	1.362	1.194	0.442	1.646	0.876	1.220	1.249	0.822	
0.860	0.863	1.206	1.067	1.470	1.014	0.828	1.210	1.030	0.664	0.614	1.046	1.021	1.010	1.096	
1.494	0.803	1.052	0.628	1.252	0.624	0.841	1.029	0.838	1.256	0.817	1.290	0.811	1.240	1.026	
0.648	1.017	0.819	1.643	1.636	1.293	1.060	0.829	0.994	0.646	1.302	0.599	1.007	0.908	0.597	
1.059	1.027	1.035	0.628	1.047	0.800	1.052	1.053	1.025	1.068	0.839	1.231	0.854	1.447	0.836	
0.698	1.032	1.219	0.794	1.101	1.223	1.236	0.698	0.863	1.018	0.861	1.207	0.802	1.203	1.046	
0.412	1.229	1.015	1.320	1.514	0.818	1.450	0.612	0.823	0.806	1.062	1.261	1.039	0.832	0.808	
1.004	1.225	0.221	1.268	1.480	0.402	1.381	1.272	1.258	1.213	0.800	1.025	0.403	0.813	1.236	
1.248	1.252	1.260	0.841	0.840	0.840	1.007	0.856	1.021	1.276	1.256	0.627	1.019	0.836	0.821	
0.839	1.247	0.622	1.250	1.216	1.038	0.830	0.831	1.066	1.241	0.866	1.249	0.811	0.637	1.258	
0.835	0.815	1.051	0.849	1.020	0.813	1.473	1.004	1.419	0.800	1.438	0.995	0.226	1.026	1.235	
1.196	0.615	0.604	1.761	1.052	1.025	0.690	1.260	1.194	0.798	1.212	0.455	1.239	0.401	1.497	
1.471	0.404	1.231	0.996	1.256	0.873	1.243	1.523	1.240	0.988	1.067	0.636	0.440	0.996	0.636	
1.084	0.811	1.456	0.825	1.088	0.605	1.045	1.263	1.055	1.459	0.631	0.793	1.224	0.842	0.819	
0.869	1.242	0.818	0.854	0.637	0.809	1.285	1.669	1.212	0.836	0.831	1.044	0.823	1.248	0.824	
0.833	0.838	0.812	1.470	0.654	1.047	0.896	1.251	0.625	1.418	0.605	1.054	1.242	1.240	1.013	
0.659	0.821	1.024	1.466	1.004	0.793	0.864	0.807	1.242	1.286	1.024	0.887	0.834	0.856	1.432	
1.020	0.578	1.485	1.215	0.631	0.812	1.417	1.077	1.122	0.994	0.416	1.207	1.322	0.432	1.273	
0.847	0.872	1.488	1.455	0.821	0.619	1.054	1.023	0.634	1.248	0.849	1.022	1.006	0.846	1.217	
1.311	0.844	1.209	0.823	1.655	1.086	1.225	0.617	0.777	0.803	0.425	1.479	1.290	0.405	1.052	
0.607	0.619	1.022	1.439	1.019	1.101	1.257	0.864	1.000	1.008	1.055	0.848	1.247	1.273	0.640	
1.013	0.791	0.431	1.028	1.513	1.228	1.024	1.087	1.216	0.996	1.084	1.213	1.063	0.429	0.884	
0.603	1.265	0.850	0.804	1.024	1.017	1.253	0.877	1.240	1.292	0.633	1.242	1.245	0.805	0.849	
0.649	1.026	0.613	0.844	1.067	1.685	1.468	0.596	1.234	1.034	1.261	1.047	1.035	0.840	0.602	
0.857	1.024	0.618	1.251	1.050	0.826	0.846	1.084	0.846	1.041	1.039	1.470	0.808	1.236	1.005	
1.045	0.834	1.260	1.285	0.826	0.817	1.016	1.050	1.006	0.844	1.459	0.616	0.844	1.255	0.842	
0.616	0.596	1.290	0.624	0.813	1.266	1.252	1.071	1.464	0.832	1.234	1.256	1.260	0.620	0.807	
1.264	0.633	0.619	1.256	0.813	1.454	1.043	0.831	1.242	0.855	1.067	1.021	0.837	1.233	0.832	
1.129	1.231	1.231	1.334	0.776	1.236	1.185	0.630	0.887	1.184	1.251	0.443	0.422	1.067	0.995	
0.629	0.994	0.626	1.266	1.426	0.864	1.023	1.103	1.060	0.635	1.239	1.223	1.032	0.813	1.066	
0.824	0.832	0.803	1.461	1.298	1.243	1.448	1.038	0.803	0.423	0.605	0.829	1.047	1.095	1.251	
1.229	1.063	1.250	0.835	1.050	1.253	0.612	0.848	0.797	0.849	0.846	1.026	1.256	0.842	1.244	
1.224	1.027	0.819	1.246	1.086	1.053	1.046	0.822	0.418	1.020	1.250	1.030	1.527	0.823	0.610	
0.807	0.619	1.232	0.845	1.272	1.266	0.790	1.239	1.083	0.617	1.866	1.051	0.604	1.075	0.634	
1.014	0.879	1.241	0.639	1.252	1.060	1.237	0.820	1.034	1.003	0.840	1.031	1.264	0.854	0.830	
1.453	0.650	0.602	1.237	1.439	1.016	1.510	0.837	0.821	1.028	0.996	0.841	0.628	0.904	1.037	
1.333	1.213	1.249	0.814	0.652	1.006	0.656	1.261	1.301	0.825	1.000	0.421	1.244	1.223	0.801	
1.270	1.050	0.821	0.805	1.043	1.043	1.693	0.845	0.817	1.039	0.804	0.625	0.833	1.060	1.253	
0.600	0.711	1.195	1.398	1.079	1.034	0.775	1.266	0.626	1.295	0.668	0.671	1.201	1.185	1.296	
1.025	0.822	0.413	1.246	1.737	0.818	1.035	1.033	1.022	1.267	1.026	1.075	0.620	0.841	1.019	
1.217	0.810	0.830	1.068	0.838	0.857	1.258	1.261	1.042	1.034	1.046	0.806	1.491	0.607	0.835	
1.003	0.701	1.234	0.792	0.783	0.831	1.211	1.411	1.242	1.271	1.119	0.842	0.897	0.988	0.677	
0.850	0.612	0.784	1.261	1.012	1.869	0.806	0.877	0.784	1.498	1.219	1.096	0.857	0.643	0.833	
1.253	0.633	0.824	1.448	1.247	0.423	0.858	1.643	0.779	1.011	0.972	1.465	0.244	1.187	1.013	
1.415	0.826	0.842	1.260	0.799	1.049	0.790	1.050	1.231	1.242	0.243	1.008	1.419	0.820	1.004	
0.859	1.219	1.019	1.438	0.808	1.612	0.834	0.806	1.050	1.431	0.857	0.992	1.024	0.836	0.216	
0.857	0.837	1.504	0.841	0.590	1.437	1.043	1.025	1.202	0.907	0.852	0.434	1.236	0.803	1.431	
1.022	0.447	1.445	1.135	1.431	0.822	0.809	1.126	1.021	1.017	1.013	0.815	1.275	0.790	0.832	
0.616	0.831	1.062	1.244	0.805	1.234	1.290	0.836	0.797	1.260	0.827	1.056	1.069	1.239	0.835	
0.864	0.811	1.461	1.090	0.831	1.019	0.829	1.000	0.846	1.228	1.246	1.217	0.832	1.094	0.631	
0.819	0.403	1.669	1.248	1.223	0.601	2.166	0.823	1.018	0.802	1.309	0.648	0.822	0.648	0.802	
0.829	1.255	1.477	1.696	0.813	0.812	1.043	1.042	0.817	0.847	1.054	0.624	0.614	1.054	1.024	
1.719	1.061	0.819	0.807	0.626	0.612	0.614	1.269	1.033	1.022	0.844	1.236	0.819	1.448	1.070	
0.987	0.653	0.626	1.112	1.313	1.066	0.993	1.030	1.222	0.867	1.204	1.256	1.004	1.038	0.628	
1.032	1.012	0.665	1.230	0.881	1.499	1.005	1.065	1.078	0.863	0.619	1.433	0.612	0.796	1.209	
1.213	0.621	0.741	1.000	1.125	0.592	0.979	0.887	0.466	1.468	1.236	1.187	1.237	1.237	1.011	
1.907	0.845	0.451	1.098	0.900	0.981	0.901	0.984	0.426	1.213	0.848	0.996	1.422	0.995	1.034	
0.597	1.060	0.653	1.278	1.228	1.467	1.232	1.438	1.036	0.639	0.832	0.861	1.017	0.792	0.871	
1.213	0.822	1.252	0.897	1.676	0.449	0.409	1.369	1.200	1.239	0.778	0.801	0.595	1.458	0.841	
0.423	0.989	1.012	1.886	1.109	1.252	1.010	0.821	0.645	1.276	1.018	1.459	0.636	0.839	0.623	
0.843	1.472	1.045	1.043	0.854	0.809	0.848	0.815	1.225	0.846	0.868	1.036	1.233	1.252	0.810	
1.007	0.815	0.872	1.225	1.060	1.245	1.025	1.495	1.019	0.842	0.631	0.616	1.021	1.289	0.839	
0.424	1.028	1.033	0.838	0.837	0.837	1.217	1.258	1.277	1.118	1.466	0.606	1.048	1.216	0.797	
0.607	1.462	0.638	1.058	1.680	1.035	0.619	1.283	0.817	1.036	0.857	0.584	1.465	0.806	1.052	
1.030	0.850	1.038	0.677	1.058	0.658	0.797	1.048	1.217	0.833	1.262	1.066	0.810	1.648	1.008	
1.218	1.448	1.256	0.865	1.268	1.014	1.028	1.013	1.002	0.671	0.617	1.040	0.662	0.833	1.065	
1.078	1.237	0.840	0.799	1.017	1.214	0.640	1.099	0.876	1.059	1.206	0.848	0.665	1.216	1.206	
0.876	0.821	1.055	1.463	1.001	0.623	1.666	0.862	0.861	0.642	1.199	1.045	1.103	1.003	0.779	
0.413	1.656	0.820	1.238	0.868	0.797	1.235	0.808	0.437	1.032	1.287	1.296	1.073	1.018	1.021	
0.594	0.916	0.823	1.048	0.800	1.200	1.249	1.034	1.673	0.493	0.800	1.210	1.252	1.212	0.696	
1.212	0.621	1.009	1.713	0.838	1.204	0.856	0.864	0.932	1.044	0.436	0.991	1.051	1.214	1.015	
1.046	0.429	1.017	1.483	0.841	0.840	0.845	1.217	1.217	1.104	1.008	1.064	1.217	0.821	0.851	
1.054	1.036	0.830	0.627	1.039	1.237	1.056	1.036	0.844	1.032	1.054	0.831	1.248	1.041	1.037	
1.028	0.411	0.816	1.020	1.044	0.828	0.838	1.510	1.307	1.242	1.028	1.046	1.032	1.035	0.816	
0.856	0.994	1.203	1.260	1.072	0.410	0.848	1.290	0.610	0.650	0.855	1.224	0.999	1.305	1.424	
1.055	1.302	0.829	0.829	0.610	1.240	0.635	1.042	0.843	1.056	0.825	1.016	1.451	1.250	1.019	
1.386	0.615	0.656	1.546	0.861	0.452	1.178	0.964	1.405	1.288	0.794	0.996	0.964	0.875	1.020	
1.029	0.836	0.810	1.508	1.446	1.221	0.900	1.066	1.234	1.038	0.808	1.033	0.816	0.433	0.822	
0.840	0.877	1.453	1.223	1.053	1.027	0.822	0.666	0.815	0.799	1.458	1.005	1.103	0.659	1.201	
1.047	0.601	0.822	0.836	1.263	0.857	1.027	1.233	0.820	1.447	0.631	1.242	1.250	1.312	0.612	
0.901	0.773	0.870	1.308	1.612	0.758	0.991	1.462	1.004	0.804	0.837	0.806	1.204	1.188	0.483	
1.455	0.819	1.261	0.859	0.650	0.788	0.855	1.263	1.233	0.628	1.457	0.799	1.068	0.997	0.869	
0.816	0.449	1.023	1.045	1.010	1.232	1.101	1.252	1.038	1.218	0.821	1.034	1.251	0.814	0.896	
0.822	1.033	0.803	1.214	0.650	1.242	1.542	1.220	0.891	0.640	1.452	1.022	1.245	0.437	0.788	
0.616	0.807	0.604	1.003	1.020	1.326	1.696	0.649	0.792	1.256	1.658	0.637	1.498	0.596	0.843	
1.704	0.619	0.616	1.239	1.050	1.032	1.228	1.221	0.810	1.062	1.055	1.031	0.645	0.644	1.043	
1.042	0.803	0.802	1.599	0.826	1.222	0.823	1.655	0.810	1.026	1.701	0.822	1.259	0.397	0.214	
0.941	0.942	1.143	1.115	0.830	0.886	0.526	1.675	1.131	1.352	1.025	0.800	0.526	0.967	1.141	
0.820	0.657	1.464	1.078	1.234	0.845	1.036	0.804	1.647	1.276	1.039	1.008	0.866	0.616	0.610	
0.642	1.450	1.067	0.602	1.286	0.987	1.015	0.944	1.409	0.991	1.023	1.096	0.799	0.460	1.226	
0.875	0.848	1.231	1.261	0.985	0.872	0.861	1.242	0.863	1.014	0.866	0.809	1.222	0.849	1.200	
1.235	1.110	0.799	1.235	0.791	1.037	0.811	0.856	1.499	0.831	1.044	1.222	0.832	1.280	0.420	
0.398	1.041	0.792	1.267	1.459	1.476	0.432	1.251	0.884	1.472	0.405	1.302	0.810	0.812	1.200	
1.053	0.649	0.803	1.240	0.995	1.259	1.070	1.686	1.245	1.204	0.647	0.604	0.850	0.875	0.821	
0.681	1.207	1.030	0.972	1.207	0.672	0.770	1.311	1.420	1.336	1.205	1.146	0.771	0.436	0.837	
0.730	0.812	1.632	1.253	0.985	0.806	1.258	1.017	1.150	1.018	0.493	1.027	0.607	0.999	1.212	
1.292	0.985	0.393	1.173	0.809	1.225	1.098	1.233	0.895	1.193	1.221	0.990	0.315	0.787	1.391	
0.841	1.440	1.032	1.217	1.101	1.042	1.038	1.313	0.793	1.018	0.845	0.852	0.428	1.023	1.015	
1.447	1.290	1.050	1.206	1.254	1.007	0.866	1.049	0.820	0.656	0.787	0.872	1.007	0.838	0.849	
1.047	1.022	0.664	1.075	1.212	1.491	0.685	0.655	1.005	1.002	1.696	0.810	0.824	0.995	0.816	
1.041	1.059	0.838	1.020	1.013	1.256	1.678	1.258	1.040	0.834	0.612	0.832	0.838	0.831	0.850	
0.981	0.434	1.047	1.398	1.018	1.007	1.088	1.445	0.987	1.057	1.108	1.197	0.987	0.223	1.023	
0.981	0.628	1.199	1.465	0.908	0.995	1.451	0.232	1.033	0.631	1.049	1.229	0.641	1.176	1.381	
1.227	0.827	0.802	0.861	0.833	1.023	1.234	1.262	0.649	0.855	1.450	1.025	1.032	0.862	1.059	
0.405	0.829	1.221	1.256	1.594	1.440	0.827	0.213	1.275	0.817	1.253	1.017	0.808	1.033	1.011	
1.044	1.268	0.828	1.901	0.818	1.055	0.851	1.248	0.826	0.600	1.036	0.623	1.028	1.060	0.814	
0.798	0.843	1.012	1.430	1.311	1.025	0.630	1.034	1.439	1.073	1.089	1.054	0.809	1.030	0.424	
1.039	0.632	1.221	1.038	0.811	1.245	0.831	0.654	1.895	0.846	1.027	0.610	0.826	1.247	1.078	
0.871	1.204	1.015	1.285	1.001	1.012	1.084	0.825	1.231	1.008	1.201	0.858	1.028	0.692	0.683	
1.012	1.701	0.601	1.009	1.266	0.605	1.255	1.078	0.877	0.441	1.031	1.226	1.015	1.282	0.603	
0.850	0.825	1.461	1.454	1.043	0.839	0.838	1.036	1.069	0.850	1.230	0.828	1.010	0.604	1.063	
1.278	1.249	1.025	1.249	1.232	1.273	0.823	0.843	0.629	0.804	0.850	0.631	1.022	1.071	1.022	
0.420	0.833	1.017	1.293	1.022	1.268	1.250	0.820	0.832	1.075	1.243	1.450	0.811	0.604	1.062	
0.816	0.821	1.021	0.813	1.288	1.263	1.687	0.616	0.806	0.410	1.523	0.843	1.267	1.228	0.599	
0.841	1.249	1.033	0.852	1.023	1.487	1.275	0.804	0.841	0.836	1.031	0.821	0.827	1.252	0.828	
1.050	0.421	0.651	1.491	0.651	0.829	1.117	0.827	1.234	1.209	0.633	1.405	1.225	1.219	1.038	
1.433	0.837	0.877	1.206	1.213	1.192	1.083	0.669	0.701	0.798	0.993	1.021	1.000	1.268	0.708	
0.472	1.011	0.797	1.430	0.725	1.312	1.660	0.603	1.232	0.829	1.208	1.050	0.848	1.227	0.597	
0.634	0.819	0.594	1.119	1.290	1.445	0.999	1.021	0.419	1.052	1.433	0.613	1.484	1.231	0.850	
0.589	1.076	0.998	1.232	1.294	1.407	1.490	0.446	0.897	0.603	1.420	1.262	0.832	1.041	0.413	
0.619	1.246	1.449	1.077	0.817	1.026	0.639	1.036	1.243	1.032	1.054	0.858	0.842	0.831	1.231	
1.020	0.794	0.632	1.119	1.652	0.837	1.224	1.232	1.048	0.642	0.819	1.011	1.076	1.078	0.816	
0.819	0.792	0.638	1.667	1.011	1.068	1.029	0.818	1.461	1.044	1.299	0.862	0.836	1.034	0.623	
0.633	0.994	1.232	0.851	1.486	0.832	1.231	0.622	1.249	1.246	0.641	1.230	1.264	0.856	0.635	
1.235	0.422	0.837	1.464	1.554	1.226	1.055	1.086	0.813	0.801	0.635	0.611	1.011	1.207	1.042	
0.810	1.078	0.595	0.998	0.835	1.031	1.092	1.458	1.482	1.706	1.015	0.394	0.652	0.856	0.998	
0.634	1.220	0.801	1.436	1.487	0.862	0.839	1.456	0.847	0.626	1.099	1.214	1.031	0.814	0.634	
1.033	0.628	1.042	0.608	1.465	1.057	1.266	1.243	0.814	0.826	0.861	1.026	1.060	0.822	1.250	
0.606	1.248	1.013	1.710	0.611	1.287	0.841	1.081	0.834	0.834	1.038	1.037	0.820	1.232	0.809	
1.028	0.870	1.248	1.461	0.646	1.022	1.016	1.256	1.040	0.814	0.826	1.014	0.818	0.833	1.109	
1.694	1.221	0.224	1.677	1.027	0.806	1.224	0.594	1.408	0.611	1.241	1.040	0.598	0.816	0.819	
1.428	0.813	0.841	0.999	1.224	1.259	1.119	1.021	0.853	1.421	0.421	1.073	0.651	1.027	0.850	
1.031	1.037	1.030	1.025	1.036	1.088	1.300	1.247	1.448	0.830	0.422	0.620	1.240	0.818	0.828	
1.027	1.207	0.671	0.817	1.212	1.037	0.684	1.071	1.481	0.799	1.024	0.857	1.034	0.856	1.223	
0.823	1.030	1.028	1.027	1.248	0.886	1.256	1.245	0.628	1.007	1.243	0.604	0.865	0.857	1.253	
0.629	1.448	0.802	1.519	0.850	1.254	0.848	0.876	1.245	0.829	0.809	1.241	1.017	1.008	0.622	
0.871	1.289	1.222	0.796	0.827	0.809	1.249	1.069	1.037	0.679	0.668	1.215	1.032	1.010	1.228	
0.845	0.403	1.244	0.790	1.272	1.283	0.878	0.829	0.642	1.031	1.480	1.433	0.802	1.058	1.009	
1.622	0.819	0.644	0.816	1.013	1.148	0.432	1.486	1.213	0.810	1.682	0.593	0.392	1.029	1.302	
1.006	0.616	0.829	1.095	1.685	0.819	1.013	0.829	1.055	1.005	1.018	1.075	0.631	1.049	1.276	
0.822	1.042	0.613	1.704	1.069	0.611	1.011	1.688	1.059	1.040	0.804	1.289	0.402	1.018	0.827	
1.026	0.991	0.818	0.839	0.605	1.204	1.476	1.127	1.921	0.878	0.806	0.612	1.034	0.450	1.213	
0.420	0.616	0.798	1.541	1.646	0.808	1.253	1.030	1.067	0.836	0.821	1.100	1.007	1.045	1.012	
1.218	1.209	0.708	1.299	0.633	1.498	1.196	1.011	0.460	0.779	0.836	0.855	1.068	1.203	1.027	
0.601	1.045	1.676	1.235	0.820	0.847	1.015	0.833	0.666	1.026	0.994	1.075	1.248	0.651	1.267	
1.061	0.601	0.435	1.231	0.801	1.045	1.448	0.653	1.039	1.237	1.487	1.007	0.922	0.996	1.038	
0.823	0.860	1.456	0.855	1.498	0.840	1.649	1.239	1.024	0.583	0.844	0.807	0.620	1.257	0.645	
1.059	0.400	1.264	0.671	0.655	1.481	0.837	1.884	0.603	1.256	1.013	1.033	1.235	1.020	0.589	
1.051	0.840	1.018	1.223	1.221	1.812	1.238	0.208	0.629	1.260	0.802	1.025	0.828	0.826	1.019	
0.824	1.012	0.613	1.063	1.028	1.038	1.283	1.248	1.489	0.810	0.610	0.857	0.625	1.254	1.245	
1.081	0.395	1.452	0.686	0.448	0.997	1.447	0.430	1.092	1.210	1.459	0.994	1.257	1.055	0.997	
0.656	1.034	1.023	1.438	0.644	1.195	1.485	0.814	0.870	0.900	0.848	1.059	0.834	1.214	0.987	
0.615	0.844	1.003	1.043	1.026	0.848	0.809	1.467	1.250	1.242	0.850	0.836	0.834	1.072	1.260	
0.631	1.410	0.851	1.070	0.680	1.038	0.693	0.804	1.002	0.844	1.007	1.082	1.450	1.418	1.020	
0.843	1.443	0.616	1.459	1.046	1.011	1.066	0.608	0.619	1.069	1.224	1.302	1.222	0.834	0.636	
0.816	0.673	1.674	1.026	0.685	1.003	0.833	1.258	1.458	1.048	0.848	1.020	0.655	0.803	1.200	
1.234	1.646	1.224	0.843	0.844	1.005	1.244	1.017	1.005	1.019	0.800	1.032	0.219	0.820	1.049	
0.642	0.443	0.995	1.343	1.195	1.216	1.427	1.241	0.698	0.889	0.831	0.664	1.041	1.195	1.178	
1.112	1.195	0.993	1.246	0.638	0.654	1.387	1.016	0.642	0.222	1.703	1.187	0.966	1.193	0.846	
0.828	0.804	1.032	0.875	1.659	0.826	1.019	0.825	1.228	0.658	0.848	1.068	1.043	1.047	1.239	
1.216	0.849	1.040	1.493	1.231	1.275	0.621	0.824	1.088	1.024	0.820	0.820	1.479	0.414	0.805	
0.806	0.822	0.826	1.020	1.613	1.466	0.614	0.997	1.064	1.062	0.215	1.000	1.022	1.033	1.441	
0.816	0.604	1.276	1.044	1.482	0.829	0.811	1.061	1.724	0.612	1.034	1.024	0.835	1.030	0.817	
1.263	0.627	1.272	1.235	1.044	0.855	0.630	1.659	0.601	0.603	1.029	1.021	1.046	1.053	1.063	
1.013	0.645	1.046	1.260	0.824	1.050	0.809	0.808	0.849	1.239	1.453	1.026	1.051	1.093	0.833	
0.829	1.249	1.028	0.820	0.803	1.475	0.809	1.244	1.053	1.068	0.633	1.037	1.050	0.827	1.075	
0.826	0.886	1.680	0.648	1.044	1.027	0.873	0.817	0.596	0.861	1.647	1.007	1.462	0.805	0.821	
0.819	0.984	0.871	0.868	0.671	0.887	1.241	1.435	1.204	0.793	1.039	0.804	0.843	1.091	1.450	
1.025	1.282	0.809	1.018	1.045	1.028	1.300	1.278	1.250	0.830	0.412	1.230	1.060	0.614	0.820	
1.014	0.843	1.021	1.045	0.780	0.935	0.472	1.410	1.424	1.079	1.007	0.806	0.900	1.010	1.253	
0.823	1.692	1.467	1.287	1.033	1.037	0.617	0.616	0.829	0.628	1.234	1.039	1.037	0.829	0.832	
1.261	0.846	1.245	0.611	1.038	1.030	1.032	0.810	0.819	0.842	0.851	1.050	1.274	1.048	1.244	
0.821	0.801	1.039	1.235	1.484	1.040	1.670	1.254	0.860	1.042	0.661	0.665	0.799	0.819	0.811	
1.033	1.045	0.649	1.660	0.805	1.091	0.830	1.031	0.849	0.834	1.023	1.040	1.013	1.072	1.026	
0.992	1.043	0.892	1.063	1.254	0.449	0.870	1.096	0.626	1.207	0.808	0.997	1.658	1.246	0.797	
1.058	1.274	1.219	1.253	0.634	0.874	0.854	1.000	0.815	1.004	0.617	1.521	1.026	1.421	0.430	
1.249	0.638	1.035	0.830	1.223	0.813	1.030	0.617	0.853	1.086	0.806	1.232	1.514	1.253	0.821	
0.611	0.846	0.799	1.459	0.808	1.280	1.071	1.249	1.033	1.056	0.813	0.857	1.473	0.830	0.814	
0.824	1.236	1.034	1.035	1.100	1.227	0.435	1.030	0.803	1.104	0.820	1.449	0.846	1.038	1.020	
0.637	1.231	0.420	1.438	0.806	0.856	1.288	1.225	1.703	0.847	0.811	0.825	0.795	1.073	1.045	
0.843	1.007	1.017	1.063	1.103	1.667	1.022	0.613	0.649	1.009	1.064	0.814	1.010	1.272	0.846	
0.427	1.651	0.997	1.001	1.458	0.871	1.262	0.257	1.017	1.007	0.801	0.783	0.989	1.263	1.217	
1.092	1.224	0.990	1.230	0.866	0.616	0.688	1.017	1.025	1.405	0.681	0.997	1.031	1.074	1.062	
0.468	1.226	1.226	1.024	1.204	1.066	0.816	0.702	1.253	0.790	1.008	0.614	1.481	0.804	1.316	
1.084	1.083	0.804	1.284	0.623	1.219	0.475	1.411	0.813	0.805	0.710	1.254	1.022	1.210	1.203	
0.830	0.817	1.060	1.064	1.251	0.826	1.240	1.040	0.623	0.833	1.025	1.263	0.823	1.045	1.260	
0.825	0.617	1.252	1.322	1.250	1.014	1.230	1.045	1.045	0.436	0.872	1.227	1.423	0.820	0.622	
0.817	1.087	1.226	0.816	0.633	0.816	1.241	1.268	1.283	1.020	1.242	1.092	0.636	1.013	0.810	
0.844	1.264	1.026	1.009	1.036	1.031	0.907	0.806	1.233	1.091	1.025	1.010	1.257	0.450	1.011	
1.007	1.031	0.841	1.013	1.223	1.040	0.900	1.012	1.562	1.009	0.629	1.222	1.263	0.805	0.442	
1.246	0.618	1.065	1.259	0.622	1.009	0.829	1.035	1.238	1.057	1.476	1.284	0.819	0.615	0.828	
1.034	1.014	0.621	1.262	1.031	0.846	0.838	1.034	0.851	0.619	1.016	1.450	1.269	1.063	1.053	
0.660	1.007	0.828	0.870	1.050	1.432	0.818	1.004	1.187	1.226	1.199	1.014	1.439	1.039	0.229	
1.073	0.847	1.236	1.448	0.651	0.842	0.824	1.069	0.811	1.032	1.235	1.240	1.011	0.802	0.881	
0.831	0.629	1.010	1.285	1.229	1.038	0.851	0.820	1.284	1.255	1.029	0.620	1.041	1.066	1.010	
0.774	1.009	0.583	1.515	1.207	0.985	1.056	1.421	1.072	1.088	0.596	1.418	0.802	1.206	0.268	
0.604	1.063	0.815	1.662	1.033	1.270	0.817	0.853	1.256	1.015	1.065	1.023	0.877	1.009	0.638	
0.840	0.641	1.248	0.659	1.468	0.649	1.471	0.641	1.033	1.032	1.002	1.244	1.039	1.012	1.021	
1.259	0.447	2.138	0.592	0.994	0.592	0.795	0.614	1.255	1.022	0.879	1.267	1.006	1.030	1.110	
0.640	0.622	1.238	1.017	1.480	1.236	0.847	1.072	0.806	0.856	1.686	1.042	0.813	0.814	0.832	
0.729	0.988	0.805	0.462	1.706	1.027	1.620	0.999	0.821	1.216	1.031	0.629	0.845	1.111	1.011	
0.852	1.017	1.037	1.217	0.622	0.860	1.044	1.421	1.204	1.330	0.794	0.860	0.421	1.008	1.312	
0.781	1.282	0.795	1.221	1.031	0.871	0.852	1.431	1.227	1.191	1.204	1.009	1.048	0.240	0.819	
0.431	0.838	0.820	1.208	1.290	1.217	1.219	0.858	0.829	0.997	1.132	1.307	1.225	1.200	0.430	
0.782	1.342	0.778	1.440	0.794	0.453	0.881	1.860	1.253	0.829	1.022	0.582	1.253	0.805	0.925	
1.219	0.604	1.459	1.105	0.600	1.317	1.003	0.872	1.683	1.202	0.438	1.298	0.425	0.580	1.195	
1.228	1.014	0.866	0.641	1.036	0.859	1.015	1.029	0.639	1.057	1.438	1.212	1.234	1.119	0.615	
1.239	1.448	1.116	0.872	0.969	1.174	0.672	0.658	0.906	1.027	1.001	0.702	0.822	1.209	1.186	
1.007	1.012	0.839	1.000	1.254	1.032	0.615	1.248	0.896	1.253	0.641	0.633	1.447	1.065	1.058	
0.618	1.002	1.097	1.713	1.661	0.620	0.819	1.253	1.047	1.237	1.002	1.016	0.445	0.875	0.595	
0.583	1.080	1.066	1.402	0.788	0.973	0.977	1.180	1.196	0.495	1.236	0.962	1.227	1.230	0.605	
1.033	0.635	0.604	1.257	1.070	1.901	1.263	0.849	0.803	0.807	1.048	1.046	1.029	0.403	1.252	
0.452	1.203	0.832	0.926	1.040	1.334	1.240	0.855	1.202	1.036	1.015	1.216	1.042	0.806	0.802	
0.593	0.861	0.622	1.278	0.682	1.024	1.657	0.811	0.689	1.204	1.058	1.203	0.988	1.444	0.886	
1.262	1.055	1.000	0.945	0.658	0.993	0.806	1.031	0.470	1.215	1.016	0.881	1.038	1.426	1.204	
0.807	1.443	1.020	0.816	0.956	0.817	1.003	1.293	1.724	1.218	0.451	0.789	1.008	0.443	1.212	
0.428	1.226	0.416	1.279	1.304	1.037	0.805	1.006	1.105	1.066	1.234	1.031	1.231	0.818	1.014	
0.996	0.658	0.629	1.224	0.649	1.216	1.056	1.290	1.065	1.247	0.811	1.246	1.060	0.804	1.048	
0.815	0.825	1.045	1.465	0.844	1.025	1.263	1.054	1.029	1.050	1.037	0.819	0.840	0.825	1.062	
1.000	0.833	1.001	1.457	0.889	1.077	0.657	0.635	1.405	1.198	0.903	1.046	0.988	0.851	1.062	
1.026	0.985	1.063	1.069	0.618	1.699	1.413	0.991	0.400	0.226	1.012	1.231	0.796	1.196	1.276	
0.985	1.049	0.803	1.636	1.065	1.205	1.095	1.384	0.431	0.848	0.614	1.033	1.421	0.995	0.437	
1.237	0.810	1.026	1.037	0.878	0.792	1.158	1.422	1.665	0.441	1.012	0.784	0.646	1.013	1.079	
1.211	0.807	1.326	1.237	1.020	1.087	1.300	0.791	1.203	1.247	0.420	1.042	0.619	1.270	0.420	
0.839	1.003	1.054	1.050	1.429	0.797	0.990	1.314	1.236	0.902	0.797	0.632	1.233	0.443	1.282	
0.818	1.011	0.637	1.048	1.247	0.815	0.809	1.469	1.065	1.240	0.869	1.034	0.840	1.268	0.829	
1.213	0.624	0.858	1.409	0.625	1.225	0.803	1.063	0.225	1.660	1.038	0.983	1.223	0.998	1.053	
1.077	0.646	1.245	1.056	0.633	0.849	1.870	1.039	0.824	0.810	0.799	1.035	0.857	1.227	1.031	
0.604	0.843	1.012	1.276	1.065	1.475	1.064	0.626	1.029	0.812	0.809	1.462	1.063	1.022	0.838	
1.058	1.032	0.612	1.886	1.245	0.831	0.861	0.837	1.257	0.854	0.634	1.009	1.060	1.015	0.806	
1.209	0.820	0.669	1.318	1.077	1.039	0.820	0.603	1.668	0.667	1.202	0.992	0.599	1.267	1.052	
1.456	1.031	0.422	1.110	1.044	1.437	0.806	1.002	1.276	1.019	1.059	0.870	0.632	1.019	0.815	
1.023	0.829	0.826	1.042	1.044	1.266	1.471	0.823	1.049	0.608	1.267	0.821	0.838	0.820	1.271	
0.644	0.805	1.430	1.319	0.851	1.445	1.083	0.624	0.595	0.998	1.313	0.634	1.033	1.019	1.206	
1.026	1.240	0.845	1.231	1.034	0.844	1.270	0.850	0.822	0.834	1.274	0.857	0.629	1.212	1.030	
1.084	1.242	1.218	1.019	1.004	1.035	0.883	0.653	0.824	0.818	1.060	0.620	1.019	1.453	1.067	
1.658	0.444	1.023	1.100	1.409	1.203	1.006	1.219	1.020	0.867	1.030	0.771	1.031	0.978	0.239	
1.011	1.260	0.867	0.680	1.216	0.993	1.215	0.992	0.890	1.008	1.254	0.851	1.263	0.634	0.867	
0.837	1.221	0.637	1.043	1.715	1.286	0.824	0.402	0.810	1.066	1.228	0.837	1.033	1.033	1.028	
0.839	1.853	0.630	0.817	1.676	1.022	0.808	1.065	0.606	1.240	1.439	0.228	0.983	0.578	1.216	
1.417	0.807	1.067	0.624	1.196	0.803	1.438	1.169	1.058	1.016	0.748	0.763	1.203	0.501	1.189	
1.232	0.645	0.609	1.286	1.473	1.238	0.792	0.989	1.024	1.250	0.243	0.806	0.789	1.217	1.408	
0.812	1.051	1.275	1.021	1.690	0.615	0.825	1.063	1.018	1.055	1.060	0.608	1.027	0.613	1.267	
0.624	1.206	1.040	0.625	1.262	1.205	0.991	0.988	1.274	1.006	1.308	0.421	1.340	1.298	0.411	
1.225	0.223	0.610	1.009	1.306	1.221	1.426	0.625	0.814	1.429	0.863	0.599	1.208	1.038	1.402	
0.657	0.815	0.839	1.049	1.026	1.467	1.250	1.022	0.842	1.226	1.040	0.883	1.018	0.845	1.021	
0.695	1.236	0.999	1.004	0.669	1.611	1.201	0.833	0.673	1.464	1.194	0.215	1.031	0.991	1.183	
1.087	0.607	1.035	1.263	0.800	1.418	0.983	1.061	1.203	0.840	0.996	1.191	1.043	1.204	0.268	
1.476	0.828	1.464	1.053	1.011	0.622	1.038	1.011	1.069	1.003	0.651	1.076	0.651	1.248	0.797	
1.025	0.840	1.196	0.817	0.996	1.080	1.223	1.312	0.926	0.615	0.446	1.059	1.448	1.019	0.998	
1.055	1.086	1.228	0.645	1.043	1.003	1.450	1.017	0.617	0.858	1.226	1.043	0.820	1.078	0.831	
1.481	0.611	0.602	1.246	1.236	1.050	1.073	1.518	0.416	1.236	1.007	0.409	1.015	1.063	1.038	
0.425	1.232	1.445	1.034	1.654	0.822	0.801	0.816	1.088	0.858	0.826	1.008	1.316	0.813	0.860	
1.227	0.821	1.439	0.812	1.032	1.207	1.645	0.828	1.279	0.987	0.220	1.059	0.635	0.998	0.813	
1.243	0.410	1.038	1.062	1.483	1.491	0.834	0.845	1.015	0.635	0.408	1.060	1.243	1.439	0.794	
0.674	1.299	0.801	0.815	0.662	1.017	1.211	0.868	1.434	1.037	0.849	1.268	0.822	1.218	1.026	
0.755	0.737	0.797	1.182	1.166	1.119	1.175	1.257	1.376	0.575	1.250	0.985	1.146	1.142	0.338	
1.447	0.815	0.647	1.077	1.447	1.022	1.044	1.034	1.004	1.076	0.599	0.885	1.060	0.845	0.997	
0.478	1.023	1.020	1.092	1.650	0.795	1.292	0.792	0.784	0.802	1.224	1.025	0.716	1.077	1.229	
0.824	0.806	0.681	0.864	0.871	1.021	1.629	1.131	0.833	1.004	1.013	0.915	1.009	1.194	1.205	
1.261	0.426	1.244	1.316	0.827	1.006	1.425	1.101	0.800	1.285	1.217	0.819	0.619	1.039	0.615	
0.827	0.984	0.260	1.703	1.021	1.191	1.238	1.052	0.652	0.794	1.192	1.243	1.234	0.973	0.636	
0.646	1.040	1.887	1.049	1.251	1.297	0.612	0.593	0.646	1.225	0.826	0.619	1.246	1.029	1.034	
0.449	1.676	1.038	0.885	1.006	0.617	0.586	0.866	1.113	1.249	1.053	1.441	0.810	1.198	1.014	
1.474	1.250	1.063	1.010	0.826	0.809	1.038	1.239	0.810	1.006	0.846	0.641	0.856	1.271	0.862	
0.775	0.867	0.824	1.090	1.242	0.854	1.025	1.404	1.436	1.512	1.198	0.417	0.823	0.862	0.672	
1.063	0.838	0.625	1.031	1.216	1.323	0.629	1.249	0.629	1.436	1.441	1.056	1.052	0.802	0.611	
0.647	0.628	1.039	0.890	1.259	1.248	0.627	1.429	0.795	0.828	1.051	1.013	1.229	1.073	1.245	
0.991	0.618	0.408	1.494	1.327	1.242	0.859	0.819	0.831	0.861	1.005	1.720	0.622	1.010	1.193	
1.052	1.267	1.026	0.612	1.286	1.233	0.633	0.867	1.026	1.280	0.833	0.812	1.015	1.022	1.035	
1.409	0.596	1.331	1.093	1.202	0.651	0.851	1.633	1.621	0.435	0.796	0.431	1.019	0.963	0.968	
0.812	0.847	1.033	0.846	1.284	0.606	0.821	0.821	1.282	1.242	0.606	1.495	1.226	1.040	1.041	
0.831	1.249	1.024	1.003	0.705	1.209	0.616	0.854	0.468	1.429	1.068	1.320	1.010	0.985	1.228	
1.257	1.233	0.626	1.046	1.029	1.265	1.045	1.018	1.081	0.616	1.062	1.046	0.619	1.242	0.815	
0.603	1.229	0.620	1.486	0.894	1.024	1.120	1.259	1.033	1.003	1.027	1.030	1.014	0.451	1.208	
0.844	1.252	1.247	0.805	0.828	1.019	1.643	1.229	1.429	0.823	0.819	0.831	1.220	0.227	0.784	
1.054	1.269	1.024	1.469	0.825	0.826	1.071	1.009	0.626	1.242	0.822	0.824	1.227	0.879	0.834	
0.659	1.019	1.028	1.253	0.989	1.408	0.649	0.657	1.242	1.003	0.796	1.498	0.652	1.054	1.091	
0.826	1.229	1.037	1.036	1.033	1.051	1.060	1.033	1.017	1.259	1.042	0.841	0.838	0.854	0.845	
0.626	1.034	0.610	0.854	2.345	0.890	1.238	0.835	1.032	0.815	0.825	0.811	1.015	1.018	1.051	
1.263	1.046	0.796	1.290	0.659	1.215	0.835	1.208	1.212	1.066	0.993	0.878	0.805	0.682	1.052	
0.621	1.013	1.215	1.244	1.444	1.102	0.610	0.805	0.433	1.349	1.221	1.007	1.038	0.830	1.068	
1.222	0.866	0.992	0.673	1.071	1.741	1.019	1.008	0.400	1.256	1.021	0.834	0.681	0.805	1.412	
1.002	0.625	1.466	1.280	1.525	0.430	0.873	1.208	1.233	0.845	0.797	0.615	0.826	1.020	1.256	
