1.033	1.618	1.056	1.295	0.862	1.130	1.349	1.096	0.777	0.891	0.760	0.937	0.734	0.812	0.649	
0.528	1.400	0.942	1.203	1.509	1.117	1.635	0.898	0.990	0.949	0.747	1.053	0.744	0.627	0.658	
1.047	1.320	0.840	2.936	0.944	0.967	0.907	1.003	0.558	0.767	0.731	0.644	0.937	0.736	0.664	
0.792	1.571	1.168	1.582	0.690	1.284	0.963	1.115	0.704	0.764	1.121	0.700	1.208	0.656	0.682	
0.835	1.635	0.943	1.268	1.115	0.881	1.577	1.111	0.858	0.987	0.912	0.818	0.790	0.581	0.687	
0.855	0.909	1.370	1.754	1.044	1.200	1.254	0.989	0.722	0.803	0.927	0.776	0.938	0.790	0.669	
1.014	1.760	0.898	1.144	0.955	1.933	0.917	0.992	0.879	0.652	1.248	0.769	0.637	0.612	0.590	
0.980	0.985	0.845	1.990	0.857	0.646	1.122	1.240	1.212	0.874	1.144	0.934	0.790	0.703	0.678	
1.006	1.063	0.855	1.769	1.165	1.505	0.811	0.990	1.113	0.511	1.086	1.052	0.615	0.798	0.661	
0.970	1.426	1.642	0.924	1.471	1.116	1.148	0.607	0.752	1.047	0.850	0.821	0.951	0.649	0.626	
0.743	1.429	1.288	1.464	1.146	1.202	1.733	0.782	0.730	0.952	0.751	0.617	0.911	0.640	0.611	
1.266	1.386	0.545	2.450	1.340	1.006	0.796	0.885	1.092	0.975	0.488	0.759	0.775	0.552	0.685	
1.543	0.804	0.840	2.340	0.683	1.321	0.788	0.784	0.703	1.767	0.579	0.673	0.769	0.773	0.635	
1.608	1.217	1.074	1.701	1.416	1.332	0.679	0.708	0.914	0.714	0.767	0.757	0.855	0.651	0.606	
0.901	0.710	1.028	1.416	1.221	1.302	1.467	0.969	1.164	0.664	1.099	0.749	0.811	0.842	0.658	
0.704	1.570	0.746	1.170	1.920	0.936	0.649	1.583	1.135	0.683	0.785	0.881	0.987	0.594	0.656	
1.119	0.615	2.298	1.012	0.954	1.129	1.233	0.911	0.862	0.730	0.740	1.008	0.841	0.879	0.670	
0.542	0.909	1.204	1.534	1.636	0.960	1.451	0.703	0.952	0.905	0.958	0.785	0.850	0.898	0.712	
0.905	1.275	1.212	1.511	1.042	0.987	1.486	1.115	1.188	0.909	0.748	0.762	0.628	0.624	0.608	
1.496	1.217	1.127	1.493	1.292	1.159	0.907	0.787	0.689	0.933	0.791	0.983	0.826	0.639	0.660	
0.798	1.068	0.729	1.809	1.387	1.235	1.136	0.916	0.934	0.867	1.088	0.780	0.729	0.918	0.608	
0.430	1.086	1.742	1.144	1.224	1.166	0.902	1.914	0.918	0.713	1.012	0.792	0.516	0.806	0.636	
0.909	0.947	0.832	2.192	1.172	1.015	0.919	1.089	0.899	0.757	1.073	0.965	0.784	0.769	0.678	
1.239	1.358	1.260	1.562	1.421	0.944	1.490	0.748	0.782	0.729	0.786	0.784	0.636	0.633	0.627	
1.661	1.108	0.772	1.152	0.917	1.444	1.012	1.100	1.001	0.965	0.930	0.587	0.896	0.811	0.645	
1.087	1.113	0.814	1.811	1.614	1.328	1.057	1.039	0.964	0.825	0.795	0.701	0.591	0.621	0.640	
1.921	1.639	0.946	0.869	1.049	1.223	1.540	0.781	0.784	0.928	0.613	0.770	0.563	0.754	0.620	
0.836	1.126	1.458	1.266	0.825	0.896	1.352	0.955	0.935	0.848	0.889	1.501	0.859	0.655	0.599	
1.099	0.905	0.658	2.000	0.847	1.297	1.188	1.179	1.030	0.916	0.808	0.677	0.994	0.781	0.622	
1.201	0.727	1.338	1.064	1.789	1.082	0.953	1.564	0.946	0.906	0.738	0.860	0.636	0.596	0.600	
0.709	1.418	0.903	1.739	1.157	1.266	1.384	0.983	0.858	0.804	1.017	0.613	0.867	0.590	0.692	
1.392	1.076	0.830	1.672	1.083	1.150	1.069	1.138	0.999	1.035	0.781	0.605	0.879	0.605	0.686	
0.846	0.891	1.391	1.731	0.868	0.955	1.284	1.171	0.868	1.012	0.935	0.837	0.757	0.805	0.650	
1.142	1.201	1.183	1.587	1.285	1.095	1.256	0.728	0.714	0.916	0.893	0.997	0.751	0.642	0.609	
2.010	0.857	1.627	1.359	1.095	0.990	0.750	1.162	0.850	0.913	0.782	0.738	0.621	0.618	0.629	
0.865	0.685	1.641	0.999	1.493	1.040	1.098	1.138	1.192	0.973	0.951	0.925	0.761	0.633	0.606	
1.637	0.540	1.483	1.399	0.942	0.875	1.451	0.902	1.455	0.761	0.865	0.842	0.644	0.642	0.563	
1.395	0.980	1.147	1.825	0.855	1.208	1.081	0.797	1.072	0.600	0.988	0.898	0.633	0.858	0.662	
0.632	1.347	0.600	1.293	1.103	1.583	1.232	1.261	0.775	1.361	0.837	0.878	0.623	0.860	0.614	
1.775	1.376	0.977	1.413	0.661	0.736	1.046	0.930	1.096	0.832	0.781	0.938	0.899	0.891	0.650	
1.561	0.616	1.661	1.282	1.269	1.274	0.837	0.900	1.201	0.720	0.741	0.741	0.951	0.624	0.623	
1.480	0.897	0.498	1.930	0.851	1.524	0.645	1.112	0.964	1.254	0.857	0.881	0.685	0.784	0.637	
1.144	1.765	0.926	1.466	1.351	1.143	1.368	0.894	0.740	0.825	0.778	0.750	0.605	0.614	0.629	
1.315	1.464	1.282	1.117	1.413	1.258	0.875	1.246	0.752	0.772	0.621	0.730	0.708	0.817	0.632	
1.135	1.473	0.732	1.862	1.139	1.132	0.938	0.756	0.842	1.211	0.635	0.928	0.906	0.651	0.661	
0.690	0.365	2.068	1.759	1.455	0.907	0.894	0.926	1.007	0.690	0.775	1.246	0.647	0.929	0.640	
1.154	1.341	1.658	0.935	0.962	1.164	1.157	0.861	0.924	1.181	0.875	0.867	0.638	0.641	0.643	
0.867	2.329	0.465	0.966	1.178	1.528	0.834	0.905	0.808	0.652	1.210	1.046	0.844	0.761	0.607	
1.670	1.205	0.966	1.040	0.955	1.073	1.421	0.815	0.978	1.179	0.744	0.755	0.937	0.597	0.664	
0.841	1.560	0.746	1.695	1.071	1.095	0.979	0.850	1.450	0.717	0.807	0.723	1.029	0.799	0.638	
0.683	1.539	0.743	1.475	1.477	0.744	1.211	1.134	0.568	1.340	0.949	0.867	0.979	0.639	0.653	
1.606	2.044	0.729	0.999	1.109	1.226	0.992	0.693	1.088	0.775	0.972	0.945	0.552	0.632	0.638	
1.901	0.656	0.898	0.985	1.102	1.052	0.885	1.552	1.122	0.846	0.770	1.108	0.846	0.640	0.637	
0.958	0.811	1.381	1.549	1.276	1.497	0.875	0.928	1.128	1.056	0.680	0.832	0.594	0.758	0.676	
1.147	0.966	0.953	2.160	1.857	0.732	1.131	1.104	0.583	0.800	0.751	0.760	0.628	0.766	0.663	
1.129	1.052	1.024	0.963	1.648	1.026	0.915	1.356	1.343	0.720	0.980	0.778	0.619	0.810	0.639	
0.997	1.346	1.621	0.994	1.214	1.349	0.963	0.891	0.786	1.026	1.108	0.636	0.840	0.638	0.592	
1.477	0.886	0.992	1.265	1.047	1.822	0.795	0.997	1.295	0.796	0.777	0.783	0.775	0.673	0.619	
1.510	0.692	1.335	1.019	1.370	0.953	1.201	1.118	0.745	1.216	1.051	0.769	0.766	0.644	0.612	
1.674	1.239	0.938	0.912	0.914	0.912	2.109	1.038	0.785	0.958	0.843	0.699	0.752	0.606	0.622	
1.273	0.504	1.515	1.204	0.816	1.060	1.079	1.509	1.167	1.061	0.945	0.808	0.815	0.655	0.590	
1.436	0.509	1.016	1.335	1.050	0.726	1.131	1.691	1.376	0.807	0.796	0.876	0.783	0.757	0.709	
1.499	2.052	0.621	0.678	1.274	1.362	0.898	0.926	0.707	1.164	0.696	0.731	1.152	0.590	0.651	
0.992	0.861	1.255	1.396	1.267	1.255	1.206	0.885	0.910	0.948	0.921	1.095	0.608	0.772	0.629	
1.734	0.252	0.822	1.511	1.224	1.454	0.759	1.012	1.123	1.477	0.770	0.570	0.707	0.890	0.694	
0.856	1.082	0.937	1.149	1.595	1.467	1.537	0.930	1.109	0.945	0.823	0.581	0.766	0.598	0.624	
1.374	1.082	1.281	1.562	1.154	1.061	0.705	0.892	0.900	1.138	0.626	0.838	1.103	0.653	0.632	
1.654	0.782	0.972	1.280	1.068	1.590	1.255	1.455	0.678	0.572	0.839	0.805	0.827	0.605	0.616	
1.262	1.350	0.817	1.563	0.931	1.253	0.930	1.114	1.149	1.080	0.937	0.796	0.645	0.601	0.573	
0.674	1.380	1.609	1.123	0.817	1.571	0.994	0.991	1.127	0.939	0.967	0.810	0.598	0.748	0.653	
1.174	1.453	0.801	0.955	1.520	1.171	0.707	1.290	0.814	1.127	1.110	0.749	0.741	0.733	0.654	
1.109	0.933	1.740	1.264	0.849	0.972	1.031	0.774	0.771	1.105	1.408	0.636	1.140	0.632	0.639	
0.837	1.180	1.198	0.924	1.775	1.754	0.908	0.857	1.065	0.748	0.749	0.708	0.781	0.859	0.655	
0.612	0.974	0.567	2.827	1.212	1.179	0.781	1.641	0.742	0.941	0.571	0.915	0.614	0.744	0.680	
0.702	1.245	1.413	1.429	0.864	0.907	1.081	1.117	1.421	0.829	0.991	0.732	0.778	0.805	0.686	
0.453	1.596	0.982	1.108	1.154	1.925	0.606	0.815	1.120	1.065	0.818	0.979	1.005	0.742	0.632	
0.543	1.899	1.548	0.894	1.698	0.992	1.153	0.866	1.046	0.596	0.734	1.002	0.619	0.798	0.613	
1.329	0.538	1.440	1.651	1.477	0.999	1.120	1.015	0.775	1.005	0.751	0.885	0.786	0.585	0.645	
0.869	1.279	1.585	1.441	1.039	1.229	1.077	0.696	0.981	0.917	0.719	1.026	0.835	0.636	0.671	
0.359	1.510	0.632	1.811	1.190	1.130	1.105	1.123	0.835	1.347	0.871	1.075	0.820	0.623	0.570	
0.914	0.838	1.494	1.576	1.295	0.878	1.286	1.306	1.021	0.867	0.914	0.713	0.589	0.646	0.664	
0.525	1.797	1.499	1.161	1.066	1.028	1.057	0.685	1.117	0.737	1.039	0.672	0.971	0.984	0.663	
1.025	1.165	0.879	1.644	1.537	0.875	1.311	0.691	0.766	0.852	1.182	0.657	0.792	0.929	0.694	
1.586	0.488	0.699	2.078	0.965	1.110	1.142	0.763	1.124	1.017	1.328	0.681	0.787	0.634	0.598	
1.302	1.171	0.809	1.342	1.254	1.750	1.001	0.791	1.123	0.913	0.640	0.909	0.775	0.609	0.611	
0.890	1.081	1.889	0.974	1.572	1.098	0.915	0.737	1.130	1.053	0.976	0.591	0.791	0.659	0.645	
1.911	0.602	1.285	1.627	1.837	0.685	0.691	0.900	1.193	0.778	0.801	0.778	0.651	0.611	0.650	
1.540	0.638	0.646	2.212	1.513	0.979	1.077	1.032	0.775	0.873	0.873	0.922	0.549	0.747	0.624	
1.186	0.555	1.257	1.143	2.455	0.590	0.892	1.120	1.079	1.074	0.831	0.779	0.824	0.607	0.609	
0.649	1.360	0.884	1.860	1.475	0.965	0.802	1.413	1.345	0.806	0.720	0.764	0.584	0.736	0.640	
1.170	1.551	0.618	1.987	0.968	1.243	0.789	0.901	0.985	0.948	1.127	0.809	0.597	0.641	0.666	
0.922	1.124	0.786	2.215	1.578	0.851	1.646	0.842	0.905	0.556	0.767	0.838	0.711	0.622	0.636	
1.280	1.653	0.473	1.441	1.220	1.393	1.088	0.715	1.021	0.969	0.910	0.756	0.759	0.700	0.620	
1.341	1.116	0.895	1.796	1.124	0.959	0.896	1.509	0.920	0.742	0.814	1.049	0.617	0.581	0.642	
0.956	0.378	0.983	2.137	1.149	1.352	0.993	1.068	1.130	0.965	0.789	0.716	0.790	0.977	0.617	
1.340	0.819	0.938	1.788	1.476	0.948	1.405	1.003	0.957	0.794	0.932	0.594	0.809	0.611	0.585	
1.640	1.017	1.666	1.063	1.327	0.839	1.012	0.785	0.847	0.946	0.996	0.788	0.803	0.638	0.632	
1.716	0.739	0.789	1.117	1.299	1.678	1.397	0.950	1.021	0.795	0.699	0.808	0.719	0.692	0.580	
1.766	1.282	0.666	1.185	1.315	1.082	1.159	1.057	0.775	0.747	0.989	0.708	0.800	0.776	0.693	
1.257	1.217	0.480	1.374	2.031	1.037	0.710	1.279	0.916	1.034	0.817	0.746	0.615	0.849	0.639	
1.116	0.891	0.988	1.809	1.559	0.856	1.314	0.868	1.009	0.880	0.765	0.821	0.612	0.834	0.678	
1.431	1.243	1.003	1.439	0.917	0.892	1.234	0.758	0.932	1.340	0.995	0.598	0.604	0.953	0.660	
1.029	1.379	1.384	1.021	1.117	1.077	0.962	0.759	1.180	1.214	0.976	0.780	0.784	0.669	0.669	
0.741	0.473	1.601	0.866	1.166	1.100	1.686	1.044	1.289	0.805	0.939	1.343	0.647	0.675	0.625	
1.361	0.547	1.235	1.412	2.039	0.893	1.461	0.884	0.970	0.727	0.822	0.744	0.579	0.680	0.647	
0.960	1.013	1.363	1.451	1.879	1.387	0.849	0.821	1.333	0.710	0.734	0.583	0.657	0.626	0.633	
1.271	0.665	1.119	1.323	1.069	1.132	1.109	1.429	1.103	0.935	0.753	0.824	0.784	0.808	0.675	
1.557	0.722	1.092	1.251	1.568	1.052	1.280	0.870	0.923	0.848	0.731	1.026	0.830	0.609	0.641	
1.014	1.211	0.808	1.417	1.604	1.451	0.888	0.899	1.045	1.028	0.688	0.742	0.919	0.651	0.636	
0.737	1.000	1.116	1.547	1.830	1.261	1.032	1.575	0.895	0.697	0.518	0.698	0.798	0.663	0.634	
1.344	1.880	0.955	0.942	1.154	0.983	0.911	1.329	0.983	0.951	0.597	0.764	0.941	0.623	0.643	
0.910	1.472	1.005	1.231	1.279	1.041	1.259	0.809	0.842	0.998	0.872	0.891	0.876	0.820	0.695	
1.150	1.175	1.458	1.196	1.731	0.733	0.987	0.984	1.048	0.969	0.740	0.779	0.617	0.778	0.656	
1.169	0.520	1.375	1.547	0.708	1.328	1.128	1.788	0.976	0.750	0.721	0.771	0.898	0.670	0.651	
1.355	1.426	0.817	1.338	1.016	1.725	1.035	0.764	0.970	1.070	0.662	0.800	0.767	0.630	0.625	
1.088	1.131	1.085	1.307	1.376	1.682	0.717	0.930	0.833	0.890	0.728	0.812	0.765	1.012	0.646	
1.631	0.938	0.772	1.327	2.211	1.245	0.711	0.851	0.965	1.086	0.572	0.723	0.602	0.726	0.640	
1.124	0.844	1.523	1.749	0.924	1.135	1.119	0.980	0.795	1.304	0.600	0.665	0.833	0.757	0.647	
1.206	1.357	1.000	1.043	1.413	1.655	0.857	0.862	1.056	0.953	0.709	0.791	0.867	0.597	0.635	
1.371	1.391	1.125	1.626	0.835	1.025	1.083	0.861	0.866	0.948	0.850	0.943	0.826	0.610	0.639	
0.460	1.222	1.110	1.533	1.542	1.181	0.758	0.966	1.448	0.554	1.277	0.821	0.885	0.642	0.600	
1.595	0.344	0.949	1.086	2.256	1.123	0.960	0.989	1.038	1.137	0.741	0.599	0.740	0.776	0.668	
0.942	1.622	0.683	1.892	0.964	1.148	1.590	0.675	0.808	0.621	0.929	0.751	0.805	0.829	0.741	
1.188	0.662	0.942	1.711	1.501	0.998	1.032	1.043	0.966	0.870	0.974	0.874	0.634	0.991	0.614	
1.341	1.351	0.592	1.691	1.358	0.886	1.270	1.216	0.940	0.607	0.886	0.813	0.606	0.856	0.587	
1.386	1.520	1.151	1.616	0.713	1.274	1.122	0.986	0.874	0.569	0.886	0.851	0.623	0.809	0.618	
0.938	1.686	0.810	1.397	1.064	1.551	1.186	0.864	0.732	1.034	0.729	0.988	0.736	0.624	0.661	
1.130	0.978	1.225	1.277	1.465	1.241	0.904	1.259	0.805	0.980	1.102	0.754	0.639	0.632	0.609	
1.056	0.961	1.482	0.933	0.935	0.774	1.882	1.077	1.050	0.744	1.142	0.966	0.812	0.551	0.634	
1.247	0.653	1.687	1.094	1.735	1.271	0.996	1.128	0.869	0.735	0.770	0.783	0.828	0.612	0.592	
0.772	1.359	0.810	1.480	1.399	1.352	1.000	1.069	0.743	0.773	1.115	1.065	0.815	0.640	0.608	
0.660	0.982	1.511	1.490	1.714	1.089	1.044	1.190	0.847	0.524	1.068	0.871	0.590	0.801	0.621	
1.141	1.089	1.345	0.850	1.459	1.280	0.956	0.920	0.851	1.163	1.191	0.869	0.667	0.602	0.617	
1.154	0.667	0.969	1.998	1.383	1.110	0.811	0.940	0.907	1.380	0.830	0.772	0.801	0.613	0.664	
1.721	1.038	1.245	0.951	1.220	1.788	1.092	0.950	0.871	0.792	0.773	0.523	0.832	0.636	0.569	
0.862	2.316	0.832	0.929	0.904	1.188	1.134	1.832	0.778	0.899	0.601	0.606	0.783	0.658	0.679	
0.503	0.892	1.451	2.096	1.010	0.710	1.247	0.616	0.626	0.720	1.284	1.258	0.914	0.936	0.737	
1.126	0.986	0.472	1.107	1.948	1.192	1.707	1.173	0.921	0.885	0.624	0.827	0.606	0.822	0.604	
0.705	1.397	1.059	1.425	1.153	1.158	0.764	1.077	1.251	1.117	1.043	0.913	0.651	0.644	0.646	
0.781	1.615	0.758	1.747	1.931	0.847	0.759	0.850	1.004	0.720	0.965	0.570	1.010	0.756	0.688	
0.765	0.560	1.453	1.559	1.829	1.444	1.158	0.896	0.723	0.691	1.269	0.830	0.610	0.618	0.595	
1.243	1.409	0.921	1.828	0.868	1.375	0.810	0.796	0.840	0.744	0.928	0.996	0.919	0.648	0.674	
1.359	0.798	0.690	2.044	0.860	1.080	0.794	1.417	0.933	0.821	0.993	1.170	0.769	0.605	0.667	
0.852	1.046	0.803	1.597	1.201	1.408	0.828	0.895	1.229	0.894	1.063	0.760	0.954	0.817	0.655	
0.875	0.990	1.539	1.175	1.063	1.317	1.139	1.098	0.897	0.934	0.948	0.652	0.825	0.853	0.695	
0.951	1.216	1.111	1.414	1.595	1.224	1.011	0.652	1.344	0.757	0.947	0.865	0.667	0.626	0.620	
1.330	1.564	0.965	0.965	0.993	1.771	1.216	1.142	0.782	0.807	0.761	0.606	0.836	0.652	0.609	
0.923	0.557	1.203	1.596	1.867	1.314	1.020	0.925	0.542	0.936	1.020	0.867	0.775	0.816	0.638	
0.828	1.349	0.911	1.320	1.685	1.073	1.281	0.791	0.983	1.020	0.754	0.751	0.986	0.660	0.609	
1.248	0.561	0.662	2.168	1.350	1.240	0.753	0.782	1.030	1.072	0.961	0.990	0.829	0.705	0.650	
0.994	0.998	1.234	1.202	1.679	1.177	1.212	0.999	0.748	0.883	0.887	0.833	0.872	0.623	0.659	
1.372	0.973	1.379	1.191	0.923	1.504	0.858	1.111	1.055	1.072	0.942	0.763	0.632	0.620	0.605	
0.936	0.761	0.870	1.853	1.919	1.340	0.832	0.561	1.159	0.904	0.838	0.919	0.623	0.797	0.689	
1.571	0.304	1.445	2.107	0.690	1.005	1.443	1.116	0.651	0.546	1.104	0.834	0.791	0.768	0.626	
1.524	0.638	1.039	1.426	0.998	0.829	1.202	0.958	0.908	0.946	1.050	1.189	0.786	0.848	0.659	
2.021	0.683	1.252	1.611	1.363	1.186	0.753	0.833	0.654	0.821	0.925	0.828	0.870	0.584	0.615	
0.796	1.338	0.565	1.757	1.101	1.274	0.966	2.070	0.771	0.737	0.789	0.768	0.873	0.620	0.577	
1.359	0.821	1.468	1.162	0.878	1.545	1.183	0.785	0.854	0.690	1.027	0.874	0.751	0.915	0.688	
1.360	1.271	1.076	1.237	1.109	1.832	0.714	0.993	1.099	0.760	0.766	0.924	0.628	0.617	0.614	
1.338	1.210	0.910	1.210	1.253	1.276	0.773	1.093	1.156	0.933	0.982	0.797	0.803	0.620	0.645	
0.840	0.987	1.317	1.542	1.790	1.060	1.253	1.083	0.697	0.757	0.779	0.732	0.754	0.733	0.674	
1.127	1.619	1.141	0.915	1.195	1.067	1.591	0.968	0.738	1.066	0.769	0.769	0.776	0.633	0.625	
1.062	0.885	1.091	1.715	1.571	0.961	1.032	0.994	0.843	1.173	0.858	0.968	0.592	0.618	0.640	
1.240	0.709	0.869	1.762	1.538	1.440	1.432	0.848	0.750	1.099	0.607	0.700	0.802	0.615	0.590	
0.987	1.113	1.597	1.166	1.391	0.792	1.324	0.917	0.735	0.990	1.152	0.783	0.782	0.626	0.645	
1.156	0.924	1.507	1.142	1.510	1.022	1.114	0.904	1.143	0.902	0.675	0.762	0.729	0.868	0.641	
1.110	0.428	0.871	1.947	1.859	1.096	1.293	1.170	0.941	0.933	0.780	0.747	0.584	0.589	0.653	
1.730	0.910	0.591	1.668	0.921	1.131	0.981	0.960	0.774	0.728	1.403	1.076	0.796	0.649	0.681	
1.116	0.736	2.494	0.659	1.364	0.958	1.203	0.805	0.991	0.974	0.541	0.780	0.969	0.753	0.658	
1.180	0.924	1.214	1.188	0.963	1.426	1.259	1.039	0.952	1.513	0.759	0.685	0.657	0.617	0.623	
1.276	1.266	1.145	0.880	1.739	1.205	1.106	1.047	1.065	0.731	0.729	0.741	0.637	0.807	0.625	
1.445	0.943	1.227	1.646	1.121	1.430	0.936	0.724	0.725	0.772	1.187	0.839	0.760	0.599	0.646	
0.963	0.972	2.054	0.993	0.826	0.838	1.028	1.049	1.238	1.090	1.111	0.946	0.659	0.650	0.581	
0.707	1.819	1.521	1.412	1.464	1.146	0.992	0.722	1.139	0.706	0.563	0.763	0.842	0.577	0.628	
1.420	0.632	1.645	1.175	1.032	0.892	1.426	0.684	1.469	0.982	0.812	0.820	0.754	0.612	0.644	
0.967	0.408	1.008	1.676	0.812	2.050	0.905	1.237	1.205	1.386	0.550	0.744	0.818	0.605	0.629	
0.708	1.333	1.228	1.918	0.854	1.304	0.982	0.743	0.888	1.077	1.168	0.792	0.776	0.625	0.604	
1.092	1.433	1.012	1.298	0.864	1.031	1.184	0.946	1.012	0.968	1.034	0.807	1.024	0.675	0.621	
0.706	1.107	1.646	1.824	0.848	1.070	0.973	1.274	0.836	0.946	0.770	0.787	0.781	0.799	0.633	
2.020	0.838	0.717	1.207	1.397	1.229	0.802	1.354	0.548	0.823	0.930	0.898	0.767	0.813	0.657	
1.252	1.233	1.259	1.382	1.508	1.107	0.835	1.049	0.857	0.824	0.592	0.920	0.772	0.767	0.644	
1.919	0.895	1.088	1.034	1.096	1.340	1.044	0.867	0.784	1.150	0.870	0.737	0.881	0.670	0.626	
0.658	1.680	0.873	1.169	1.034	1.695	1.338	1.127	0.728	0.909	0.678	1.078	0.844	0.591	0.598	
1.365	1.171	1.786	0.846	1.280	0.806	0.923	1.357	1.095	0.843	0.627	0.721	0.781	0.759	0.640	
1.077	1.660	1.203	1.121	1.318	2.040	0.687	0.711	0.950	0.903	0.652	0.797	0.603	0.642	0.637	
0.846	1.309	1.123	1.502	0.967	1.341	0.838	1.492	0.985	0.751	1.232	0.622	0.780	0.599	0.614	
0.719	0.699	1.815	0.742	1.171	1.329	1.801	0.852	1.108	0.940	0.984	0.807	0.587	0.774	0.671	
0.876	0.728	1.657	1.400	1.391	1.128	1.358	1.210	0.808	0.910	0.896	0.775	0.577	0.674	0.612	
1.380	0.988	0.334	1.694	1.751	1.029	0.992	1.434	0.707	0.953	0.817	0.683	0.743	0.801	0.693	
0.658	1.023	1.437	1.589	1.669	0.830	1.060	1.279	1.048	0.545	0.890	0.680	0.843	0.794	0.653	
0.462	0.798	1.310	2.206	1.516	0.953	0.908	1.066	1.450	0.796	0.690	0.858	0.783	0.642	0.563	
1.413	1.622	1.244	1.618	1.282	1.020	0.724	0.819	0.587	0.764	0.943	0.965	0.744	0.619	0.636	
1.021	1.313	0.864	1.884	1.559	1.011	1.012	1.147	0.801	0.906	0.642	0.723	0.809	0.688	0.619	
0.854	0.687	0.756	1.882	1.491	2.010	1.073	0.682	1.025	0.994	0.738	0.768	0.814	0.604	0.621	
0.876	0.797	0.962	1.329	2.042	1.376	0.822	1.058	1.405	0.830	0.576	0.933	0.763	0.641	0.590	
1.131	0.900	1.353	1.465	1.657	0.729	0.968	0.743	1.253	0.956	0.988	0.805	0.853	0.652	0.547	
1.471	0.843	1.527	1.108	1.390	1.262	0.928	0.832	0.869	1.441	0.661	0.704	0.565	0.782	0.618	
0.690	1.412	1.186	1.234	1.814	1.285	1.248	0.583	0.751	0.810	0.925	0.732	0.903	0.743	0.686	
1.075	0.704	1.196	1.095	1.184	1.747	0.982	1.164	0.965	0.942	0.960	0.853	0.860	0.641	0.632	
0.952	1.643	0.865	1.385	0.950	1.051	0.986	1.153	1.440	0.839	1.184	0.667	0.604	0.658	0.623	
1.400	0.754	0.912	1.881	1.467	1.152	0.820	0.746	1.131	0.961	1.120	0.794	0.656	0.570	0.636	
1.361	1.669	0.304	1.415	1.871	0.991	1.317	0.968	0.878	0.740	0.693	0.735	0.826	0.614	0.618	
1.408	0.622	1.853	1.382	0.828	0.905	1.310	0.971	0.984	1.002	0.897	0.713	0.641	0.804	0.680	
1.272	1.654	1.254	1.025	1.032	0.803	1.219	0.798	0.801	1.585	0.912	0.809	0.573	0.667	0.597	
0.678	0.955	1.572	1.209	1.196	0.929	1.346	1.329	0.966	1.203	0.759	0.583	0.799	0.820	0.656	
0.538	2.078	1.120	1.135	0.671	1.856	1.066	0.951	0.642	1.054	0.590	1.058	0.877	0.638	0.724	
0.619	1.107	2.161	1.243	0.767	1.106	1.203	1.039	0.694	0.790	0.788	1.149	0.807	0.868	0.661	
0.809	0.791	1.312	1.625	1.396	1.205	1.466	0.816	1.318	0.590	0.737	0.766	0.892	0.630	0.647	
0.705	0.771	1.476	1.971	1.236	1.260	1.176	1.210	0.822	0.593	0.756	0.806	0.799	0.758	0.660	
1.058	1.098	1.298	1.097	1.438	1.256	0.919	0.934	1.331	0.945	0.777	0.858	0.607	0.762	0.622	
1.368	0.334	1.398	1.484	1.053	1.234	1.529	0.877	0.703	1.177	0.911	0.825	0.841	0.614	0.653	
0.922	0.515	1.372	2.276	1.898	0.691	1.091	1.323	0.824	0.766	0.728	0.849	0.605	0.643	0.498	
1.676	1.284	1.175	1.230	1.380	0.896	1.063	0.905	0.735	0.733	0.879	0.892	0.842	0.652	0.659	
1.088	0.643	1.471	1.307	1.705	1.060	1.051	0.997	1.010	0.586	0.999	0.818	0.787	0.794	0.684	
1.867	0.678	1.852	0.881	1.327	0.948	1.278	0.879	0.671	0.920	0.760	0.817	0.883	0.613	0.626	
1.048	1.382	0.982	1.437	1.015	1.152	1.032	1.160	0.968	0.766	0.746	0.801	0.975	0.863	0.675	
1.553	1.137	0.928	1.477	1.589	0.704	0.912	0.920	0.994	0.984	0.768	0.758	0.799	0.798	0.677	
1.491	1.534	0.503	1.102	2.160	0.821	0.870	0.713	1.060	0.901	1.052	0.801	0.811	0.568	0.614	
2.495	0.810	0.903	1.209	1.211	0.742	0.794	0.757	1.165	0.755	0.790	0.875	0.925	0.880	0.689	
0.730	1.562	1.185	1.214	1.337	0.831	1.167	0.921	1.104	0.940	0.982	0.800	0.715	0.819	0.693	
0.828	1.557	1.067	1.650	0.869	1.336	0.907	1.046	0.962	1.023	0.787	0.923	0.780	0.651	0.613	
1.251	1.054	1.073	1.523	1.190	0.788	1.571	0.918	0.773	1.183	0.622	0.973	0.815	0.618	0.647	
0.628	0.996	1.119	1.567	1.110	1.754	1.477	1.070	0.873	0.727	0.795	0.845	0.768	0.616	0.655	
0.742	1.275	1.182	1.570	0.954	1.860	0.892	0.672	1.067	0.908	0.806	0.752	0.833	0.808	0.679	
1.115	0.782	1.165	1.213	1.424	1.277	1.131	0.998	1.268	0.915	0.707	1.045	0.596	0.730	0.634	
0.400	2.020	0.986	1.346	1.212	0.877	0.706	1.584	0.815	0.821	1.053	0.849	1.079	0.618	0.633	
1.138	1.457	0.577	1.120	1.479	1.080	1.244	1.113	1.123	0.954	0.945	0.701	0.818	0.640	0.610	
1.323	1.427	1.073	1.727	1.177	0.731	1.316	0.766	0.921	0.929	0.711	0.851	0.693	0.712	0.644	
1.075	1.128	0.841	1.971	1.072	1.238	0.926	1.219	0.846	0.845	0.998	0.826	0.659	0.753	0.603	
1.300	1.566	1.264	1.308	0.978	0.857	1.294	0.891	0.708	1.033	0.781	0.724	0.889	0.765	0.641	
0.792	1.029	1.772	1.124	0.910	0.970	1.155	2.049	0.891	0.855	0.799	0.584	0.612	0.829	0.628	
0.919	1.037	0.540	1.979	1.155	1.299	1.290	1.181	1.100	0.739	0.954	0.686	0.774	0.721	0.626	
1.050	1.029	1.609	1.549	1.045	1.334	1.278	0.755	0.909	0.907	0.774	0.734	0.586	0.774	0.666	
1.428	0.518	0.527	1.753	1.898	1.066	1.113	0.719	1.054	0.620	1.156	0.892	0.923	0.706	0.627	
1.312	1.307	0.987	1.844	1.375	1.316	0.734	0.906	0.753	0.778	0.932	0.768	0.752	0.617	0.618	
1.697	0.654	0.969	1.535	1.432	1.041	0.876	1.486	0.771	0.859	0.695	0.912	0.803	0.641	0.628	
0.794	0.988	1.230	2.617	0.732	1.433	0.971	0.997	0.883	0.955	0.610	0.758	0.744	0.653	0.634	
1.294	1.098	1.036	1.409	1.111	1.216	0.921	1.388	0.690	0.745	1.278	0.818	0.738	0.610	0.648	
0.825	0.521	1.930	1.471	2.099	0.811	1.098	1.297	0.738	0.703	0.683	0.778	0.695	0.620	0.731	
0.881	1.681	1.113	1.539	1.398	0.845	0.867	0.902	1.021	1.172	0.713	0.731	0.755	0.736	0.645	
0.552	1.239	1.441	1.666	1.190	1.160	0.667	0.986	0.769	1.040	1.033	0.926	0.945	0.710	0.675	
0.794	0.997	1.859	1.484	1.071	0.912	1.053	0.895	0.890	1.407	0.613	0.813	0.749	0.817	0.646	
1.601	0.980	1.154	2.723	0.670	0.971	1.017	0.926	0.701	0.766	0.715	0.912	0.623	0.640	0.601	
0.985	1.791	1.099	0.650	1.463	1.259	1.109	1.042	0.779	0.994	0.972	0.802	0.772	0.620	0.664	
1.353	1.014	0.865	1.072	1.523	1.662	1.011	1.057	0.777	0.968	1.004	0.801	0.618	0.565	0.708	
1.250	0.814	1.072	1.575	1.202	1.221	1.482	0.882	1.135	0.978	0.642	0.792	0.710	0.630	0.614	
1.174	0.887	0.626	2.073	0.945	1.205	1.306	1.497	0.720	0.851	0.913	0.798	0.813	0.642	0.552	
1.137	1.256	0.778	1.113	1.635	1.290	0.893	1.073	1.561	0.735	0.778	0.709	0.791	0.589	0.661	
1.094	1.347	1.671	1.404	1.413	0.777	0.893	1.017	0.874	0.974	0.768	0.705	0.784	0.660	0.620	
1.604	1.223	0.977	1.439	1.245	1.212	1.491	0.889	0.755	0.778	0.778	0.559	0.811	0.635	0.604	
0.695	1.101	1.368	1.562	0.957	1.247	0.884	1.468	0.913	0.766	0.981	1.007	0.684	0.722	0.645	
0.548	0.723	1.426	1.235	1.772	0.898	2.067	1.017	0.988	0.855	0.782	0.590	0.687	0.729	0.686	
1.135	0.940	0.805	1.145	1.158	1.834	1.449	1.139	0.729	1.082	1.041	0.617	0.685	0.599	0.641	
0.963	1.194	1.208	0.871	1.054	1.787	1.762	0.776	0.595	0.725	0.774	1.334	0.743	0.603	0.611	
1.459	0.741	0.990	1.772	1.020	0.726	1.289	0.769	0.944	1.014	1.096	1.139	0.815	0.596	0.632	
1.571	1.352	1.001	1.380	1.041	1.118	0.978	1.146	0.853	0.857	0.997	0.589	0.848	0.621	0.648	
1.829	0.717	0.643	1.420	1.854	0.863	0.845	0.764	1.293	0.830	0.823	0.880	0.781	0.816	0.641	
1.276	1.076	0.626	2.289	0.703	1.071	0.917	1.365	0.983	0.931	0.806	0.876	0.803	0.612	0.665	
1.652	0.483	1.461	1.042	1.452	1.337	0.896	1.349	1.006	0.860	0.721	0.629	0.765	0.727	0.621	
0.656	1.091	1.460	1.157	1.899	0.962	1.160	0.977	0.738	0.953	0.934	1.128	0.585	0.642	0.659	
0.807	1.555	0.662	1.472	1.229	1.219	0.704	1.229	0.938	1.174	1.049	0.593	0.899	0.810	0.661	
0.900	0.947	0.773	2.008	1.670	0.523	1.078	1.109	1.079	0.697	0.864	0.779	1.048	0.900	0.625	
1.432	0.722	1.066	1.071	1.532	0.930	1.302	1.294	1.247	0.576	0.994	0.812	0.835	0.607	0.582	
1.562	0.977	1.120	1.556	0.886	0.933	0.751	0.955	1.288	1.014	0.946	0.630	0.894	0.835	0.653	
1.502	1.852	0.886	1.395	1.699	0.897	0.836	0.903	0.719	0.978	0.808	0.745	0.591	0.647	0.541	
1.038	1.073	1.116	1.120	1.687	1.552	1.296	0.829	0.630	0.814	0.729	0.918	0.781	0.746	0.670	
0.745	1.293	0.983	1.401	1.795	1.138	1.005	0.739	1.251	0.712	1.108	0.781	0.778	0.606	0.666	
1.459	1.085	0.805	1.649	0.986	0.993	0.952	1.010	0.916	1.201	1.307	0.766	0.638	0.620	0.614	
1.122	1.710	0.498	1.409	1.031	1.784	1.082	1.077	0.989	0.740	0.709	0.736	0.734	0.725	0.654	
1.736	1.570	0.760	1.089	1.398	0.875	0.838	0.735	1.046	0.925	0.823	0.798	0.992	0.786	0.629	
0.916	0.762	1.459	1.261	1.259	1.154	0.857	1.550	0.747	1.260	0.715	0.828	0.821	0.746	0.666	
1.138	0.958	0.986	1.214	1.098	1.482	0.916	1.293	1.275	0.942	0.827	0.809	0.793	0.607	0.663	
0.944	1.144	1.809	0.848	1.371	1.383	0.916	0.860	0.859	1.204	0.773	0.840	0.774	0.660	0.615	
1.169	0.769	0.997	1.652	1.243	1.326	0.943	0.980	1.030	0.742	0.933	0.839	0.936	0.780	0.662	
0.823	1.510	1.531	1.310	1.432	0.933	0.646	1.225	1.005	1.148	0.788	0.786	0.564	0.666	0.634	
1.185	0.798	1.419	0.988	1.262	1.052	1.473	0.936	0.719	0.798	1.196	0.771	0.924	0.787	0.692	
1.557	0.856	1.452	0.992	0.841	1.336	0.908	0.907	0.910	1.473	0.993	0.749	0.746	0.616	0.665	
0.908	1.190	0.917	1.535	1.124	1.269	1.540	0.871	1.375	0.767	0.782	0.695	0.760	0.637	0.629	
1.071	1.059	1.447	1.317	1.304	2.063	0.802	0.934	0.854	0.533	0.730	0.860	0.592	0.781	0.655	
0.615	1.690	1.069	1.208	1.074	1.711	0.925	0.923	0.918	0.758	1.043	0.827	0.749	0.775	0.716	
1.086	0.886	0.891	1.336	1.382	0.912	1.122	1.406	1.115	0.933	0.714	1.139	0.812	0.644	0.622	
1.210	0.829	1.674	1.913	0.985	1.147	0.761	1.189	0.848	0.818	1.000	0.839	0.592	0.614	0.580	
0.844	0.886	0.821	2.211	1.455	0.913	0.875	1.073	0.875	0.976	0.832	0.931	0.845	0.768	0.696	
1.678	1.125	0.860	1.281	1.236	0.992	1.041	0.779	1.317	0.941	0.788	0.837	0.644	0.840	0.642	
0.822	1.141	1.204	1.143	1.514	1.179	1.095	1.737	0.693	0.944	0.729	0.765	0.655	0.753	0.626	
0.635	1.325	1.566	1.577	1.481	1.318	1.010	0.746	0.859	1.087	0.737	0.621	0.834	0.568	0.636	
1.659	1.264	1.330	1.136	1.393	1.001	0.919	0.680	0.838	1.041	0.750	0.968	0.784	0.605	0.632	
1.184	1.051	0.821	1.509	0.868	1.789	1.556	0.597	0.940	0.771	0.738	1.001	0.947	0.622	0.607	
1.029	1.123	0.708	1.615	1.066	1.255	0.976	1.516	1.012	0.771	0.720	1.037	0.781	0.749	0.643	
1.835	0.893	0.772	1.316	1.040	0.831	1.510	1.525	0.948	0.742	0.949	0.754	0.623	0.657	0.603	
1.445	1.353	1.243	1.497	0.848	1.037	1.052	1.155	0.735	0.875	0.695	0.885	0.903	0.641	0.637	
0.780	0.792	0.999	2.113	0.962	1.412	1.031	0.895	0.789	1.768	0.732	0.555	0.676	0.848	0.649	
0.867	1.305	1.044	1.030	1.395	1.614	1.195	0.867	0.875	0.940	0.875	0.703	0.851	0.799	0.639	
0.803	1.842	1.143	1.374	1.238	0.821	1.139	0.925	0.711	1.259	0.975	0.913	0.632	0.586	0.639	
1.386	1.315	0.229	1.481	1.374	1.841	0.877	0.682	0.932	0.899	0.853	0.934	0.801	0.786	0.609	
0.486	1.080	1.228	1.888	1.348	1.427	1.007	0.796	0.831	0.848	0.733	0.975	0.803	0.907	0.643	
0.866	1.273	0.827	1.212	1.447	1.371	1.778	0.802	0.870	0.795	0.994	0.626	0.742	0.739	0.659	
1.578	1.524	1.156	0.804	1.368	1.199	0.826	1.144	1.009	0.886	0.930	0.706	0.635	0.636	0.600	
0.598	0.965	1.371	1.815	1.813	0.704	0.864	1.187	0.892	0.879	0.929	0.891	0.794	0.653	0.645	
1.005	0.669	1.639	1.222	1.533	1.447	0.965	1.025	0.885	0.743	0.802	0.902	0.825	0.653	0.686	
0.997	0.717	1.557	1.032	1.439	1.318	1.150	1.275	1.073	0.782	0.969	0.597	0.866	0.623	0.607	
1.676	1.176	0.948	1.095	0.858	1.149	1.594	0.836	0.969	0.744	0.897	0.753	0.896	0.793	0.615	
0.778	0.977	0.838	2.028	1.196	1.126	1.136	0.865	1.390	0.883	0.914	0.838	0.761	0.630	0.639	
1.150	1.500	1.331	2.027	1.297	1.119	0.723	1.067	0.760	0.577	0.747	0.770	0.667	0.650	0.614	
1.946	0.890	0.932	1.093	1.084	1.302	1.505	1.134	0.767	0.696	0.943	0.780	0.552	0.765	0.611	
1.177	1.406	0.906	1.080	1.757	1.111	1.145	1.039	0.983	0.716	0.786	0.751	0.686	0.779	0.679	
1.277	1.974	1.113	1.271	0.771	1.124	1.259	1.085	0.789	0.742	0.880	0.598	0.768	0.705	0.643	
0.917	1.529	1.391	1.156	0.996	1.177	1.061	0.861	0.739	1.302	0.788	0.811	0.980	0.652	0.639	
1.442	0.898	0.963	1.575	1.321	0.531	1.566	1.008	1.088	1.135	0.720	0.786	0.724	0.628	0.617	
1.841	0.701	1.213	1.659	1.368	0.884	0.707	1.074	1.478	0.603	0.723	0.682	0.802	0.616	0.649	
0.933	1.348	1.315	1.486	1.123	1.262	1.182	0.921	0.838	0.923	0.738	0.867	0.780	0.610	0.674	
1.103	1.219	1.052	1.128	1.307	0.999	1.051	1.242	0.809	1.157	0.913	0.759	0.950	0.663	0.647	
1.108	0.968	0.236	1.066	1.858	1.932	0.659	0.712	0.918	1.579	0.938	0.797	0.975	0.633	0.621	
0.520	1.083	0.773	2.216	1.897	1.540	0.917	0.834	0.759	0.764	0.855	0.871	0.723	0.618	0.630	
0.841	1.098	1.504	1.313	1.434	1.164	0.737	1.345	0.728	1.140	0.835	0.806	0.608	0.806	0.644	
0.649	1.041	1.043	1.836	1.153	1.874	0.781	1.143	0.943	0.853	0.906	0.798	0.788	0.590	0.601	
1.402	0.665	0.653	2.577	1.172	1.115	1.112	0.841	1.221	0.729	0.841	0.590	0.836	0.637	0.609	
0.663	1.151	1.052	2.816	1.420	0.873	0.773	1.129	0.693	0.618	0.734	1.161	0.679	0.608	0.631	
0.930	1.434	0.524	1.437	1.250	1.805	1.260	1.400	0.762	0.662	0.753	0.718	0.704	0.716	0.647	
0.659	1.189	1.356	1.387	1.196	1.136	1.245	0.810	0.938	1.334	0.753	0.857	0.685	0.859	0.596	
0.630	1.153	1.052	1.256	2.530	1.036	0.925	1.124	0.993	1.001	0.737	0.758	0.582	0.574	0.651	
2.241	0.470	1.356	1.380	1.325	0.838	0.949	1.047	0.872	0.762	0.918	0.601	0.807	0.817	0.619	
1.572	1.272	0.914	1.178	1.368	0.887	0.960	0.971	1.284	0.846	0.800	0.933	0.749	0.644	0.624	
1.286	2.224	0.765	0.898	1.348	1.184	0.912	0.825	1.203	0.706	0.881	0.740	0.781	0.633	0.614	
1.651	1.229	0.702	1.981	1.108	0.654	1.282	1.063	0.850	0.733	0.848	0.918	0.775	0.577	0.627	
0.494	1.320	1.316	1.308	1.941	0.867	1.254	1.362	0.737	0.784	0.726	0.698	0.745	0.868	0.582	
0.621	0.667	0.982	1.617	2.265	1.375	1.159	0.757	1.074	0.787	0.612	1.036	0.606	0.808	0.633	
1.107	0.675	0.985	1.344	1.428	1.127	1.123	1.352	1.083	1.329	0.867	0.750	0.576	0.620	0.634	
1.684	1.056	0.923	1.557	1.165	0.753	1.185	1.247	0.839	0.908	0.800	0.810	0.775	0.616	0.679	
1.532	0.995	0.693	0.834	1.179	1.448	1.058	1.339	1.138	1.052	0.692	0.608	0.949	0.799	0.685	
0.661	1.052	1.520	1.582	1.265	1.459	1.011	0.944	1.159	0.733	0.742	0.829	0.780	0.634	0.627	
0.475	1.300	1.409	1.880	1.040	1.798	0.725	0.782	0.822	0.940	0.497	0.872	1.182	0.640	0.638	
0.489	1.372	1.517	0.877	0.991	1.010	1.471	1.145	1.037	0.715	0.963	1.061	0.831	0.866	0.656	
0.491	1.121	0.831	1.773	1.693	1.031	1.310	0.996	0.764	1.378	0.729	0.767	0.814	0.692	0.610	
0.947	1.690	0.779	1.775	1.232	1.148	0.914	0.843	1.057	0.552	1.190	0.834	0.791	0.647	0.601	
1.280	1.381	0.888	1.382	1.606	1.355	1.178	0.764	0.720	1.017	0.738	0.707	0.741	0.646	0.596	
0.768	1.466	0.958	1.504	1.347	1.005	0.726	1.033	1.190	1.064	0.884	0.812	0.756	0.819	0.667	
0.776	1.263	0.830	1.237	1.843	1.198	1.009	1.319	1.051	1.052	0.825	0.769	0.620	0.641	0.568	
0.811	1.206	1.177	1.264	1.083	1.108	1.355	1.121	1.316	0.901	0.799	0.606	0.772	0.840	0.639	
1.229	0.900	0.743	1.672	1.234	1.255	1.514	0.783	1.175	0.759	1.029	0.774	0.725	0.634	0.573	
1.859	0.502	1.526	1.227	0.702	1.406	1.105	1.129	1.106	0.765	1.012	0.903	0.626	0.556	0.576	
0.577	0.992	0.821	2.278	1.175	1.634	1.418	0.837	0.525	1.061	0.696	0.806	0.785	0.719	0.676	
1.036	0.638	1.284	1.871	1.028	1.666	0.923	0.982	0.653	1.227	1.056	0.681	0.710	0.642	0.602	
1.006	0.835	1.144	2.325	0.825	1.443	1.081	0.853	0.783	0.936	0.822	0.674	0.792	0.860	0.619	
1.353	0.848	1.113	1.549	1.213	1.451	0.831	0.964	1.070	0.711	0.943	0.740	0.771	0.797	0.646	
1.495	0.737	1.780	1.439	0.724	0.875	1.046	1.164	1.204	0.884	0.642	0.974	0.802	0.620	0.614	
1.163	2.002	1.257	1.321	1.169	1.083	0.942	0.893	0.964	0.684	0.755	0.754	0.726	0.633	0.654	
1.169	0.506	0.999	1.155	1.683	1.024	1.870	0.893	0.723	0.977	1.107	0.821	0.836	0.568	0.671	
1.163	0.681	1.720	1.230	1.558	1.303	1.097	0.543	0.748	1.150	0.883	0.771	0.692	0.769	0.692	
1.310	1.354	0.822	2.110	1.143	1.138	1.013	0.797	0.728	0.888	1.092	0.737	0.596	0.652	0.621	
1.357	1.028	0.977	1.715	1.640	1.008	1.034	0.979	0.854	0.827	0.772	0.642	0.895	0.647	0.625	
0.877	1.127	0.835	2.119	1.118	1.013	1.028	1.608	0.774	0.749	0.943	0.722	0.794	0.605	0.687	
1.325	0.395	0.775	1.700	2.101	1.191	0.818	0.762	0.790	0.901	0.942	0.902	1.137	0.607	0.655	
1.115	2.255	0.828	1.365	0.960	1.382	1.203	0.771	0.848	0.736	0.720	1.004	0.623	0.621	0.568	
0.722	1.231	1.291	2.083	1.512	1.373	0.900	0.720	0.781	0.895	0.859	0.782	0.619	0.631	0.600	
1.138	0.579	1.211	1.728	1.241	1.192	1.169	0.707	0.998	1.064	1.215	0.703	0.786	0.643	0.627	
1.336	1.291	0.901	0.899	1.620	1.131	1.549	0.969	0.784	0.863	0.751	0.842	0.626	0.763	0.675	
0.913	0.917	1.217	1.497	1.409	1.055	0.892	1.581	0.941	0.995	0.869	0.634	0.853	0.633	0.594	
1.770	0.865	1.264	1.794	0.715	1.236	0.768	0.879	1.034	0.909	0.820	0.661	0.875	0.750	0.660	
1.069	1.094	1.568	0.692	1.147	1.381	1.520	1.244	0.957	0.748	0.740	0.790	0.793	0.627	0.629	
1.328	0.993	1.167	0.984	1.032	1.589	1.495	0.866	1.100	0.734	0.884	0.812	0.711	0.657	0.647	
0.666	1.958	0.396	1.013	1.396	1.282	1.436	0.873	1.195	0.903	0.819	0.865	0.998	0.618	0.583	
1.066	0.988	1.525	1.597	1.305	0.899	1.412	0.742	0.813	1.100	0.746	0.747	0.776	0.624	0.660	
0.908	0.812	0.819	1.843	1.461	1.890	1.320	0.830	0.758	0.572	0.938	0.672	0.777	0.750	0.651	
0.859	0.906	1.959	1.203	0.844	1.322	1.128	1.380	0.894	0.932	0.788	0.727	0.658	0.788	0.613	
1.248	1.085	1.295	0.932	1.893	0.836	1.510	0.779	0.871	0.866	0.767	0.621	0.793	0.838	0.666	
1.151	0.739	1.588	1.772	1.355	1.043	0.926	1.062	0.693	0.915	0.899	0.779	0.623	0.793	0.661	
1.336	0.520	1.283	1.283	0.953	1.739	1.109	0.857	1.471	0.600	0.754	0.711	0.914	0.832	0.639	
0.873	0.507	1.538	1.402	1.707	0.903	1.416	1.689	0.822	0.794	0.728	0.621	0.795	0.677	0.528	
1.332	0.954	0.859	1.315	1.686	1.388	1.363	0.753	0.978	0.748	0.917	0.858	0.633	0.569	0.646	
1.429	0.498	0.922	1.619	1.106	1.356	1.153	0.722	1.224	1.489	0.704	0.578	0.817	0.745	0.636	
2.136	0.847	0.512	1.295	1.126	0.518	1.550	0.903	1.223	1.097	0.732	0.865	0.769	0.765	0.662	
1.331	0.943	0.901	1.560	1.549	1.097	0.734	1.119	1.212	1.193	0.789	0.795	0.572	0.623	0.582	
1.648	0.871	1.665	1.230	1.101	0.971	1.167	1.176	0.752	0.941	0.891	0.731	0.626	0.664	0.565	
0.926	0.795	1.827	1.197	1.628	0.614	0.888	1.137	1.140	0.952	0.846	0.810	0.914	0.714	0.612	
1.056	0.707	1.826	1.727	1.076	0.975	0.982	0.930	0.958	0.913	0.785	0.971	0.800	0.625	0.670	
2.048	1.248	0.809	0.971	1.037	0.820	1.070	1.165	0.976	0.819	0.995	0.916	0.830	0.627	0.669	
1.014	1.036	0.989	1.763	1.086	1.398	0.849	0.687	0.940	0.884	0.958	1.344	0.623	0.765	0.664	
1.091	0.946	1.397	1.398	1.827	1.095	0.915	0.921	1.046	0.912	0.748	0.721	0.679	0.652	0.651	
0.993	0.879	0.664	1.890	1.110	1.465	0.807	1.141	0.775	0.830	0.890	0.970	1.004	0.849	0.732	
1.282	0.627	1.635	2.226	1.005	1.265	0.747	0.724	1.140	0.917	0.619	0.872	0.623	0.685	0.634	
0.845	0.830	1.023	1.342	1.516	1.436	0.973	1.509	0.974	0.765	0.921	0.769	0.640	0.827	0.628	
1.237	0.549	1.205	1.092	1.789	1.317	1.093	1.204	0.858	0.883	1.042	0.757	0.709	0.672	0.593	
0.569	1.388	0.743	1.841	1.299	0.764	1.510	1.341	1.041	0.846	0.843	0.777	0.575	0.847	0.616	
1.084	1.615	0.902	1.255	1.607	1.109	1.178	0.791	0.933	0.769	0.816	0.874	0.798	0.625	0.643	
1.333	1.059	1.023	2.150	1.037	1.125	0.877	0.775	1.169	0.748	0.893	0.618	0.943	0.659	0.590	
1.092	0.956	0.643	1.483	2.156	0.977	0.770	1.254	1.026	1.214	0.582	0.558	0.814	0.863	0.612	
1.023	1.242	1.401	1.433	1.691	0.981	1.240	0.701	0.851	0.775	0.622	1.036	0.747	0.616	0.640	
0.950	1.564	1.026	1.301	0.902	1.286	0.956	0.731	0.991	0.794	1.449	0.781	0.756	0.816	0.698	
1.113	0.485	1.552	1.264	1.353	1.353	1.092	0.926	1.162	0.732	1.037	0.743	0.718	0.778	0.691	
1.472	0.726	1.283	2.004	1.197	1.241	1.240	0.766	0.786	0.753	0.714	0.813	0.615	0.757	0.633	
0.979	1.065	1.001	1.977	1.363	1.618	0.898	0.825	0.659	0.805	0.785	0.825	0.808	0.705	0.686	
1.576	1.242	0.686	1.048	1.336	1.354	1.172	1.168	0.796	0.970	0.758	0.768	0.869	0.643	0.617	
0.513	0.697	1.303	1.934	1.018	0.655	1.165	1.019	1.385	1.245	1.056	0.753	0.800	0.796	0.662	
1.038	0.779	1.247	1.347	1.281	0.791	1.419	1.004	1.040	1.391	0.913	0.753	0.734	0.630	0.632	
1.222	1.376	1.086	1.074	1.004	1.736	0.750	1.201	0.918	0.849	0.911	0.842	0.634	0.759	0.636	
1.279	1.202	0.931	1.689	1.122	1.129	0.736	0.765	1.301	1.021	0.778	0.917	0.820	0.671	0.639	
0.997	0.715	0.606	2.058	0.857	1.030	1.909	0.990	1.111	0.958	1.128	0.774	0.687	0.598	0.581	
1.253	1.204	1.088	1.130	1.446	0.947	1.182	1.363	0.597	0.976	0.791	0.962	0.794	0.632	0.635	
1.402	1.379	0.921	1.997	1.224	0.901	0.989	0.923	1.023	0.746	0.774	0.674	0.771	0.656	0.622	
1.077	1.680	1.312	0.954	1.878	1.066	0.727	0.757	1.040	0.993	0.753	0.622	0.750	0.779	0.612	
0.898	1.270	0.659	1.231	1.345	1.755	1.264	0.800	0.974	0.854	0.736	0.953	0.769	0.881	0.610	
1.262	1.702	1.008	1.389	0.934	1.261	1.050	0.865	1.029	0.582	0.755	0.751	0.965	0.789	0.656	
1.676	0.705	1.124	0.959	1.024	1.594	0.973	1.408	1.250	0.818	0.757	0.849	0.606	0.647	0.609	
0.642	1.415	1.068	2.422	0.641	0.902	1.130	0.845	1.014	0.779	1.205	0.862	0.674	0.759	0.641	
0.902	0.411	1.048	1.938	1.488	1.441	0.815	1.375	0.890	0.902	0.976	0.729	0.860	0.644	0.580	
1.685	0.843	0.900	1.233	0.982	1.397	0.988	1.143	1.317	0.908	1.012	0.601	0.777	0.590	0.624	
1.037	0.566	1.066	1.716	1.236	1.929	0.992	0.815	0.882	1.054	0.711	0.949	0.736	0.612	0.700	
0.946	1.478	1.084	0.977	1.241	1.585	1.152	1.059	0.898	0.894	0.779	0.696	0.732	0.822	0.657	
1.043	0.434	0.941	1.434	1.428	1.508	0.870	1.659	0.850	0.925	0.951	0.988	0.750	0.620	0.600	
0.637	2.817	1.160	0.870	1.251	1.167	1.086	0.729	1.063	0.578	0.823	0.727	0.767	0.598	0.728	
0.623	1.182	1.428	1.337	1.310	1.533	0.979	0.685	0.800	0.823	1.089	0.953	0.895	0.642	0.720	
1.451	0.777	1.472	1.078	1.396	1.068	1.085	0.856	0.926	1.247	0.713	0.757	0.944	0.626	0.604	
1.008	1.238	1.352	1.271	0.852	0.762	1.079	1.665	1.064	0.830	0.840	0.857	0.891	0.662	0.631	
1.070	0.934	0.972	1.477	1.288	0.885	1.342	1.006	0.811	1.034	1.241	0.864	0.655	0.808	0.613	
0.676	1.052	1.135	1.267	1.289	1.831	1.046	0.936	0.882	0.949	0.922	1.018	0.596	0.764	0.637	
1.202	1.066	0.645	1.084	1.330	1.594	1.359	1.283	1.101	0.831	0.785	0.892	0.582	0.642	0.606	
1.262	1.892	1.293	1.355	1.094	1.030	0.977	0.758	1.210	0.766	0.742	0.628	0.784	0.594	0.615	
0.895	1.428	0.941	1.524	1.545	1.310	1.022	1.158	0.984	0.535	0.889	0.674	0.809	0.625	0.661	
1.496	1.005	1.053	1.450	0.766	1.087	1.034	1.293	0.938	0.750	0.942	1.106	0.773	0.654	0.654	
1.234	1.060	0.716	1.015	1.718	1.332	1.597	0.773	0.938	0.845	0.587	0.868	0.895	0.787	0.632	
1.220	0.951	1.209	1.206	1.117	1.907	0.927	0.824	0.727	0.887	0.748	1.283	0.772	0.645	0.577	
1.536	0.962	0.970	1.160	1.358	2.031	0.685	0.862	0.802	0.781	0.963	0.609	0.900	0.775	0.606	
0.992	0.517	1.339	1.974	2.156	0.828	1.154	0.945	0.748	0.985	0.762	0.807	0.621	0.593	0.580	
0.503	1.385	0.917	1.539	1.183	1.170	0.996	1.620	1.194	0.765	0.686	0.788	0.737	0.907	0.611	
1.366	1.025	1.312	1.389	0.801	1.064	1.570	0.700	0.818	1.164	0.576	0.749	0.959	0.842	0.663	
0.396	1.949	1.220	1.407	1.310	1.217	1.063	1.206	0.666	1.017	0.837	0.556	0.602	0.900	0.654	
0.847	1.106	2.049	1.058	1.196	1.315	1.036	0.763	1.122	0.889	0.624	0.850	0.692	0.849	0.602	
0.711	1.178	1.383	1.193	1.592	1.436	0.929	1.195	1.245	0.821	0.738	0.621	0.757	0.632	0.569	
1.516	0.698	0.553	1.747	1.887	0.944	0.980	0.786	1.008	1.151	0.558	0.825	0.824	0.884	0.638	
1.684	0.685	1.171	1.136	1.409	1.011	0.987	0.867	1.240	0.831	0.953	0.733	0.803	0.858	0.632	
1.802	0.501	1.362	1.790	1.369	0.933	0.936	0.820	0.554	0.780	0.795	1.104	0.719	0.801	0.732	
0.807	1.127	0.976	1.671	1.122	1.350	1.422	0.694	0.844	0.973	0.955	1.045	0.760	0.652	0.603	
1.330	0.772	0.779	2.296	1.073	0.989	0.876	1.305	1.112	0.855	0.782	0.780	0.752	0.646	0.654	
0.535	1.094	1.320	1.324	1.591	1.412	1.111	1.004	1.105	0.936	0.794	0.564	0.732	0.857	0.622	
1.463	0.823	0.838	1.402	1.185	0.805	1.183	1.519	0.728	0.992	1.149	0.714	0.948	0.644	0.607	
2.299	0.890	0.605	1.346	1.441	0.924	0.873	0.931	1.063	0.595	0.592	0.873	1.040	0.866	0.662	
1.284	0.838	1.002	1.216	1.452	0.891	1.547	0.877	1.447	0.915	0.783	0.621	0.767	0.764	0.596	
0.948	0.635	2.189	0.850	1.122	1.250	1.292	0.983	0.849	0.970	0.861	0.763	0.836	0.798	0.651	
0.976	1.026	1.483	1.719	1.520	1.113	0.856	0.590	0.914	1.193	0.879	0.770	0.732	0.620	0.610	
0.771	1.206	1.922	1.257	1.222	1.023	0.926	0.866	1.008	0.974	0.757	1.041	0.765	0.633	0.629	
1.637	1.798	1.001	0.910	0.687	1.020	1.116	0.937	1.460	0.906	0.757	0.762	0.640	0.719	0.651	
0.525	1.373	1.061	1.619	1.665	1.075	0.648	0.894	0.650	1.280	1.100	0.996	0.626	0.829	0.659	
1.111	1.130	1.481	1.470	1.326	1.375	0.992	0.869	0.953	0.736	0.695	0.624	0.954	0.648	0.636	
1.256	0.714	1.288	2.118	0.947	1.108	0.985	1.035	0.915	1.014	0.572	0.706	1.062	0.632	0.648	
1.187	1.158	1.221	1.144	1.172	1.440	1.234	0.962	0.875	1.074	0.795	0.720	0.737	0.640	0.640	
1.147	1.503	0.943	1.476	0.969	0.841	0.894	1.093	1.026	1.247	1.177	0.782	0.636	0.624	0.642	
1.017	0.840	1.054	1.157	1.617	1.527	1.178	1.326	0.783	0.794	0.754	0.726	0.801	0.797	0.629	
1.051	0.747	0.864	1.964	1.883	0.670	1.255	0.917	0.948	0.770	0.930	0.765	0.928	0.687	0.621	
1.883	0.937	1.055	1.336	1.175	1.137	0.715	1.301	0.933	0.823	0.778	0.817	0.827	0.658	0.625	
0.921	0.673	0.782	1.578	2.622	0.982	0.823	1.295	1.007	0.910	0.810	0.579	0.735	0.652	0.633	
0.751	1.183	0.808	1.699	1.274	1.012	1.263	1.453	0.976	0.910	0.754	0.744	0.715	0.808	0.651	
1.733	1.204	1.137	0.935	0.792	1.590	1.013	0.824	0.932	0.802	1.223	0.941	0.618	0.623	0.632	
1.072	0.887	1.374	1.577	1.444	1.588	0.749	0.934	0.866	0.810	1.070	0.553	0.872	0.672	0.532	
0.540	1.414	1.311	1.454	1.271	0.879	0.972	1.037	1.029	1.130	1.134	0.813	0.779	0.624	0.613	
0.631	0.709	1.132	2.070	1.146	1.125	0.956	1.169	1.567	0.822	0.913	0.666	0.591	0.829	0.673	
0.968	1.590	1.371	1.544	0.945	0.773	1.007	1.516	0.960	0.918	0.796	0.774	0.646	0.591	0.600	
1.211	1.133	0.620	2.127	1.049	1.253	1.234	0.717	0.900	0.938	0.750	0.792	0.640	0.983	0.652	
1.322	1.992	0.409	1.072	1.027	1.325	1.232	1.063	1.175	0.761	0.999	0.636	0.816	0.593	0.577	
0.720	1.125	0.960	1.708	1.204	1.370	0.979	1.475	1.042	0.756	1.116	0.690	0.619	0.638	0.598	
1.341	0.784	1.324	1.184	1.760	0.866	1.371	0.976	0.791	0.822	0.871	0.744	0.745	0.699	0.722	
1.151	0.675	1.453	1.048	0.892	1.407	1.167	1.628	0.870	1.325	0.711	0.610	0.815	0.634	0.616	
1.007	1.132	1.377	2.004	1.132	0.836	0.779	1.201	1.164	0.824	0.685	0.990	0.636	0.590	0.642	
1.338	1.105	1.400	1.188	1.569	0.920	1.247	0.909	0.781	1.097	0.873	0.803	0.592	0.621	0.558	
1.145	1.676	0.602	1.434	1.439	1.109	0.704	0.961	0.932	0.766	1.499	0.748	0.554	0.799	0.633	
0.837	0.911	1.486	1.210	1.546	1.171	1.132	1.069	0.927	0.930	0.942	0.789	0.799	0.637	0.615	
1.102	1.329	0.899	1.306	1.214	1.428	0.971	1.214	0.776	1.019	0.756	0.931	0.836	0.637	0.584	
0.788	1.404	0.481	1.613	1.632	1.112	1.069	1.263	0.813	0.844	0.809	0.574	1.362	0.613	0.624	
1.484	0.889	1.556	1.145	0.813	1.603	1.370	0.813	0.971	0.781	0.878	0.672	0.770	0.654	0.600	
1.266	1.533	1.105	1.721	0.731	1.273	0.932	0.651	1.014	1.023	0.863	0.627	0.769	0.811	0.680	
1.215	1.384	0.615	1.009	1.687	1.130	1.181	1.133	1.059	0.682	0.956	0.934	0.627	0.756	0.633	
0.618	1.422	1.063	1.562	1.118	1.657	1.235	0.985	0.550	0.761	0.763	0.960	0.834	0.836	0.636	
0.744	1.117	1.916	1.537	1.138	0.838	1.195	1.128	0.819	0.957	0.787	0.603	0.977	0.596	0.648	
0.706	1.136	1.270	1.396	1.085	1.313	1.117	1.025	0.953	1.397	0.813	0.792	0.650	0.753	0.595	
0.762	0.575	1.459	1.709	1.514	1.370	0.804	1.551	0.700	0.826	0.796	0.929	0.777	0.613	0.615	
1.013	1.790	1.137	0.930	1.062	0.766	0.992	1.464	0.750	1.097	1.166	0.768	0.819	0.590	0.655	
0.749	0.630	1.146	1.350	1.696	1.663	1.127	1.045	1.280	0.727	0.685	0.785	0.701	0.787	0.630	
0.933	0.677	1.259	2.173	1.266	1.058	1.390	0.900	0.664	0.733	0.881	0.812	0.674	0.944	0.637	
1.202	1.552	0.851	1.459	1.553	1.236	0.756	0.872	0.856	0.799	1.075	0.858	0.571	0.719	0.640	
0.789	0.904	1.236	1.245	0.983	1.531	1.206	1.263	1.377	0.732	0.933	0.933	0.616	0.623	0.629	
1.050	1.266	1.307	0.921	1.533	1.005	1.025	1.122	1.064	0.904	0.916	0.772	0.799	0.651	0.664	
0.518	1.414	1.462	1.392	1.011	1.085	1.100	1.713	0.786	0.585	0.689	0.800	0.818	0.957	0.670	
1.649	1.523	0.769	1.576	1.141	1.459	1.033	0.545	0.790	0.714	0.850	0.698	0.790	0.783	0.679	
1.400	0.897	0.906	0.915	1.747	1.313	0.999	0.765	1.172	1.126	0.885	0.726	0.892	0.622	0.636	
1.751	1.675	1.458	1.003	0.801	1.147	0.810	1.027	0.827	0.717	1.099	0.715	0.729	0.631	0.611	
0.997	1.904	1.195	1.037	0.862	1.381	1.340	0.960	0.719	0.716	0.894	0.911	0.829	0.626	0.629	
1.019	0.720	0.677	1.682	1.073	1.342	1.166	0.889	1.297	0.818	1.152	0.833	0.863	0.735	0.734	
0.791	1.594	0.487	2.404	0.877	1.164	1.800	0.644	0.773	1.092	0.701	0.635	0.614	0.781	0.644	
1.141	0.878	1.550	1.049	1.060	0.973	0.849	1.144	1.476	0.920	0.609	1.328	0.752	0.679	0.594	
1.727	0.852	1.034	1.660	1.056	1.062	1.140	0.880	1.200	0.764	0.623	0.753	0.844	0.757	0.647	
0.641	0.810	1.442	1.398	1.428	1.117	1.679	1.037	0.939	0.563	0.671	0.970	0.821	0.790	0.693	
1.285	1.023	1.184	1.415	1.292	0.955	1.092	0.921	0.583	1.085	1.057	1.036	0.796	0.634	0.643	
1.103	0.997	1.122	1.709	1.732	1.404	0.849	0.925	0.705	0.931	0.903	0.801	0.657	0.618	0.543	
1.624	0.963	1.425	0.945	1.623	0.904	0.734	1.155	0.979	0.886	0.818	0.624	0.886	0.772	0.662	
1.407	2.303	1.025	1.027	0.631	0.733	1.014	0.794	1.045	0.862	1.110	0.748	0.733	0.904	0.664	
1.743	0.800	0.561	1.971	0.826	0.986	0.923	1.188	1.282	0.565	1.092	0.636	0.874	0.921	0.632	
1.151	1.522	0.995	1.631	1.180	0.706	0.851	1.546	0.624	1.196	0.892	0.790	0.703	0.599	0.615	
0.530	1.110	1.481	1.250	1.216	0.977	1.441	1.335	0.751	0.781	1.150	0.763	0.977	0.627	0.610	
0.602	1.127	0.847	1.746	1.212	1.029	1.702	1.243	1.248	0.729	0.721	0.842	0.768	0.564	0.621	
0.912	1.019	1.421	1.390	1.492	0.948	1.103	0.897	0.902	0.920	0.808	0.974	0.806	0.762	0.646	
1.434	0.740	1.053	1.205	1.525	1.314	0.825	1.138	1.236	0.710	0.803	0.967	0.611	0.775	0.663	
1.263	1.039	1.234	1.497	0.737	1.206	0.968	0.979	1.154	0.835	0.951	1.046	0.588	0.826	0.677	
1.060	1.888	0.547	1.837	1.308	0.603	1.289	1.030	0.709	1.172	0.695	0.812	0.720	0.678	0.651	
0.501	1.312	0.870	1.792	1.298	1.354	1.748	1.118	0.728	0.541	0.828	0.562	0.777	0.938	0.632	
0.572	1.049	1.359	1.643	1.551	0.677	0.919	1.063	0.796	1.155	1.246	0.845	0.829	0.648	0.648	
1.167	1.372	1.147	1.051	0.924	1.347	1.212	0.989	1.403	0.742	0.864	0.606	0.750	0.787	0.639	
1.540	0.819	1.156	1.158	1.173	0.729	1.884	0.665	0.943	1.122	0.741	0.928	0.866	0.631	0.644	
1.022	0.791	0.901	1.906	1.487	1.738	0.676	1.018	1.089	0.897	0.874	0.598	0.612	0.777	0.616	
2.012	1.222	0.753	0.845	0.972	1.530	0.868	0.776	1.118	0.747	1.066	0.864	0.831	0.747	0.650	
1.494	1.485	0.592	1.218	1.427	1.177	1.384	0.903	0.750	0.931	0.724	0.815	0.633	0.850	0.616	
0.711	1.010	0.892	1.145	1.390	1.649	0.883	1.341	1.441	1.227	0.722	0.759	0.623	0.583	0.625	
0.975	1.070	1.417	0.993	1.295	1.519	0.963	0.935	1.065	0.970	0.751	0.996	0.678	0.733	0.639	
0.814	0.917	0.797	2.105	1.791	0.648	1.271	1.138	0.945	0.806	0.944	0.794	0.798	0.609	0.623	
0.396	0.940	1.471	1.799	1.189	1.048	1.574	1.051	1.073	0.553	0.951	0.777	0.724	0.815	0.639	
1.592	1.157	0.889	1.365	1.168	1.075	1.177	0.922	1.370	0.814	0.848	0.597	0.627	0.736	0.664	
0.927	1.143	0.989	2.260	1.274	1.174	1.007	0.717	0.733	0.985	1.028	0.619	0.716	0.799	0.627	
1.144	0.880	0.814	1.683	1.039	1.334	1.346	1.587	0.744	0.732	0.716	0.818	0.767	0.753	0.642	
1.294	1.030	0.964	1.586	1.129	1.173	1.055	0.893	0.868	0.956	1.201	0.811	0.776	0.619	0.643	
0.986	1.144	1.036	1.187	1.363	1.200	1.613	1.069	1.076	0.783	0.759	0.620	0.777	0.749	0.639	
1.784	0.819	1.251	1.536	1.009	1.047	1.153	0.942	0.790	0.957	0.901	0.600	0.795	0.805	0.611	
0.484	0.986	1.187	0.865	1.947	1.887	0.952	1.078	0.878	0.711	1.041	1.099	0.680	0.592	0.614	
1.149	1.402	1.225	1.259	0.770	1.333	1.277	0.736	0.794	1.266	0.745	0.760	0.813	0.799	0.671	
1.063	1.467	1.166	1.273	0.796	1.308	1.297	0.936	0.909	1.065	0.933	0.766	0.775	0.626	0.619	
1.507	1.613	0.850	0.946	1.620	0.769	1.091	1.257	0.789	0.807	0.799	0.963	0.535	0.760	0.693	
0.978	0.832	1.108	1.508	1.663	0.669	1.210	1.095	1.579	0.732	0.700	0.759	0.941	0.628	0.600	
1.437	0.816	0.943	1.317	1.684	0.987	0.903	1.301	0.916	1.145	0.840	0.732	0.754	0.611	0.614	
1.741	0.759	0.921	0.786	1.216	1.258	1.450	1.048	1.213	0.938	0.728	0.957	0.620	0.734	0.631	
1.734	0.947	1.340	1.672	0.847	1.050	0.936	1.050	0.740	0.929	0.944	0.780	0.761	0.621	0.650	
0.631	1.214	1.193	1.914	1.091	1.291	0.940	0.875	0.802	1.285	0.805	1.050	0.653	0.653	0.602	
1.118	1.260	1.402	1.090	1.352	1.224	0.747	0.912	1.162	1.138	0.746	0.753	0.714	0.708	0.674	
0.634	1.781	1.160	1.447	1.084	1.034	1.162	1.120	0.849	0.803	0.858	0.781	0.798	0.833	0.656	
1.300	1.261	1.028	1.611	0.997	1.128	0.720	1.644	0.927	0.971	0.607	0.615	0.853	0.709	0.629	
0.663	1.247	0.876	2.128	1.451	0.868	0.838	0.977	0.936	0.804	0.920	0.730	1.003	0.915	0.643	
1.397	1.980	1.048	1.122	1.109	0.741	1.360	0.719	0.797	1.077	0.713	0.754	0.735	0.829	0.618	
0.956	1.571	1.127	1.209	1.244	1.390	1.485	0.874	0.675	0.699	0.856	0.752	0.721	0.791	0.650	
1.416	1.051	1.193	1.214	1.986	0.766	0.705	1.023	0.634	0.947	0.892	0.944	0.753	0.835	0.643	
1.040	1.659	1.563	1.304	1.015	0.849	0.728	1.484	0.717	0.736	0.914	0.775	0.730	0.818	0.667	
1.202	0.719	1.274	1.559	1.361	1.533	0.775	0.683	0.660	1.371	0.853	0.891	0.658	0.814	0.648	
0.376	1.377	0.435	2.627	1.198	1.436	0.848	1.047	0.529	1.170	0.978	0.919	0.562	0.907	0.591	
1.032	0.837	1.466	1.838	1.407	0.909	0.944	1.060	0.850	0.892	1.033	0.715	0.608	0.757	0.652	
0.815	1.170	1.996	1.075	0.942	1.031	1.379	1.119	0.857	1.183	0.736	0.817	0.641	0.603	0.637	
1.200	0.999	1.173	1.096	1.055	0.908	1.079	0.970	1.157	1.140	1.044	0.959	0.768	0.782	0.670	
1.574	0.757	1.570	0.837	1.513	1.143	0.659	0.852	0.742	1.099	0.784	0.873	1.068	0.885	0.644	
1.031	1.267	0.893	1.225	1.428	1.639	1.112	1.144	0.807	1.017	0.820	0.744	0.658	0.594	0.620	
1.453	1.276	0.817	1.157	1.708	0.899	0.833	0.872	0.842	1.284	0.793	0.989	0.777	0.665	0.635	
0.947	1.618	1.245	1.109	1.195	1.143	0.713	0.768	1.212	1.170	0.776	0.656	0.773	1.022	0.655	
1.165	0.451	2.335	0.870	1.236	1.653	1.202	0.739	0.815	0.884	0.774	0.766	0.824	0.599	0.686	
0.993	1.513	1.007	1.039	1.191	1.327	0.939	1.241	0.717	0.714	1.267	0.862	0.771	0.745	0.674	
0.709	1.877	0.766	0.934	1.811	1.302	1.072	0.933	0.653	1.250	0.908	0.907	0.659	0.638	0.581	
1.143	1.247	1.182	1.205	1.772	0.728	1.444	0.949	0.749	0.737	0.910	0.902	0.597	0.795	0.640	
0.808	1.646	0.705	1.274	1.718	1.012	0.832	1.213	1.462	0.975	0.782	0.777	0.631	0.583	0.583	
0.896	1.729	0.584	2.020	0.985	0.878	1.001	0.809	1.279	0.814	0.890	0.938	0.704	0.816	0.657	
1.559	0.923	1.315	1.956	0.720	1.042	1.054	0.709	0.852	1.055	1.059	0.710	0.747	0.675	0.624	
0.755	0.564	1.888	0.841	1.314	0.930	1.323	1.264	1.142	0.772	1.075	0.793	0.971	0.724	0.643	
0.486	1.121	1.223	1.342	1.453	1.526	1.223	1.268	1.205	0.711	0.877	0.794	0.575	0.560	0.636	
0.482	0.994	1.465	1.828	1.163	1.322	0.956	0.721	1.491	0.759	1.082	0.588	0.916	0.625	0.606	
0.912	0.519	1.505	1.889	1.159	1.276	1.311	0.982	0.927	0.965	0.773	0.586	0.676	0.873	0.645	
1.065	0.879	1.073	1.238	1.626	1.536	0.730	1.192	0.813	1.090	0.758	0.763	0.775	0.820	0.639	
1.245	1.272	1.023	1.074	1.059	1.512	1.134	0.719	1.117	1.050	0.717	0.857	0.782	0.798	0.642	
1.137	1.033	1.155	1.735	1.124	1.394	1.001	0.951	0.745	1.120	0.947	0.756	0.632	0.643	0.628	
1.290	0.820	1.268	0.921	1.505	1.093	1.067	1.099	0.890	1.092	0.799	0.901	0.791	0.802	0.664	
1.563	0.934	0.872	1.273	1.878	1.253	1.104	1.039	0.791	0.771	0.806	0.793	0.741	0.540	0.642	
0.461	0.985	1.640	1.999	1.228	1.315	0.839	1.064	0.575	0.949	1.149	0.780	0.796	0.588	0.633	
1.094	1.414	0.748	1.053	1.996	1.480	0.879	0.946	1.138	0.752	0.738	0.803	0.718	0.606	0.635	
0.801	1.158	2.276	1.004	1.002	0.901	0.626	1.040	1.309	0.911	0.933	0.914	0.802	0.679	0.646	
1.398	0.627	1.505	1.262	1.303	1.892	0.666	1.132	0.984	0.529	0.635	0.691	0.927	0.811	0.637	
1.064	1.202	1.114	1.561	0.908	0.941	0.987	1.174	1.451	0.750	0.732	0.834	0.818	0.794	0.671	
0.773	0.673	0.958	2.216	1.190	1.143	1.460	1.212	0.930	0.707	0.908	0.729	0.862	0.579	0.661	
0.931	0.897	1.998	1.131	0.905	0.954	1.173	1.554	0.914	0.723	0.803	0.888	0.844	0.642	0.643	
0.872	0.873	1.636	1.297	1.047	0.852	1.028	1.528	1.274	0.699	0.751	1.019	0.887	0.621	0.618	
0.862	1.627	1.062	1.294	1.287	1.459	0.855	1.151	0.735	0.738	0.807	0.703	0.878	0.881	0.661	
0.645	0.894	1.763	2.581	1.084	1.014	0.825	0.818	0.897	0.908	1.005	0.614	0.626	0.705	0.622	
0.949	1.145	0.718	1.464	1.634	1.716	1.090	0.937	0.535	0.975	0.927	0.912	0.730	0.639	0.629	
1.113	1.126	1.872	1.422	1.116	1.029	0.789	0.910	1.490	0.806	0.696	0.788	0.641	0.599	0.603	
1.802	0.733	1.024	1.516	0.950	1.151	1.562	0.716	0.929	0.657	1.033	0.960	0.621	0.710	0.637	
0.425	0.727	1.569	1.743	1.535	1.114	0.898	0.891	1.171	1.080	0.570	1.131	0.872	0.595	0.679	
0.973	0.880	1.035	0.882	1.158	1.665	1.813	0.854	1.300	0.841	0.890	0.811	0.608	0.652	0.638	
1.092	0.953	1.467	1.368	1.055	1.369	0.854	1.336	1.054	0.739	0.813	0.703	0.780	0.786	0.630	
0.916	1.474	0.969	1.574	1.545	1.267	0.928	0.775	0.718	0.732	1.561	0.578	0.804	0.563	0.596	
0.990	0.729	1.656	1.451	2.193	1.157	0.895	0.729	0.762	0.793	1.080	0.773	0.616	0.599	0.576	
0.961	1.319	1.127	2.245	0.810	1.271	0.860	1.056	0.791	0.916	0.824	0.593	0.773	0.801	0.652	
1.248	1.497	0.850	0.999	1.244	2.258	0.966	0.922	0.886	0.734	0.638	0.757	0.716	0.628	0.657	
1.864	0.496	1.246	1.041	1.298	1.405	1.367	0.756	0.985	0.669	0.829	0.804	0.853	0.701	0.686	
1.389	1.462	0.986	1.220	0.842	1.085	1.154	1.205	0.951	1.052	0.761	0.623	0.824	0.784	0.662	
0.742	1.207	1.819	0.976	0.876	1.902	1.042	1.054	1.026	1.137	0.587	0.586	0.731	0.694	0.622	
1.630	1.042	1.088	1.316	1.040	1.107	0.789	1.043	1.220	0.919	1.059	0.721	0.585	0.784	0.656	
0.785	1.309	1.112	1.014	1.341	1.246	1.307	1.331	1.003	1.023	0.856	0.779	0.620	0.639	0.635	
2.069	0.882	1.253	1.269	1.305	1.306	0.786	0.699	0.900	0.758	0.831	0.693	0.819	0.803	0.627	
1.624	0.875	1.363	1.693	1.431	0.999	0.914	0.939	0.893	0.792	0.939	0.689	0.637	0.607	0.605	
1.326	0.993	0.820	1.509	1.469	0.760	1.743	1.189	0.925	0.819	0.766	0.780	0.643	0.612	0.646	
1.311	0.866	1.806	1.460	1.295	1.014	1.551	0.735	0.582	0.805	0.933	0.662	0.757	0.635	0.588	
1.089	1.322	1.013	1.061	1.276	1.951	1.038	0.678	0.955	0.974	0.856	0.703	0.632	0.824	0.631	
1.076	0.805	0.746	1.402	2.530	1.158	1.243	0.926	0.986	0.807	0.839	0.751	0.647	0.499	0.586	
1.600	1.227	1.198	0.970	1.078	1.321	1.310	0.998	0.786	0.750	0.807	0.802	0.940	0.586	0.628	
1.488	0.784	0.711	1.121	1.506	1.233	1.453	1.186	0.742	0.754	0.821	0.970	0.970	0.575	0.686	
1.457	0.907	1.288	2.161	0.920	1.335	0.824	0.781	0.988	0.955	0.810	0.737	0.567	0.641	0.630	
0.499	0.470	1.561	2.167	1.117	1.267	1.388	1.130	0.814	0.906	0.859	0.773	0.703	0.739	0.608	
1.398	0.887	0.772	1.857	1.002	1.080	1.563	0.892	1.018	0.889	0.785	0.635	1.016	0.595	0.610	
0.992	0.841	0.388	2.093	1.637	0.902	0.942	1.019	0.892	0.996	1.319	0.739	0.588	0.987	0.668	
1.041	1.093	0.482	1.484	1.745	1.181	0.992	0.872	0.871	1.574	0.685	0.698	0.870	0.609	0.804	
0.678	0.737	1.782	1.184	2.504	0.915	1.024	0.855	0.811	0.805	0.818	0.865	0.742	0.653	0.628	
0.634	0.984	1.434	1.240	1.614	1.272	0.963	1.305	1.235	0.808	0.590	0.818	0.734	0.723	0.646	
0.426	0.716	1.853	1.661	1.739	1.054	0.998	1.102	0.945	0.759	0.802	0.642	0.872	0.620	0.811	
1.125	1.576	1.150	1.371	1.443	1.475	0.738	0.755	0.699	0.901	0.931	0.800	0.787	0.631	0.619	
1.368	1.072	1.775	0.945	1.358	0.934	0.756	0.930	0.976	0.744	1.083	0.748	0.828	0.819	0.663	
0.949	0.917	0.299	2.103	2.316	1.003	0.825	0.911	0.909	0.923	0.880	0.849	0.617	0.755	0.744	
1.116	1.461	0.853	1.744	1.640	0.818	0.665	0.944	0.822	1.072	0.962	0.829	0.818	0.625	0.632	
0.846	1.244	1.767	1.550	0.719	1.115	1.096	0.939	1.092	0.926	1.068	0.627	0.676	0.690	0.645	
1.024	0.885	1.472	1.050	1.411	1.009	1.131	1.324	0.816	0.844	0.804	0.939	0.823	0.844	0.624	
1.236	1.018	0.911	1.716	1.278	1.336	1.415	0.755	0.826	0.734	0.790	0.799	0.907	0.681	0.600	
0.739	0.821	1.526	1.483	1.011	1.872	1.156	0.859	0.757	0.792	1.441	0.647	0.506	0.739	0.651	
0.966	1.027	1.243	2.135	1.147	0.973	0.979	1.082	1.026	0.977	0.744	0.648	0.835	0.595	0.625	
1.533	1.037	1.269	1.246	0.927	1.329	1.350	1.040	1.026	0.738	0.800	0.599	0.847	0.633	0.626	
1.112	1.133	0.923	1.602	1.186	0.920	1.268	1.444	0.879	1.138	0.704	0.633	0.834	0.630	0.593	
1.142	1.127	0.675	0.995	1.963	1.315	0.898	1.137	1.382	0.836	0.743	0.720	0.763	0.698	0.608	
1.914	1.209	1.366	1.054	1.613	1.092	0.726	0.802	0.708	0.953	0.871	0.588	0.828	0.633	0.641	
0.934	0.693	2.078	1.331	1.258	1.398	0.690	0.866	1.369	0.658	0.883	0.718	0.633	0.839	0.650	
1.889	1.397	0.655	0.956	1.236	1.213	1.390	0.951	0.908	0.820	0.618	0.951	0.569	0.796	0.650	
0.923	1.699	0.583	1.498	0.947	1.249	0.940	1.184	0.995	1.072	0.819	0.747	0.880	0.789	0.677	
1.397	0.861	1.557	1.708	1.430	0.877	1.016	0.857	0.868	0.757	0.776	0.771	0.885	0.600	0.640	
2.054	0.911	1.268	1.360	1.091	0.986	1.309	0.799	0.817	0.760	1.043	0.766	0.619	0.604	0.613	
0.924	1.401	1.616	0.842	1.190	1.309	1.294	0.820	1.300	0.817	0.712	0.726	0.635	0.813	0.603	
1.253	0.954	0.936	1.735	1.192	1.261	1.481	0.780	1.221	0.818	0.642	0.607	0.716	0.782	0.622	
1.656	0.637	0.671	1.310	1.179	1.586	0.873	1.058	0.904	0.896	1.063	0.778	1.123	0.629	0.634	
1.564	1.027	1.114	1.304	0.982	1.205	1.125	0.896	0.958	1.309	0.749	0.761	0.740	0.625	0.641	
0.744	0.542	1.216	1.860	1.550	1.713	1.217	0.633	0.920	0.703	1.008	0.820	0.783	0.596	0.695	
1.015	1.367	0.930	1.612	1.124	0.956	1.053	1.411	0.759	0.797	1.066	0.813	0.611	0.878	0.606	
0.906	0.569	0.615	3.163	1.040	1.156	0.986	1.341	0.815	0.750	0.713	0.942	0.615	0.760	0.631	
1.342	1.053	0.960	1.190	1.470	0.743	1.304	1.053	0.927	1.024	1.132	0.615	0.803	0.757	0.626	
0.933	0.415	1.431	1.879	1.019	1.796	1.035	0.822	0.712	1.288	0.833	0.810	0.628	0.743	0.655	
1.490	1.397	0.616	1.552	1.582	0.714	1.096	0.888	0.771	1.450	0.758	0.571	0.846	0.634	0.635	
0.889	0.935	0.905	2.404	1.171	1.484	1.040	0.700	0.963	0.796	1.022	0.660	0.655	0.727	0.650	
1.034	1.315	1.301	1.409	0.797	0.968	0.993	1.391	0.883	1.512	0.639	0.789	0.776	0.547	0.647	
1.163	0.783	1.270	1.489	1.690	1.042	0.859	0.779	0.877	1.053	0.898	1.005	0.788	0.623	0.680	
1.414	1.246	0.474	1.538	1.286	1.255	1.037	1.112	1.144	1.034	0.679	0.779	0.790	0.597	0.615	
0.639	1.251	1.238	1.613	1.411	1.137	0.973	1.222	0.842	0.991	0.786	0.779	0.746	0.718	0.654	
1.004	0.842	1.700	0.935	1.561	1.621	0.777	1.173	0.632	0.788	0.856	0.912	0.710	0.831	0.659	
0.576	1.263	1.973	0.980	1.394	0.754	1.557	0.793	0.842	0.560	1.139	0.955	0.699	0.886	0.631	
0.690	1.355	1.301	1.068	2.020	0.866	1.002	0.765	1.216	0.927	0.763	0.935	0.789	0.652	0.650	
1.136	2.116	0.891	0.981	0.906	1.199	0.873	1.228	0.792	1.100	0.875	1.046	0.559	0.649	0.649	
0.862	0.635	1.510	2.258	1.014	0.688	1.134	0.936	1.062	0.915	1.073	0.658	0.807	0.748	0.702	
1.089	1.171	0.918	1.465	1.413	1.256	0.900	0.882	0.917	1.296	1.093	0.636	0.735	0.637	0.592	
0.748	0.824	1.617	1.471	1.278	1.013	1.341	0.882	0.791	1.176	0.806	0.789	0.779	0.826	0.660	
1.317	0.815	1.575	1.337	1.201	0.863	1.156	0.948	1.055	0.937	0.712	0.954	0.812	0.650	0.668	
0.793	0.874	1.306	1.577	1.714	1.719	0.682	1.023	0.779	0.749	0.940	0.791	0.793	0.632	0.630	
0.479	1.805	1.288	0.773	0.884	1.583	1.123	1.013	0.856	1.089	1.110	0.949	0.807	0.610	0.632	
1.436	1.418	0.704	0.767	0.975	1.189	1.079	0.937	1.090	0.820	1.378	0.918	0.833	0.785	0.671	
0.811	1.019	0.803	1.647	1.545	1.622	0.970	0.912	1.404	0.817	0.628	0.718	0.675	0.788	0.643	
0.618	1.365	1.702	1.484	1.169	1.051	0.971	1.069	0.912	0.957	0.835	0.752	0.696	0.826	0.594	
1.006	1.560	1.168	1.169	1.131	1.155	1.332	1.138	0.720	1.044	0.757	0.990	0.597	0.599	0.635	
0.802	1.211	0.978	1.348	2.097	1.161	0.884	0.789	1.168	0.948	0.997	0.788	0.579	0.626	0.624	
0.551	1.632	1.131	2.065	1.262	0.720	1.468	0.814	1.034	0.680	0.720	0.878	0.781	0.615	0.649	
1.124	0.892	1.245	1.359	1.958	1.447	0.912	1.078	0.560	0.925	0.755	0.760	0.739	0.624	0.622	
2.105	0.973	0.630	1.244	0.831	0.816	0.971	0.660	1.134	1.280	1.053	0.796	0.975	0.898	0.636	
1.670	1.227	1.099	1.113	1.391	1.310	1.181	0.586	0.766	0.905	0.784	0.984	0.645	0.716	0.625	
1.273	1.458	1.099	1.302	1.119	0.906	1.100	0.971	0.804	1.174	0.775	0.957	0.645	0.782	0.634	
1.408	0.900	1.384	1.266	1.233	1.117	0.962	1.225	0.837	1.227	0.821	0.736	0.633	0.647	0.604	
0.931	0.896	1.031	1.501	1.223	1.321	1.260	0.791	1.455	1.030	0.793	0.767	0.742	0.632	0.627	
0.766	1.315	0.941	2.207	0.671	1.487	0.804	0.681	1.083	1.098	1.188	0.765	0.771	0.630	0.594	
1.720	0.460	0.739	1.789	1.022	1.074	1.215	1.045	1.103	0.876	0.908	0.772	0.837	0.780	0.660	
1.075	1.111	0.570	1.472	1.580	0.859	1.020	0.959	1.226	1.153	0.872	0.945	0.616	0.874	0.669	
1.253	1.227	1.018	1.081	1.319	1.254	0.732	1.121	1.713	0.743	0.739	0.948	0.606	0.654	0.591	
1.109	0.931	1.163	1.179	1.299	1.334	0.864	0.718	1.375	0.756	0.971	0.965	0.804	0.857	0.675	
1.904	0.700	1.152	1.020	1.441	0.812	1.272	1.175	1.266	0.789	0.802	0.669	0.790	0.576	0.632	
0.734	1.149	1.195	1.280	1.488	1.306	1.369	0.575	0.896	0.903	1.107	0.924	0.609	0.803	0.659	
0.820	1.580	0.861	1.756	0.884	1.590	1.178	0.845	1.133	0.774	0.745	0.795	0.735	0.674	0.630	
1.263	1.012	0.976	2.406	0.829	0.821	1.156	0.776	0.953	1.018	0.796	0.807	0.922	0.647	0.616	
1.206	0.978	0.889	2.005	1.455	1.442	0.833	0.745	1.024	0.741	0.766	0.784	0.698	0.773	0.662	
1.457	0.579	0.954	1.664	1.850	0.882	0.829	1.265	0.596	1.023	1.076	0.805	0.707	0.648	0.663	
1.181	0.970	1.494	1.006	0.950	1.136	1.522	1.295	0.750	0.917	0.977	0.769	0.794	0.615	0.623	
0.562	1.059	1.537	1.602	1.036	1.971	0.959	1.121	0.919	0.794	0.813	0.763	0.667	0.608	0.588	
1.112	1.177	0.689	1.744	1.443	0.967	0.922	1.361	1.047	1.060	0.770	0.654	0.701	0.731	0.623	
1.541	1.088	0.840	0.991	1.295	0.910	0.906	1.337	1.264	1.074	0.738	0.781	0.776	0.819	0.638	
0.869	1.214	1.215	1.099	1.110	1.761	1.576	0.720	1.041	0.751	0.891	0.712	0.826	0.606	0.608	
0.866	1.137	1.806	1.942	0.767	1.160	1.214	0.975	0.868	0.674	0.758	0.743	0.830	0.637	0.623	
1.149	1.207	1.320	1.429	1.196	0.819	1.025	1.169	1.057	0.962	0.851	0.606	0.750	0.785	0.675	
1.044	1.630	1.476	1.680	1.019	1.342	0.681	0.816	0.814	0.815	0.782	0.889	0.766	0.641	0.604	
1.845	1.481	0.959	0.989	1.000	0.743	0.877	1.023	1.224	0.887	1.057	0.849	0.623	0.833	0.611	
1.798	0.868	1.120	0.840	0.764	1.148	1.229	1.528	1.021	0.901	0.778	0.763	0.846	0.764	0.631	
0.934	1.048	1.210	1.110	1.523	1.418	1.281	0.713	0.845	0.828	0.950	0.840	0.874	0.793	0.633	
1.539	0.576	1.439	1.242	1.149	0.950	1.535	1.011	1.181	0.758	0.628	0.714	0.788	0.838	0.652	
1.117	0.619	1.834	0.920	1.373	1.024	1.230	1.486	1.065	0.713	0.600	0.788	0.771	0.817	0.641	
0.956	1.197	1.384	1.565	1.070	1.132	1.358	1.311	0.921	0.740	0.743	0.764	0.622	0.619	0.618	
1.133	0.839	1.087	1.835	1.039	1.182	1.215	0.853	0.701	1.053	1.174	0.717	0.748	0.748	0.673	
0.977	1.014	0.982	1.387	0.938	1.728	1.222	0.588	1.294	0.940	0.989	0.809	0.864	0.620	0.648	
0.672	1.483	0.824	1.598	1.521	0.842	1.293	0.862	0.816	1.099	0.798	0.972	0.779	0.816	0.626	
0.815	0.805	1.915	1.511	0.907	1.224	1.323	0.912	0.939	0.882	0.585	0.935	0.773	0.797	0.678	
0.916	0.765	1.558	1.978	0.850	1.293	0.896	1.116	0.964	0.629	0.982	1.027	0.578	0.807	0.641	
0.779	0.779	0.959	1.563	1.346	1.686	1.125	1.336	0.971	0.917	0.760	0.647	0.883	0.631	0.617	
0.885	1.545	1.105	1.547	1.048	1.441	0.911	0.705	0.929	1.140	0.766	1.002	0.716	0.613	0.647	
1.599	1.613	1.056	0.935	1.258	0.973	0.743	1.104	0.988	0.921	0.845	0.758	0.790	0.750	0.666	
1.203	1.105	0.915	1.114	1.047	2.005	0.844	0.939	0.969	1.110	0.797	0.874	0.648	0.802	0.630	
1.413	0.308	1.033	0.962	1.856	1.570	1.033	1.219	0.910	0.860	0.731	0.877	0.710	0.874	0.643	
0.621	1.886	1.202	1.291	1.350	0.948	0.928	0.932	1.242	0.768	0.867	0.909	0.802	0.642	0.612	
1.678	0.796	1.189	1.114	1.298	0.999	1.330	0.946	0.820	1.178	0.822	0.568	0.724	0.910	0.627	
2.085	0.793	1.163	1.000	0.987	0.917	1.297	0.652	1.003	0.962	0.942	0.587	0.979	0.905	0.729	
2.124	0.527	0.859	1.351	1.064	0.962	1.056	0.718	1.369	1.007	0.863	1.040	0.559	0.824	0.676	
0.917	1.315	1.168	1.773	0.544	1.393	0.968	1.154	0.826	1.203	0.819	0.735	0.904	0.660	0.622	
0.570	0.859	1.313	1.738	1.428	1.053	1.790	1.052	0.723	1.051	0.659	0.685	0.627	0.820	0.631	
1.053	0.811	2.225	0.798	1.935	0.706	0.953	1.178	0.768	0.938	0.734	0.772	0.806	0.694	0.630	
1.456	0.702	0.511	1.943	1.727	1.094	1.297	0.877	0.782	0.900	0.855	0.612	0.674	0.855	0.717	
0.970	1.143	1.186	1.089	1.759	1.485	0.937	1.320	0.993	0.820	0.729	0.599	0.742	0.629	0.600	
1.404	1.375	1.270	1.480	1.117	1.400	0.675	1.029	0.809	0.735	0.742	0.878	0.849	0.610	0.626	
0.632	1.988	1.153	1.389	1.369	0.981	0.892	0.740	0.739	1.163	1.114	0.861	0.758	0.624	0.599	
0.973	1.482	0.780	1.700	1.152	1.606	0.611	1.179	0.806	1.026	0.799	0.698	0.671	0.839	0.678	
0.657	1.249	0.990	2.074	0.803	1.354	1.046	1.182	0.969	0.739	0.724	1.204	0.764	0.622	0.624	
0.940	1.456	0.449	1.361	1.064	1.605	0.859	1.496	1.118	1.110	0.871	0.588	0.800	0.627	0.657	
1.055	1.111	1.201	1.312	1.228	1.066	0.887	0.855	1.258	0.848	1.124	0.859	0.758	0.766	0.672	
1.341	1.642	1.749	1.177	0.986	0.865	1.123	0.702	0.932	0.579	0.946	0.777	0.762	0.816	0.602	
2.050	0.903	0.897	0.779	1.078	1.671	1.009	0.754	0.860	0.960	0.974	0.748	0.633	1.016	0.668	
0.805	0.793	2.059	1.180	1.642	0.817	1.099	0.889	0.952	1.215	0.745	0.750	0.769	0.672	0.611	
2.054	0.987	0.454	1.289	1.328	1.172	0.890	1.191	0.912	1.101	0.700	0.802	0.806	0.652	0.662	
0.786	1.269	1.211	1.215	1.685	0.917	1.057	0.920	1.228	0.648	0.908	0.883	0.968	0.688	0.617	
1.394	1.521	0.823	1.076	1.413	1.379	1.360	0.798	1.034	0.699	0.756	0.731	0.757	0.595	0.664	
1.031	1.186	1.691	0.893	1.239	1.058	0.959	0.813	0.725	1.228	0.941	0.815	0.852	0.896	0.672	
0.888	0.902	1.488	1.544	1.602	1.334	1.120	1.025	0.939	0.636	0.893	0.602	0.737	0.623	0.668	
0.701	1.076	0.867	1.485	1.744	0.820	0.877	1.599	0.965	0.894	1.089	0.853	0.776	0.644	0.611	
0.951	1.015	1.343	1.397	1.766	1.078	0.877	1.265	0.745	0.834	0.762	0.927	0.741	0.609	0.689	
1.804	0.695	1.006	0.890	1.713	0.970	0.918	1.328	0.837	1.219	0.777	0.781	0.610	0.794	0.659	
0.527	1.383	0.699	1.883	1.607	1.537	0.921	0.730	0.737	0.989	1.255	0.584	0.825	0.720	0.602	
1.350	1.378	1.156	1.071	1.180	0.852	1.372	1.193	0.708	0.912	0.815	0.731	0.802	0.825	0.655	
0.900	1.239	1.288	0.915	1.655	1.347	1.212	0.889	0.932	0.757	0.918	0.764	0.742	0.780	0.663	
0.720	1.138	0.964	1.753	1.753	0.907	1.442	0.848	0.919	0.920	0.810	0.804	0.786	0.601	0.633	
1.208	1.197	0.261	1.631	1.895	0.637	1.346	0.761	1.204	1.082	0.990	0.854	0.541	0.745	0.650	
1.479	1.232	1.269	1.061	1.182	1.064	1.031	0.952	1.103	0.856	0.859	0.667	0.798	0.799	0.648	
1.219	1.613	0.691	1.622	1.351	1.045	0.913	0.947	1.272	0.723	0.908	0.631	0.697	0.729	0.638	
0.974	0.808	1.335	0.868	1.477	0.902	1.595	1.096	1.506	0.826	1.051	0.723	0.584	0.622	0.635	
1.233	1.016	0.533	2.326	0.971	1.072	1.307	1.002	1.067	0.685	0.852	0.646	1.090	0.566	0.633	
1.547	0.369	1.634	1.090	1.234	1.045	1.429	1.111	1.224	0.694	0.914	0.812	0.623	0.630	0.645	
1.547	0.728	1.528	1.026	1.231	0.701	1.315	1.234	0.995	1.007	0.559	0.743	0.865	0.852	0.669	
1.306	1.609	0.936	0.959	1.014	1.087	1.352	1.490	0.879	0.797	0.731	0.787	0.784	0.638	0.631	
1.053	0.809	1.181	1.838	1.186	1.059	1.160	1.196	0.736	1.013	0.726	0.770	0.780	0.803	0.689	
1.041	1.028	0.984	2.127	1.363	0.773	1.134	0.921	0.728	1.112	0.918	0.783	0.851	0.618	0.618	
0.985	0.669	1.970	1.385	0.844	0.931	1.228	1.283	1.103	0.767	0.717	0.797	1.074	0.621	0.627	
1.016	0.945	1.940	1.753	1.098	0.746	1.318	1.082	0.588	0.907	0.752	0.867	0.727	0.628	0.634	
1.561	0.909	1.136	1.150	1.803	1.039	1.048	0.770	0.709	0.750	0.567	1.167	1.148	0.646	0.597	
0.614	1.063	1.051	1.540	1.181	1.447	1.641	1.166	0.866	0.715	0.849	0.723	0.872	0.651	0.621	
1.331	0.726	0.757	1.386	1.782	1.032	1.078	1.229	1.131	0.782	1.111	0.652	0.761	0.606	0.635	
0.644	2.015	1.256	1.127	0.987	1.111	1.298	1.175	0.874	1.076	0.591	0.807	0.799	0.619	0.624	
0.789	1.161	0.660	1.037	1.305	1.884	1.531	0.698	1.131	0.763	1.201	1.012	0.619	0.615	0.593	
0.939	1.632	0.578	1.572	1.366	0.965	0.897	0.905	0.759	0.993	0.997	1.215	0.779	0.820	0.583	
1.259	1.029	1.308	1.806	1.014	0.982	0.957	1.050	0.871	0.931	1.011	0.646	0.914	0.626	0.595	
0.776	0.675	2.006	0.877	1.036	1.465	0.869	1.143	1.383	0.735	0.970	0.927	0.904	0.605	0.627	
1.595	0.673	0.697	1.454	1.127	1.382	1.012	0.771	1.164	0.835	1.048	0.977	0.807	0.809	0.651	
1.381	1.196	1.571	1.337	1.007	1.271	0.890	0.741	0.964	0.887	1.134	0.622	0.618	0.762	0.620	
0.908	0.977	0.589	1.958	1.510	1.236	1.051	1.005	0.919	0.747	0.997	0.816	0.807	0.712	0.768	
0.784	0.777	0.986	2.037	1.769	1.238	1.571	0.782	0.720	0.747	0.702	0.600	0.835	0.809	0.643	
1.309	1.174	1.289	1.015	1.540	1.230	0.747	1.064	0.889	0.814	0.736	0.950	0.963	0.644	0.637	
1.059	1.038	1.013	1.652	1.552	1.027	0.912	0.928	0.668	0.923	1.041	0.811	1.062	0.664	0.650	
0.743	0.678	1.271	1.298	1.658	1.532	0.779	0.730	1.352	0.704	1.213	0.910	0.596	0.858	0.677	
1.215	1.393	1.312	0.908	1.230	1.090	1.454	0.963	1.122	0.715	0.709	0.823	0.635	0.809	0.623	
1.987	0.642	0.589	1.509	1.571	1.040	1.450	0.783	0.960	0.742	0.587	0.840	0.801	0.879	0.621	
1.513	1.124	1.732	1.061	1.028	0.940	0.745	1.036	1.265	0.740	0.906	0.626	0.804	0.810	0.670	
1.710	1.169	0.885	1.045	1.228	0.964	1.699	1.032	0.751	0.860	0.717	0.771	0.789	0.750	0.629	
0.540	0.838	1.202	2.322	1.358	1.289	0.890	1.183	0.863	1.064	0.715	0.786	0.746	0.586	0.617	
1.253	1.041	0.469	1.345	2.087	0.937	1.221	1.076	0.887	1.128	0.732	0.812	0.774	0.602	0.637	
1.112	0.698	1.070	1.670	1.136	0.927	1.066	1.297	0.966	0.858	1.037	0.758	1.120	0.662	0.623	
1.188	0.717	1.653	1.140	0.821	0.940	1.217	1.085	1.044	1.162	1.220	0.788	0.709	0.576	0.741	
1.228	0.650	0.948	1.442	1.388	1.716	0.884	1.165	0.803	0.854	0.777	1.046	0.806	0.643	0.649	
1.541	0.722	0.762	1.486	1.573	1.079	0.996	1.583	0.693	1.090	0.708	0.901	0.614	0.651	0.601	
1.737	1.249	0.668	1.277	1.112	1.256	0.672	0.989	1.119	1.410	0.626	0.744	0.795	0.731	0.615	
1.003	1.334	1.095	1.621	0.751	2.015	0.827	0.921	0.909	0.945	0.797	0.782	0.835	0.638	0.526	
1.101	0.766	1.906	0.989	0.853	1.406	1.210	0.965	1.084	1.009	0.789	0.588	0.937	0.743	0.652	
1.267	0.802	1.514	1.455	1.664	0.944	0.738	1.000	0.917	0.770	0.774	0.906	1.014	0.618	0.616	
0.714	1.011	1.539	1.652	0.823	1.217	1.432	0.881	0.873	1.179	0.775	0.831	0.816	0.614	0.644	
0.995	0.861	1.955	1.688	0.893	1.116	0.694	1.132	1.089	0.720	0.963	0.631	0.771	0.885	0.607	
0.794	0.290	1.777	1.898	1.254	0.791	2.041	0.886	0.975	0.704	0.759	0.844	0.792	0.614	0.581	
0.899	1.376	1.582	1.982	0.957	0.739	1.096	0.967	0.762	1.079	0.801	0.746	0.595	0.782	0.635	
2.452	1.319	0.773	0.831	0.869	0.781	0.858	1.171	0.886	1.199	0.889	0.778	0.776	0.804	0.616	
1.236	1.137	0.835	1.539	1.423	0.929	1.353	1.052	0.991	0.831	0.780	0.859	0.781	0.657	0.597	
1.100	1.280	0.974	1.516	1.378	1.710	0.956	1.121	0.953	0.687	0.616	0.756	0.578	0.750	0.626	
1.608	0.695	1.336	1.406	1.324	0.716	0.965	0.917	0.757	1.028	1.087	0.889	0.781	0.828	0.664	
2.322	0.907	0.817	1.414	0.787	1.252	1.226	0.988	0.537	0.906	0.945	0.719	0.899	0.636	0.646	
0.974	1.250	0.643	1.482	1.428	1.387	1.384	1.263	0.854	0.745	0.802	0.877	0.606	0.615	0.691	
1.152	0.704	1.354	1.410	1.939	0.767	0.742	1.184	1.123	1.263	0.567	0.582	0.716	0.832	0.664	
0.754	0.927	0.987	2.636	1.473	1.145	0.728	1.018	0.928	0.760	0.767	1.045	0.636	0.642	0.554	
0.885	2.077	1.108	0.950	1.422	0.909	1.166	0.956	0.887	0.552	0.616	1.105	0.809	0.863	0.694	
1.207	0.940	1.000	1.327	1.329	1.340	0.974	1.694	0.942	0.792	0.735	0.679	0.734	0.651	0.654	
0.374	1.258	1.250	1.268	0.982	0.903	1.302	1.448	1.050	0.912	1.235	0.765	0.790	0.816	0.649	
0.829	1.623	0.628	1.608	1.650	1.034	0.870	1.065	0.975	0.883	0.893	0.689	0.956	0.634	0.663	
0.932	1.371	1.414	1.051	1.463	0.700	1.236	1.161	1.127	0.822	0.688	0.829	0.738	0.789	0.679	
1.147	1.666	1.307	1.205	1.485	0.951	1.090	0.936	0.748	0.921	0.740	0.775	0.751	0.633	0.646	
1.502	1.351	1.191	0.876	1.233	0.903	1.021	1.005	0.830	1.162	0.890	0.994	0.654	0.762	0.627	
1.237	0.968	1.186	1.870	1.086	0.730	1.651	0.976	0.929	0.590	0.934	0.802	0.616	0.819	0.606	
0.358	2.051	0.988	1.548	1.283	0.842	1.423	0.723	0.704	1.119	1.084	0.929	0.733	0.579	0.637	
0.660	1.366	1.092	1.153	1.358	1.351	1.102	0.717	1.420	0.857	0.710	0.940	0.981	0.639	0.654	
1.225	1.060	0.929	1.842	1.122	1.176	1.218	1.045	1.163	0.878	0.574	0.611	0.735	0.779	0.645	
1.516	0.446	1.186	1.753	0.965	0.782	0.747	1.427	1.321	1.080	0.900	0.826	0.637	0.729	0.683	
1.744	1.303	0.727	0.825	1.412	1.435	0.717	1.065	1.003	0.810	0.742	0.928	0.797	0.807	0.685	
1.904	0.520	0.847	1.124	1.286	1.092	0.882	1.719	1.045	0.909	0.795	0.790	0.734	0.714	0.637	
1.021	0.893	1.381	1.695	1.838	0.700	0.877	1.118	0.744	0.859	0.759	0.944	0.765	0.751	0.654	
1.166	1.784	0.833	1.346	0.883	1.580	0.817	1.183	0.735	0.867	0.748	0.864	0.903	0.644	0.645	
1.413	0.954	0.632	2.125	1.232	0.726	1.164	0.857	1.071	1.088	0.731	0.790	0.760	0.803	0.655	
1.010	1.092	0.737	1.937	1.664	1.094	1.109	1.061	0.860	0.842	0.825	0.952	0.661	0.537	0.619	
1.091	1.390	1.637	1.401	1.233	0.989	0.987	0.941	0.853	0.720	0.931	0.737	0.838	0.620	0.632	
1.308	0.515	1.298	0.901	1.535	1.587	1.030	1.124	0.710	0.966	0.788	0.761	0.890	0.924	0.662	
1.025	0.926	1.175	1.695	1.779	0.985	1.140	1.340	0.886	0.732	0.802	0.584	0.701	0.642	0.588	
1.652	0.719	1.363	1.142	0.764	0.844	1.349	1.172	0.991	0.825	1.095	0.903	0.854	0.612	0.714	
0.838	0.527	1.386	1.452	1.053	1.479	1.344	1.192	0.785	1.068	0.756	0.821	0.984	0.608	0.706	
0.914	1.313	1.066	1.201	1.082	1.527	1.529	0.768	1.104	0.712	0.968	0.757	0.811	0.596	0.653	
0.536	1.135	0.931	1.243	1.274	1.784	1.524	0.993	0.780	0.970	0.969	0.721	0.824	0.595	0.721	
2.039	0.644	0.898	1.619	1.262	1.255	0.954	1.051	0.764	0.826	1.061	0.627	0.800	0.573	0.627	
1.434	0.781	0.707	2.104	1.042	1.313	0.866	1.271	0.821	0.665	1.175	0.584	1.063	0.682	0.492	
1.007	1.169	1.176	1.300	0.855	1.486	0.776	1.643	1.138	0.971	0.779	0.751	0.527	0.756	0.666	
0.995	0.851	1.661	1.297	1.393	0.902	1.188	0.851	1.322	0.865	0.988	0.603	0.839	0.642	0.604	
0.567	1.719	1.082	1.226	1.453	1.109	0.868	1.118	1.286	0.858	0.782	0.980	0.563	0.697	0.692	
0.953	1.119	1.618	1.377	1.249	1.029	0.960	1.392	0.975	0.721	0.774	0.881	0.729	0.603	0.621	
1.626	1.497	1.018	1.564	0.808	0.947	0.963	1.190	1.119	0.728	0.827	0.716	0.741	0.655	0.601	
0.387	1.337	0.976	1.791	1.690	1.289	0.727	0.922	0.714	1.631	0.702	0.832	0.752	0.651	0.597	
1.213	0.633	1.148	1.589	1.048	1.048	1.251	1.573	1.101	0.786	0.780	0.527	0.922	0.703	0.679	
1.039	1.477	0.953	1.269	1.380	0.977	0.823	0.946	1.111	1.189	0.776	1.207	0.589	0.643	0.620	
0.916	0.932	1.780	1.483	1.157	0.963	1.307	1.008	1.114	0.724	0.685	0.996	0.592	0.721	0.620	
1.320	1.278	0.484	1.317	1.406	1.422	1.223	0.952	1.304	0.877	0.784	0.709	0.593	0.694	0.639	
0.849	1.954	1.126	1.297	1.446	1.116	0.924	1.180	0.714	0.942	0.790	0.675	0.570	0.773	0.643	
1.462	1.411	1.130	1.427	1.420	1.005	1.093	0.825	0.817	0.828	0.717	0.826	0.595	0.806	0.638	
1.423	1.210	1.107	1.228	1.526	1.293	1.046	0.697	1.063	0.841	0.953	0.617	0.785	0.611	0.600	
1.055	1.149	1.114	1.292	0.920	1.436	1.679	0.844	1.012	0.796	0.631	0.843	0.768	0.799	0.662	
0.955	0.805	1.135	1.999	1.497	1.211	1.368	1.054	0.896	0.746	0.649	0.805	0.782	0.506	0.593	
1.010	0.805	1.267	2.376	1.021	1.082	1.393	0.482	1.034	0.710	0.740	1.070	0.634	0.736	0.640	
1.466	1.175	0.753	1.242	1.439	0.956	1.134	1.313	0.787	1.018	1.102	0.774	0.593	0.626	0.621	
0.461	0.878	1.425	1.434	1.984	1.350	1.096	0.523	1.031	0.919	0.929	0.961	0.600	0.782	0.628	
1.073	1.341	0.724	2.157	1.153	1.373	0.924	1.198	0.759	0.717	0.742	0.737	0.802	0.669	0.630	
0.796	0.765	1.166	1.709	1.819	1.091	0.922	0.793	1.267	0.995	0.994	0.800	0.655	0.642	0.587	
1.488	0.971	1.329	1.326	0.888	1.300	0.929	1.044	1.391	0.810	0.752	0.605	0.740	0.774	0.653	
1.303	1.195	1.015	1.553	1.005	1.003	1.271	0.725	0.895	1.079	0.778	1.067	0.689	0.801	0.623	
1.393	2.050	0.504	1.031	1.557	0.870	1.182	1.077	0.947	0.637	0.840	0.799	0.646	0.884	0.583	
1.009	1.008	1.480	1.969	1.099	1.153	0.701	0.891	1.221	0.832	0.990	0.769	0.618	0.616	0.646	
1.446	1.442	0.907	1.640	1.162	1.450	0.899	0.937	0.794	0.735	0.763	0.766	0.594	0.811	0.653	
0.491	1.114	1.452	1.484	1.247	1.344	1.404	0.723	0.914	0.767	0.960	0.954	0.751	0.757	0.637	
1.014	1.033	0.932	1.094	1.940	0.990	1.955	0.904	0.732	0.651	0.887	0.741	0.877	0.619	0.629	
1.240	1.299	1.182	1.219	1.214	1.385	1.472	0.734	0.915	0.765	0.974	0.635	0.729	0.642	0.595	
1.304	0.739	1.071	1.750	1.347	1.202	0.764	0.881	0.893	1.141	0.840	0.897	0.779	0.788	0.603	
1.459	1.024	0.941	1.394	1.270	1.201	1.364	0.850	0.914	0.771	0.896	0.587	0.729	0.896	0.703	
0.877	1.225	0.824	1.589	1.067	1.272	2.044	0.897	1.049	0.767	0.882	0.704	0.605	0.626	0.573	
0.725	1.101	0.594	1.675	1.387	1.493	1.151	1.183	0.646	1.123	0.899	0.736	0.808	0.837	0.642	
0.580	1.392	1.094	1.433	1.494	1.206	1.472	0.856	0.912	0.575	0.937	0.837	0.634	0.973	0.606	
0.736	1.397	1.550	1.876	0.850	1.142	0.875	1.118	0.859	0.727	1.057	0.768	0.583	0.815	0.648	
0.948	1.078	0.877	1.630	1.919	0.877	1.163	0.977	1.138	0.763	0.777	0.773	0.843	0.616	0.621	
0.825	1.081	0.660	2.142	1.127	1.275	0.903	0.897	1.181	0.840	1.241	0.900	0.619	0.685	0.626	
0.739	0.935	1.725	1.190	1.501	1.386	1.369	0.681	1.156	0.762	0.831	0.781	0.659	0.616	0.669	
1.101	0.412	1.124	1.891	1.427	1.412	1.186	1.122	0.895	0.886	0.569	0.717	0.792	0.771	0.696	
1.138	1.409	0.610	1.189	0.968	1.133	1.269	0.953	1.407	1.528	0.817	0.595	0.745	0.639	0.599	
0.592	1.182	0.806	1.880	1.532	0.964	1.120	1.181	0.844	0.781	1.081	0.954	0.824	0.629	0.631	
1.089	0.838	1.282	1.003	1.246	1.242	1.254	1.329	1.005	0.932	0.958	0.590	0.855	0.751	0.626	
0.593	1.415	1.033	2.290	0.976	0.989	1.249	1.201	0.947	0.605	0.801	0.751	0.713	0.811	0.627	
1.056	1.468	1.241	1.825	0.848	1.186	1.030	0.956	1.078	0.740	0.770	0.783	0.745	0.623	0.651	
1.974	1.266	0.199	2.089	1.209	0.873	1.085	0.685	1.338	0.600	0.932	0.834	0.684	0.599	0.633	
1.730	0.839	0.959	1.095	1.279	1.076	1.674	0.936	0.919	0.884	0.570	1.007	0.784	0.630	0.616	
0.986	1.061	1.537	1.191	1.273	1.258	1.091	0.980	1.188	1.017	0.593	0.815	0.635	0.804	0.572	
1.100	1.179	1.023	1.092	1.475	1.159	1.104	0.908	1.274	0.913	0.820	0.813	0.775	0.728	0.636	
0.874	1.505	1.202	1.300	1.147	1.394	1.085	1.383	0.740	0.700	0.737	0.697	0.844	0.731	0.662	
0.874	1.404	0.871	1.748	1.091	1.332	1.070	1.008	1.192	0.804	0.630	1.008	0.771	0.616	0.582	
1.111	1.530	1.630	0.865	1.012	0.886	1.253	1.020	1.306	0.847	0.627	0.762	0.777	0.765	0.609	
0.910	0.398	1.581	1.128	1.452	1.275	1.399	0.686	0.906	0.936	1.191	1.137	0.717	0.646	0.637	
1.787	1.018	0.728	0.900	1.080	1.826	0.673	1.584	0.825	0.820	1.225	0.595	0.598	0.696	0.645	
1.016	0.938	0.918	1.639	1.946	0.813	1.179	0.939	0.911	0.728	0.843	1.108	0.725	0.623	0.673	
0.944	1.566	0.670	2.103	1.274	0.798	1.020	1.229	0.750	0.976	0.741	1.114	0.572	0.614	0.628	
0.894	0.961	1.208	1.428	0.823	1.208	1.207	1.490	1.473	0.996	0.756	0.592	0.717	0.622	0.624	
0.461	0.646	1.138	1.883	2.001	0.886	1.351	0.923	0.965	0.965	0.772	0.842	0.725	0.806	0.636	
1.259	1.212	0.815	1.990	0.851	1.660	1.167	0.989	0.629	0.741	0.916	0.606	0.781	0.739	0.643	
0.614	1.052	1.790	1.496	1.164	1.362	0.789	1.046	0.930	0.759	0.858	1.101	0.775	0.595	0.668	
1.462	0.904	0.424	1.789	1.113	1.348	1.278	0.813	0.841	1.014	1.006	0.733	0.982	0.653	0.639	
1.128	0.890	1.572	1.229	1.571	1.014	1.524	1.138	0.715	0.569	0.951	0.690	0.738	0.656	0.614	
1.373	0.412	1.298	1.181	0.761	1.439	0.885	1.996	0.682	1.323	1.093	0.739	0.619	0.611	0.588	
1.132	1.183	1.037	1.406	1.112	2.026	1.234	0.517	0.731	0.601	0.727	1.013	0.824	0.807	0.649	
0.913	1.128	0.955	1.467	1.206	1.266	1.152	1.040	1.386	0.695	0.701	1.028	0.635	0.776	0.651	
1.520	0.461	1.807	1.339	0.664	1.022	1.564	0.758	0.893	1.040	0.929	0.741	0.836	0.762	0.665	
0.748	1.167	1.027	2.451	0.886	1.158	1.317	0.991	1.099	0.795	0.611	0.644	0.782	0.729	0.596	
0.712	1.796	0.936	1.325	1.257	0.982	0.867	1.463	0.830	0.772	1.106	0.902	0.643	0.771	0.637	
0.771	1.800	0.847	1.476	1.073	1.268	1.014	1.099	0.811	0.873	0.900	0.834	0.744	0.811	0.679	
1.298	1.486	0.702	1.707	1.174	0.889	1.315	0.688	0.702	0.835	0.730	1.015	0.879	0.898	0.682	
1.192	0.759	1.679	1.492	0.937	1.230	1.114	0.895	1.337	0.859	0.794	0.721	0.669	0.698	0.624	
1.246	2.072	1.436	1.015	0.999	1.170	1.343	0.880	0.845	0.735	0.771	0.638	0.532	0.705	0.611	
1.028	0.819	1.197	1.619	1.422	1.361	1.078	1.282	0.926	0.797	0.614	0.790	0.745	0.723	0.600	
1.171	1.198	0.911	1.714	0.961	0.744	1.448	1.135	0.825	0.583	1.169	1.102	0.740	0.635	0.664	
1.271	0.687	1.366	1.451	1.766	1.139	1.010	0.897	0.957	0.928	0.721	0.767	0.636	0.722	0.683	
1.322	0.976	0.978	2.200	0.973	1.316	0.760	0.984	0.949	0.988	0.712	0.807	0.845	0.557	0.632	
0.835	1.202	0.713	1.305	1.845	2.088	0.917	0.960	0.909	0.801	0.571	0.691	0.852	0.656	0.654	
0.676	0.948	1.678	1.365	1.554	0.947	1.051	0.878	1.459	0.617	0.795	0.822	0.771	0.808	0.632	
1.787	0.598	1.397	1.513	1.262	1.019	0.760	1.504	0.568	0.656	0.736	0.585	1.034	0.861	0.722	
1.083	0.991	0.969	1.859	1.153	1.056	0.912	0.832	1.190	1.074	0.951	0.626	0.835	0.825	0.645	
0.797	1.905	0.891	0.974	1.001	1.345	0.761	1.137	0.942	1.401	0.793	0.915	0.824	0.631	0.685	
1.132	0.946	2.148	0.866	1.441	1.077	0.780	1.127	0.651	0.825	1.088	0.873	0.822	0.608	0.614	
0.798	0.985	1.483	1.151	0.976	1.023	1.497	1.301	1.088	0.775	0.774	0.967	0.771	0.754	0.657	
1.436	1.333	0.791	1.112	1.154	1.241	1.355	1.236	1.019	0.768	0.581	0.802	0.944	0.669	0.560	
1.580	0.748	1.054	1.237	0.951	1.406	0.902	1.320	0.979	0.813	0.809	0.778	0.976	0.793	0.654	
0.760	1.751	1.472	1.954	1.023	0.782	0.880	0.740	0.976	0.860	1.102	0.822	0.620	0.640	0.617	
1.550	0.926	1.358	0.963	1.107	1.226	1.281	0.886	0.752	1.216	0.955	0.583	0.767	0.772	0.658	
0.693	0.883	1.058	1.429	1.937	1.284	1.256	1.030	0.894	0.885	0.830	0.620	0.743	0.826	0.634	
1.269	1.095	0.960	2.177	1.093	1.484	1.013	0.870	0.714	0.830	0.739	0.930	0.610	0.609	0.606	
0.929	1.267	1.196	1.134	1.200	0.819	1.433	0.937	0.680	1.268	0.822	0.878	0.977	0.825	0.637	
1.463	1.348	1.228	1.426	0.956	0.975	1.002	0.683	1.022	1.028	0.752	1.096	0.728	0.637	0.657	
1.846	0.711	1.352	1.258	1.512	0.878	0.894	0.857	0.980	0.968	0.685	0.727	0.868	0.774	0.689	
0.708	0.962	1.053	2.122	0.951	1.529	1.194	1.273	0.754	0.871	0.696	0.859	0.788	0.648	0.593	
0.856	1.506	1.301	1.271	1.723	1.191	0.693	0.966	0.761	0.815	0.776	0.953	0.763	0.814	0.612	
0.641	1.520	0.499	2.043	0.996	0.802	1.441	1.073	1.470	0.851	0.858	0.613	0.720	0.818	0.655	
0.920	0.939	1.105	1.259	1.663	1.881	0.920	0.683	0.881	0.853	0.848	0.833	0.783	0.822	0.609	
0.862	1.958	0.817	1.571	1.578	1.215	1.175	0.503	0.848	0.834	0.769	0.808	0.616	0.783	0.663	
1.310	1.346	0.995	1.351	1.461	0.899	1.028	1.025	1.107	0.941	0.751	0.777	0.745	0.602	0.661	
0.555	1.441	1.657	1.198	1.090	1.682	0.842	0.936	1.339	0.812	0.673	0.711	0.788	0.564	0.711	
1.509	1.168	0.911	1.348	0.802	1.378	0.860	1.460	0.996	0.737	0.796	0.863	0.756	0.781	0.634	
1.078	0.822	1.279	1.333	1.945	1.030	1.164	0.759	0.766	0.682	0.959	0.962	0.798	0.746	0.677	
1.166	0.671	1.132	1.680	1.370	1.245	1.174	0.928	0.961	0.764	0.773	0.717	0.867	0.884	0.666	
0.746	1.376	1.364	1.487	0.960	1.016	0.965	1.098	1.218	0.798	0.974	0.883	0.640	0.800	0.674	
0.966	1.761	1.193	1.137	1.203	0.914	1.101	1.002	1.233	1.124	0.763	0.625	0.755	0.624	0.599	
1.114	1.101	0.969	1.234	1.350	1.199	1.146	0.939	1.623	0.579	0.752	0.932	0.823	0.650	0.588	
1.605	0.633	1.076	1.796	0.789	1.036	0.948	0.977	0.919	0.950	1.056	1.149	0.802	0.605	0.659	
1.163	1.046	0.885	1.533	1.118	1.387	1.040	1.547	0.737	0.845	0.721	0.903	0.764	0.654	0.657	
0.998	1.183	0.820	1.141	1.391	1.777	0.778	1.044	1.009	0.876	0.601	0.787	1.356	0.634	0.606	
1.508	0.888	1.430	1.588	0.936	0.919	0.743	1.094	0.915	0.790	0.984	1.130	0.796	0.645	0.631	
0.851	1.016	0.967	1.767	1.444	1.049	0.924	1.024	1.250	1.031	0.915	0.708	0.749	0.674	0.631	
0.821	1.021	0.778	2.062	1.347	0.898	1.543	1.260	0.911	0.933	0.764	0.777	0.710	0.650	0.522	
0.622	1.269	0.948	2.069	1.273	1.280	0.914	1.002	1.161	0.741	0.846	0.734	0.851	0.633	0.657	
1.297	0.846	1.432	1.017	1.547	0.748	1.601	0.786	0.729	0.772	1.109	0.751	0.944	0.783	0.638	
1.537	0.434	2.807	0.659	1.039	0.659	0.856	0.825	0.981	1.003	0.946	0.940	0.768	0.804	0.742	
0.733	0.677	1.429	1.463	1.675	1.251	0.780	1.280	0.858	0.812	1.356	0.832	0.582	0.599	0.672	
0.907	1.006	0.840	1.120	2.036	1.208	1.467	0.914	0.916	0.781	0.970	0.797	0.636	0.768	0.632	
0.987	0.906	1.464	1.205	0.948	0.971	1.158	1.123	0.986	1.542	0.780	0.761	0.705	0.779	0.684	
0.699	1.647	0.890	1.861	1.133	0.902	0.775	1.334	1.076	0.952	0.864	0.814	0.857	0.482	0.712	
0.558	1.114	0.787	1.780	1.308	1.613	1.291	0.805	0.811	0.722	1.026	1.157	0.758	0.598	0.671	
0.722	1.936	0.748	1.736	0.861	0.685	1.196	1.432	1.269	0.897	0.889	0.623	0.820	0.610	0.577	
1.185	0.596	2.046	1.566	0.793	1.064	1.017	1.129	1.340	0.752	0.592	0.994	0.635	0.666	0.625	
1.561	1.271	0.886	1.016	1.508	0.864	1.066	1.136	0.902	0.918	0.990	0.716	0.631	0.884	0.650	
1.236	1.675	1.162	1.109	1.154	1.161	0.854	1.180	1.151	0.811	0.721	0.644	0.759	0.767	0.614	
0.919	1.072	0.864	1.084	1.365	1.448	0.921	1.001	1.600	1.092	0.750	0.818	0.783	0.670	0.615	
0.621	0.930	2.066	1.662	1.826	0.821	0.837	1.119	0.913	0.910	0.784	0.615	0.655	0.623	0.617	
0.583	0.995	1.657	1.610	1.011	1.468	1.034	1.007	0.859	0.797	1.054	0.752	0.890	0.657	0.628	
1.135	0.665	0.780	1.886	1.177	2.061	1.053	0.882	0.852	0.726	0.970	0.859	0.787	0.548	0.622	
0.825	1.296	0.823	1.395	1.145	1.258	1.330	0.779	1.321	1.003	0.771	0.971	0.824	0.626	0.633	
0.472	1.401	0.920	1.394	1.140	1.420	1.454	0.821	0.923	1.192	0.868	0.857	0.648	0.859	0.631	
1.754	1.177	0.999	1.668	0.772	1.227	0.905	0.889	0.721	1.195	0.797	0.687	0.777	0.768	0.664	
0.948	1.676	1.296	1.235	1.381	0.887	1.097	1.221	1.220	0.781	0.574	0.701	0.759	0.589	0.636	
0.542	1.318	0.773	1.764	1.411	1.850	0.988	0.934	1.068	0.873	0.777	0.869	0.622	0.604	0.607	
1.235	1.105	0.683	1.656	0.911	1.197	1.192	1.106	1.252	1.013	0.771	0.753	0.848	0.620	0.659	
0.809	0.841	1.460	1.870	1.126	1.232	1.191	1.048	0.896	0.840	1.067	0.611	0.757	0.605	0.647	
0.859	1.293	1.265	1.559	1.354	1.011	0.838	0.914	1.098	0.953	0.974	0.794	0.634	0.767	0.689	
1.045	0.821	1.244	1.281	0.722	2.047	1.557	0.889	0.682	0.571	1.095	0.876	0.746	0.761	0.664	
0.938	1.014	0.763	1.754	1.370	1.087	1.150	1.478	0.585	1.193	0.864	0.772	0.804	0.652	0.577	
1.543	0.728	1.096	1.215	1.023	1.074	1.565	1.309	1.371	0.735	0.780	0.577	0.601	0.719	0.664	
1.164	1.138	1.317	1.418	1.153	1.445	1.271	0.740	0.861	0.873	0.684	1.008	0.676	0.636	0.615	
1.216	1.172	1.341	1.319	1.748	0.706	0.955	1.473	0.750	1.076	0.684	0.715	0.603	0.599	0.642	
1.076	0.863	0.658	1.791	1.794	0.937	0.979	0.925	0.881	1.099	1.049	0.649	0.803	0.842	0.654	
1.634	0.654	1.146	1.797	1.077	1.219	1.042	0.955	0.563	1.253	0.772	0.739	0.772	0.744	0.633	
1.220	0.772	1.221	1.348	0.869	1.068	1.934	1.023	0.756	0.897	0.827	0.989	0.821	0.635	0.619	
0.507	1.267	1.119	1.761	1.121	1.595	1.154	0.552	1.104	0.912	0.734	0.840	0.860	0.828	0.646	
1.153	1.117	0.679	2.144	1.125	0.985	0.935	1.113	1.397	0.791	0.785	0.768	0.791	0.603	0.614	
1.277	0.808	0.803	1.922	1.267	1.242	0.920	0.795	1.495	0.739	1.002	0.738	0.717	0.652	0.623	
2.165	0.931	0.490	1.302	1.340	1.607	0.739	0.983	0.837	0.880	1.007	0.836	0.585	0.660	0.638	
0.957	0.911	0.968	1.251	1.267	1.763	1.324	0.944	0.961	0.815	1.040	0.777	0.636	0.750	0.635	
0.918	1.028	1.381	2.026	1.265	1.510	0.852	0.850	0.568	0.881	0.980	0.618	0.772	0.720	0.631	
1.138	1.517	0.782	1.801	0.972	0.963	1.368	1.010	0.997	0.603	1.017	0.845	0.643	0.722	0.620	
1.417	1.360	1.208	1.184	0.962	1.344	1.251	0.788	0.710	0.809	0.906	0.897	0.731	0.786	0.646	
1.855	0.534	0.997	1.273	1.379	1.314	1.160	1.471	0.916	0.821	0.791	0.696	0.621	0.586	0.586	
1.007	1.357	1.261	1.075	1.388	0.921	1.199	0.933	0.987	0.980	0.931	0.797	0.883	0.644	0.637	
0.765	1.731	0.656	1.272	1.973	1.585	0.810	0.524	0.868	0.862	1.073	0.613	0.806	0.798	0.664	
1.109	1.967	0.522	1.028	1.484	1.050	1.066	1.135	0.747	1.001	1.373	0.612	0.710	0.572	0.624	
1.731	1.180	1.198	0.965	1.079	0.932	1.320	1.526	0.740	0.719	0.935	0.710	0.725	0.596	0.644	
1.090	0.977	0.648	1.832	1.624	1.446	1.006	1.174	0.871	0.729	0.579	0.907	0.858	0.617	0.643	
1.435	1.069	1.712	1.171	1.407	0.872	0.999	1.283	0.773	0.771	0.960	0.599	0.702	0.607	0.639	
0.599	1.315	1.522	0.813	1.254	1.382	0.906	0.740	1.232	0.738	1.510	0.730	0.658	0.972	0.630	
1.575	0.177	0.708	1.502	1.970	1.243	1.118	0.727	0.962	1.135	0.842	0.517	0.766	0.750	1.009	
0.881	0.850	0.860	1.666	1.212	1.647	1.418	1.076	0.784	0.977	0.960	0.645	0.768	0.593	0.665	
0.820	1.590	0.996	1.268	0.958	2.058	1.047	0.973	0.800	0.953	0.884	0.505	0.765	0.722	0.660	
1.527	0.812	1.103	1.341	1.018	1.459	0.968	1.467	0.909	0.714	0.950	0.902	0.619	0.631	0.580	
1.341	0.796	2.016	1.413	1.284	0.877	0.973	0.886	0.896	0.770	0.918	0.734	0.647	0.807	0.642	
1.483	0.913	1.185	0.901	1.014	1.503	1.008	1.637	1.140	0.669	0.598	0.756	0.789	0.774	0.629	
1.076	1.225	1.206	1.312	1.176	0.880	1.499	1.110	0.797	0.785	0.819	1.014	0.619	0.813	0.670	
1.945	0.770	0.615	1.393	1.409	1.147	1.112	1.425	0.606	0.989	0.911	0.666	0.756	0.613	0.644	
0.407	1.352	1.633	1.267	1.853	1.009	0.716	0.735	1.100	1.076	0.889	0.742	0.929	0.598	0.694	
1.462	0.731	1.349	1.130	1.059	0.959	2.108	0.757	1.192	0.775	0.523	0.853	0.609	0.828	0.665	
1.371	0.503	1.504	1.148	2.129	1.207	0.879	1.154	0.881	0.585	0.667	0.723	0.808	0.787	0.655	
0.801	1.891	0.832	0.902	0.816	1.205	1.092	0.950	1.138	0.944	0.890	1.146	0.935	0.797	0.661	
0.768	0.651	1.045	1.726	1.320	1.326	1.220	0.991	0.937	0.591	0.923	1.454	0.753	0.665	0.630	
1.559	0.958	1.182	1.342	1.491	0.890	1.072	0.897	0.733	1.303	0.574	0.947	0.799	0.632	0.621	
0.905	1.110	1.244	1.346	2.137	0.827	1.113	0.893	0.812	0.898	0.731	0.738	0.804	0.767	0.676	
0.883	1.243	1.088	1.198	1.291	1.011	1.740	1.195	0.774	0.906	0.782	0.605	0.899	0.734	0.650	
1.333	0.504	1.407	1.740	0.790	1.122	1.242	0.989	0.880	1.215	0.950	0.843	0.737	0.635	0.614	
1.192	1.120	0.392	2.181	1.182	1.281	1.328	0.825	0.790	0.761	1.005	0.984	0.753	0.605	0.598	
0.836	1.348	2.014	1.247	1.258	1.699	0.763	0.697	0.789	0.884	0.718	0.703	0.796	0.620	0.629	
0.870	2.314	1.028	1.176	1.258	0.962	0.651	1.006	0.991	0.885	0.766	0.917	0.744	0.770	0.661	
1.748	1.418	1.185	1.175	0.946	0.871	1.284	0.924	0.859	0.595	0.910	0.782	0.801	0.816	0.687	
0.648	1.182	1.192	1.474	1.510	0.913	0.929	1.049	1.018	1.295	0.869	0.576	0.869	0.850	0.629	
1.224	0.935	0.966	1.375	1.209	1.561	0.794	1.059	0.773	0.956	1.213	0.832	0.807	0.654	0.643	
0.846	0.990	1.449	1.123	1.281	1.565	1.026	1.327	0.690	0.747	1.053	0.771	0.731	0.749	0.652	
1.102	0.693	0.631	1.774	1.943	1.377	1.154	0.881	0.871	0.810	0.832	0.950	0.599	0.743	0.638	
1.229	1.418	1.224	0.792	1.937	1.111	0.969	0.860	1.152	0.960	0.568	0.634	0.751	0.745	0.651	
1.686	0.738	1.674	1.241	1.193	0.965	0.857	1.327	1.097	0.607	0.865	0.572	0.781	0.770	0.628	
0.969	0.989	1.118	1.138	2.085	0.788	0.972	0.861	1.278	0.934	0.643	0.769	0.981	0.793	0.683	
0.938	1.431	1.364	1.239	1.388	1.212	1.067	0.907	0.688	1.057	0.747	0.807	0.777	0.739	0.637	
1.429	1.621	0.613	1.420	1.116	1.162	1.285	0.841	1.005	0.727	1.049	0.769	0.746	0.633	0.584	
0.589	1.505	0.607	1.818	1.331	1.308	1.136	1.228	0.935	0.867	0.905	0.811	0.711	0.587	0.661	
0.788	1.264	1.610	1.047	0.782	1.001	1.527	0.984	1.578	0.841	0.828	0.769	0.803	0.583	0.595	
1.141	1.455	1.485	1.617	1.019	1.073	1.024	0.857	0.783	0.919	0.810	0.735	0.618	0.823	0.642	
0.829	1.205	1.298	1.386	1.241	1.246	1.286	0.818	1.169	0.739	0.745	0.877	0.837	0.658	0.666	
1.080	1.118	1.326	1.319	0.989	1.382	1.047	1.006	0.752	1.028	0.806	0.846	0.787	0.844	0.671	
0.650	1.114	0.934	1.211	2.292	1.101	1.148	0.817	1.245	0.769	0.758	0.777	0.758	0.775	0.651	
1.680	1.034	0.764	1.562	0.779	1.565	0.904	1.130	1.025	1.008	0.613	0.841	0.803	0.657	0.636	
0.481	1.003	1.539	1.589	1.495	1.559	0.701	0.878	0.725	1.055	0.866	0.960	0.827	0.595	0.729	
1.428	1.369	0.855	0.960	1.152	2.047	1.038	0.722	0.745	1.111	0.806	0.901	0.603	0.627	0.635	
0.871	0.964	1.726	1.529	2.251	0.707	0.714	1.117	0.868	0.735	0.751	0.737	0.740	0.630	0.660	
