0.386624516361485,0.386624516361485,0.386624516361485,0.386624516361485,0.367256982091878,0.367256982091878,0.367256982091878,0.367256982091878,0.236918086211526,0.236918086211526,0.236918086211526,0.236918086211526,0.521366034147155,0.521366034147155,0.521366034147155,0.521366034147155,0,0,0,0
0.369620693394715,0.539488926954839,0.451409102145886,0.552071759070404,0.451409102145886,0.539488926954839,0.451409102145886,0.552071759070404,0.451409102145886,0.539488926954839,0.451409102145886,0.552071759070404,-0.102592978851084,0.194137483056667,0.194137483056667,0.194137483056667,0,0,0,0
0.386624516361485,0.386624516361485,0.386624516361485,0.386624516361485,0.183701136035216,0.183701136035216,0.183701136035216,0.183701136035216,0.236918086211526,0.236918086211526,0.236918086211526,0.236918086211526,0.521366034147155,0.521366034147155,0.521366034147155,0.521366034147155,0,0,0,0
0.284476961428508,0.284476961428508,0.284476961428508,0.284476961428508,-0.109740652233747,-0.109740652233747,-0.109740652233747,-0.109740652233747,-0.109740652233747,-0.109740652233747,-0.109740652233747,-0.109740652233747,0,0,0,0,0,0,0,0
0.657435182962981,0.7372210061381,0.7372210061381,0.7372210061381,0.717581395442742,0.717581395442742,0.717581395442742,0.717581395442742,0.545917098631801,0.545917098631801,0.545917098631801,0.545917098631801,0.219743127940732,0.219743127940732,0.219743127940732,0.219743127940732,0,0,0,0
0.746606454111072,0.735946834348519,0.735946834348519,0.735946834348519,0.790716682253302,0.790716682253302,0.790716682253302,0.790716682253302,0.790716682253302,0.790716682253302,0.790716682253302,0.790716682253302,0.468240335573205,0.468240335573205,0.468240335573205,0.468240335573205,0,0,0,0
0.735574437357184,0.776703330628768,0.776703330628768,0.776703330628768,0.778100294200712,0.778100294200712,0.778100294200712,0.778100294200712,0.714615123753374,0.714615123753374,0.714615123753374,0.714615123753374,0.265097733535518,0.265097733535518,0.265097733535518,0.265097733535518,0,0,0,0
0.563282769523956,0.480773744128898,0.480773744128898,0.480773744128898,0.579313647658421,0.579313647658421,0.579313647658421,0.579313647658421,0.585531000889128,0.585531000889128,0.585531000889128,0.585531000889128,-0.25078203330673,-0.25078203330673,-0.25078203330673,-0.25078203330673,0,0,0,0
0.848250207013508,0.772428959459228,0.772428959459228,0.772428959459228,0.833875206614236,0.833875206614236,0.833875206614236,0.833875206614236,0.774582820774872,0.774582820774872,0.774582820774872,0.774582820774872,0.470989008117193,0.470989008117193,0.470989008117193,0.470989008117193,0,0,0,0
0.658062292345352,0.778285211139214,0.778285211139214,0.778285211139214,0.641363004006445,0.641363004006445,0.641363004006445,0.641363004006445,0.641363004006445,0.641363004006445,0.641363004006445,0.641363004006445,0.509953254503725,0.509953254503725,0.509953254503725,0.509953254503725,0,0,0,0
0.38489040235479,0.30146552247011,0.30146552247011,0.30146552247011,0.360933577143131,0.360933577143131,0.360933577143131,0.360933577143131,0.385410788466849,0.385410788466849,0.385410788466849,0.385410788466849,-0.0126293110298353,-0.0126293110298353,-0.0126293110298353,-0.0126293110298353,0,0,0,0
0.630714459792683,0.561508883157077,0.561508883157077,0.561508883157077,0.613425227521286,0.613425227521286,0.613425227521286,0.613425227521286,0.630714459792683,0.630714459792683,0.630714459792683,0.630714459792683,0,0,0,0,0,0,0,0
0.403592573710663,0.403592573710663,0.403592573710663,0.403592573710663,0.292955055887474,0.292955055887474,0.292955055887474,0.292955055887474,0.285480673556219,0.285480673556219,0.285480673556219,0.285480673556219,0.499759879323484,0.499759879323484,0.499759879323484,0.499759879323484,0,0,0,0
0.379967642566624,0.379967642566624,0.379967642566624,0.379967642566624,0.263821403920764,0.263821403920764,0.263821403920764,0.263821403920764,0.240937589738937,0.240937589738937,0.240937589738937,0.240937589738937,0.50697662848339,0.50697662848339,0.50697662848339,0.50697662848339,0,0,0,0
0.379967642566624,0.379967642566624,0.379967642566624,0.379967642566624,0.260584331480019,0.260584331480019,0.260584331480019,0.260584331480019,0.23688821848282,0.23688821848282,0.23688821848282,0.23688821848282,0.510585003063343,0.510585003063343,0.510585003063343,0.510585003063343,0,0,0,0
0.105381218967855,0.470283350319233,0.46399193426145,0.526906094839274,0.193461043776808,0.526906094839274,0.46399193426145,0.526906094839274,0.193461043776808,0.526906094839274,0.526906094839274,0.526906094839274,0.0489289591443633,0.156256998557806,0.156256998557806,0.156256998557806,0,0,0,0
0.136838299256767,0.457700518203668,0.451409102145886,0.520614678781492,0.212335291950155,0.520614678781492,0.451409102145886,0.520614678781492,0.212335291950155,0.520614678781492,0.520614678781492,0.690482912341616,-0.140473463349946,0.339346006968972,0.339346006968972,0.339346006968972,0,0,0,0
0.124255467141202,0.445117686088103,0.438826270030321,0.520614678781492,0.218626708007938,0.520614678781492,0.520614678781492,0.520614678781492,0.218626708007938,0.520614678781492,0.520614678781492,0.690482912341616,-0.140473463349946,0.345659421052115,0.345659421052115,0.345659421052115,0,0,0,0
0.576557403277338,0.576557403277338,0.576557403277338,0.576557403277338,0.645318629680022,0.645318629680022,0.645318629680022,0.645318629680022,0.682877455101737,0.682877455101737,0.682877455101737,0.682877455101737,0.637442954761021,0.637442954761021,0.637442954761021,0.637442954761021,0,0,0,0
0.582875840573528,0.582875840573528,0.582875840573528,0.582875840573528,0.651820580608788,0.651820580608788,0.651820580608788,0.651820580608788,0.689427838364104,0.689427838364104,0.689427838364104,0.689427838364104,0.62987686627721,0.62987686627721,0.62987686627721,0.62987686627721,0,0,0,0
0.531302898285195,0.531302898285195,0.531302898285195,0.531302898285195,0.592983552228295,0.592983552228295,0.592983552228295,0.592983552228295,0.587416211445531,0.587416211445531,0.587416211445531,0.587416211445531,0.592006729883689,0.592006729883689,0.592006729883689,0.592006729883689,0,0,0,0
0.775859817862282,0.721244426956863,0.708393746743823,0.775859817862282,0.775859817862282,0.721244426956863,0.708393746743823,0.775859817862282,0.772700407494809,0.772700407494809,0.759377986675933,0.772700407494809,0.582828115568518,0.582828115568518,0.582828115568518,0.582828115568518,0,0,0,0
0.579967260343287,0.712153530506999,0.689189495491949,0.765028038572483,0.593185887359658,0.721276008480254,0.689189495491949,0.765028038572483,0.590979597479805,0.769129968894007,0.74168727789084,0.769129968894007,0.559943919624046,0.559943919624046,0.559943919624046,0.559943919624046,0,0,0,0
0.523391221382739,0.697854961843652,0.685239473865471,0.714777203973523,0.544343710082026,0.697854961843652,0.685239473865471,0.714777203973523,0.544343710082026,0.714777203973523,0.721708707141067,0.714777203973523,0.512240315820587,0.512240315820587,0.512240315820587,0.512240315820587,0,0,0,0
0.731359117033993,0.731359117033993,0.731359117033993,0.731359117033993,0.739596918147129,0.739596918147129,0.739596918147129,0.739596918147129,0.63702477226517,0.63702477226517,0.63702477226517,0.63702477226517,0.466992112890311,0.466992112890311,0.466992112890311,0.466992112890311,0,0,0,0
