-0.488901207038705,-0.488901207038705,-0.488901207038705,-0.488901207038705,0.488901207038705,0.488901207038705,0.488901207038705,0.488901207038705,-0.112708704333429,-0.112708704333429,-0.112708704333429,-0.112708704333429,-0.112708704333429,-0.112708704333429,-0.112708704333429,-0.112708704333429,0,0,0,0
0.632139541241014,0.632139541241014,0.632139541241014,0.632139541241014,0.632139541241014,0.632139541241014,0.632139541241014,0.632139541241014,0.427960492510913,0.427960492510913,0.427960492510913,0.427960492510913,0.427960492510913,0.427960492510913,0.427960492510913,0.427960492510913,0,0,0,0
-0.384136662673268,-0.384136662673268,-0.384136662673268,-0.384136662673268,-0.384136662673268,-0.384136662673268,-0.384136662673268,-0.384136662673268,0.0225417408666858,0.0225417408666858,0.0225417408666858,0.0225417408666858,0.0225417408666858,0.0225417408666858,0.0225417408666858,0.0225417408666858,0,0,0,0
0.241522945769824,0.241522945769824,0.241522945769824,0.241522945769824,0.241522945769824,0.241522945769824,0.241522945769824,0.241522945769824,0,0,0,0,0,0,0,0,0,0,0,0
0.592156525463792,0.592156525463792,0.592156525463792,0.592156525463792,0.592156525463792,0.592156525463792,0.592156525463792,0.592156525463792,0.534522483824849,0.534522483824849,0.534522483824849,0.534522483824849,0.534522483824849,0.534522483824849,0.534522483824849,0.534522483824849,0,0,0,0
0.670421688671922,0.670421688671922,0.670421688671922,0.670421688671922,0.670421688671922,0.670421688671922,0.670421688671922,0.670421688671922,-0.0514495755427527,-0.0514495755427527,-0.0514495755427527,-0.0514495755427527,-0.0514495755427527,-0.0514495755427527,-0.0514495755427527,-0.0514495755427527,0,0,0,0
0.683314855626008,0.683314855626008,0.683314855626008,0.683314855626008,0.683314855626008,0.683314855626008,0.683314855626008,0.683314855626008,0.0476731294622796,0.0476731294622796,0.0476731294622796,0.0476731294622796,0.0476731294622796,0.0476731294622796,0.0476731294622796,0.0476731294622796,0,0,0,0
0,0,0,0,0,0,0,0,-0.385164443259822,-0.385164443259822,-0.385164443259822,-0.385164443259822,-0.385164443259822,-0.385164443259822,-0.385164443259822,-0.385164443259822,0,0,0,0
0.588662946150956,0.588662946150956,0.588662946150956,0.588662946150956,0.588662946150956,0.588662946150956,0.588662946150956,0.588662946150956,0.531368931324057,0.531368931324057,0.531368931324057,0.531368931324057,0.531368931324057,0.531368931324057,0.531368931324057,0.531368931324057,0,0,0,0
0.658894955196556,0.658894955196556,0.658894955196556,0.658894955196556,0.658894955196556,0.658894955196556,0.658894955196556,0.658894955196556,-0.0505649896847432,-0.0505649896847432,-0.0505649896847432,-0.0505649896847432,-0.0505649896847432,-0.0505649896847432,-0.0505649896847432,-0.0505649896847432,0,0,0,0
-0.662993544131796,-0.662993544131796,-0.662993544131796,-0.662993544131796,-0.662993544131796,-0.662993544131796,-0.662993544131796,-0.662993544131796,-0.34236839400873,-0.34236839400873,-0.34236839400873,-0.34236839400873,-0.34236839400873,-0.34236839400873,-0.34236839400873,-0.34236839400873,0,0,0,0
0.662993544131796,0.662993544131796,0.662993544131796,0.662993544131796,0.662993544131796,0.662993544131796,0.662993544131796,0.662993544131796,0,0,0,0,0,0,0,0,0,0,0,0
0.505711632992811,0.252855816496406,0.252855816496406,0.252855816496406,0.505711632992811,0.252855816496406,0.252855816496406,0.252855816496406,-0.0855920985021826,-0.0855920985021826,-0.0855920985021826,-0.0855920985021826,-0.0855920985021826,-0.0855920985021826,-0.0855920985021826,-0.0855920985021826,0,0,0,0
0.47410465593076,0.284462793558456,0.284462793558456,0.284462793558456,0.47410465593076,0.284462793558456,0.284462793558456,0.284462793558456,-0.0427960492510913,-0.0427960492510913,-0.0427960492510913,-0.0427960492510913,-0.0427960492510913,-0.0427960492510913,-0.0427960492510913,-0.0427960492510913,0,0,0,0
0.47410465593076,0.284462793558456,0.284462793558456,0.284462793558456,0.47410465593076,0.284462793558456,0.284462793558456,0.284462793558456,-0.0427960492510913,-0.0427960492510913,-0.0427960492510913,-0.0427960492510913,-0.0427960492510913,-0.0427960492510913,-0.0427960492510913,-0.0427960492510913,0,0,0,0
0.505711632992811,0.252855816496406,0.252855816496406,0.252855816496406,0.505711632992811,0.252855816496406,0.252855816496406,0.252855816496406,-0.0855920985021826,-0.0855920985021826,-0.0855920985021826,-0.0855920985021826,-0.0855920985021826,-0.0855920985021826,-0.0855920985021826,-0.0855920985021826,0,0,0,0
0.47410465593076,0.284462793558456,0.284462793558456,0.284462793558456,0.47410465593076,0.284462793558456,0.284462793558456,0.284462793558456,-0.0427960492510913,-0.0427960492510913,-0.0427960492510913,-0.0427960492510913,-0.0427960492510913,-0.0427960492510913,-0.0427960492510913,-0.0427960492510913,0,0,0,0
0.47410465593076,0.284462793558456,0.284462793558456,0.284462793558456,0.47410465593076,0.284462793558456,0.284462793558456,0.284462793558456,-0.0427960492510913,-0.0427960492510913,-0.0427960492510913,-0.0427960492510913,-0.0427960492510913,-0.0427960492510913,-0.0427960492510913,-0.0427960492510913,0,0,0,0
0.338126113000287,0.338126113000287,0.338126113000287,0.338126113000287,0.338126113000287,0.338126113000287,0.338126113000287,0.338126113000287,0.541001780800459,0.541001780800459,0.541001780800459,0.541001780800459,0.541001780800459,0.541001780800459,0.541001780800459,0.541001780800459,0,0,0,0
0.309965209939033,0.309965209939033,0.309965209939033,0.309965209939033,0.309965209939033,0.309965209939033,0.309965209939033,0.309965209939033,0.531368931324057,0.531368931324057,0.531368931324057,0.531368931324057,0.531368931324057,0.531368931324057,0.531368931324057,0.531368931324057,0,0,0,0
0.309965209939033,0.309965209939033,0.309965209939033,0.309965209939033,0.309965209939033,0.309965209939033,0.309965209939033,0.309965209939033,0.531368931324057,0.531368931324057,0.531368931324057,0.531368931324057,0.531368931324057,0.531368931324057,0.531368931324057,0.531368931324057,0,0,0,0
0.393919298579168,0.393919298579168,0.393919298579168,0.393919298579168,0.393919298579168,0.393919298579168,0.393919298579168,0.393919298579168,0.52522573143889,0.52522573143889,0.52522573143889,0.52522573143889,0.52522573143889,0.52522573143889,0.52522573143889,0.52522573143889,0,0,0,0
0.393919298579168,0.393919298579168,0.393919298579168,0.393919298579168,0.393919298579168,0.393919298579168,0.393919298579168,0.393919298579168,0.52522573143889,0.52522573143889,0.52522573143889,0.52522573143889,0.52522573143889,0.52522573143889,0.52522573143889,0.52522573143889,0,0,0,0
0.393919298579168,0.393919298579168,0.393919298579168,0.393919298579168,0.393919298579168,0.393919298579168,0.393919298579168,0.393919298579168,0.52522573143889,0.52522573143889,0.52522573143889,0.52522573143889,0.52522573143889,0.52522573143889,0.52522573143889,0.52522573143889,0,0,0,0
0.699205898780101,0.699205898780101,0.699205898780101,0.699205898780101,0.699205898780101,0.699205898780101,0.699205898780101,0.699205898780101,0,0,0,0,0,0,0,0,0,0,0,0
