0,0,0,0,0.648615440547073,0.648615440547073,0.648615440547073,0.648615440547073,0.648172674023097,0.648172674023097,0.648172674023097,0.648172674023097,0.48997294250251,0.48997294250251,0.48997294250251,0.48997294250251,0,0,0,0
0.564909050900145,0.623147097384696,0.623147097384696,0.623147097384696,0.623147097384696,0.623147097384696,0.623147097384696,0.623147097384696,0.524142418360959,0.524142418360959,0.524142418360959,0.524142418360959,0.225816002051096,0.225816002051096,0.225816002051096,0.225816002051096,0,0,0,0
0,0,0,0,0.596690309828052,0.596690309828052,0.596690309828052,0.596690309828052,0.467102468323192,0.467102468323192,0.467102468323192,0.467102468323192,0.479399763117778,0.479399763117778,0.479399763117778,0.479399763117778,0,0,0,0
0.491776422216169,0.491776422216169,0.491776422216169,0.491776422216169,0.478333063892998,0.478333063892998,0.478333063892998,0.478333063892998,0.491776422216169,0.491776422216169,0.491776422216169,0.491776422216169,0,0,0,0,0,0,0,0
0.694476465877163,0.39439916713306,0.39439916713306,0.724028655914489,0.752728439923827,0.752728439923827,0.752728439923827,0.752728439923827,0.752728439923827,0.752728439923827,0.752728439923827,0.752728439923827,0.267469768763767,0.267469768763767,0.267469768763767,0.267469768763767,0,0,0,0
0.571756683349207,0.508400666005309,0.508400666005309,0.677855861702668,0.740900970580907,0.740900970580907,0.740900970580907,0.740900970580907,0.719054363285847,0.719054363285847,0.719054363285847,0.719054363285847,0.369264661593647,0.369264661593647,0.369264661593647,0.369264661593647,0,0,0,0
0.646962600202366,0.529865296998318,0.529865296998318,0.728930712445199,0.728930712445199,0.728930712445199,0.728930712445199,0.728930712445199,0.728930712445199,0.728930712445199,0.728930712445199,0.728930712445199,0.289533216074232,0.289533216074232,0.289533216074232,0.289533216074232,0,0,0,0
0.38821553358508,0.715471603218783,0.715471603218783,0.688644207556569,0.725623021057799,0.725623021057799,0.725623021057799,0.725623021057799,0.645892886745736,0.645892886745736,0.645892886745736,0.645892886745736,0.465239857647405,0.465239857647405,0.465239857647405,0.465239857647405,0,0,0,0
0.621882568998013,0.557650566566293,0.557650566566293,0.616043296049674,0.656904223202067,0.656904223202067,0.656904223202067,0.656904223202067,0.656904223202067,0.656904223202067,0.656904223202067,0.656904223202067,0.41684393392279,0.41684393392279,0.41684393392279,0.41684393392279,0,0,0,0
0.510055617895815,0.609721658174308,0.609721658174308,0.68007415719442,0.758500963928921,0.758500963928921,0.758500963928921,0.758500963928921,0.748808421547686,0.748808421547686,0.748808421547686,0.748808421547686,0.374852123500697,0.374852123500697,0.374852123500697,0.374852123500697,0,0,0,0
0.285546962719604,0.664137317786045,0.664137317786045,0.660491321084825,0.673832923402187,0.673832923402187,0.673832923402187,0.673832923402187,0.454288298333125,0.454288298333125,0.454288298333125,0.454288298333125,0.494017580800852,0.494017580800852,0.494017580800852,0.494017580800852,0,0,0,0
0.404299754041312,0.433133033338725,0.433133033338725,0.719639797599884,0.675561339220792,0.675561339220792,0.675561339220792,0.675561339220792,0.675561339220792,0.675561339220792,0.675561339220792,0.675561339220792,0,0,0,0,0,0,0,0
0,0,0,0,0.544331053951817,0.544331053951817,0.544331053951817,0.544331053951817,0.416551261739534,0.416551261739534,0.416551261739534,0.416551261739534,0.388499262571544,0.388499262571544,0.388499262571544,0.388499262571544,0,0,0,0
0,0,0,0,0.57673171192514,0.57673171192514,0.57673171192514,0.57673171192514,0.441054277135977,0.441054277135977,0.441054277135977,0.441054277135977,0.426869560109474,0.426869560109474,0.426869560109474,0.426869560109474,0,0,0,0
0,0,0,0,0.537386086724814,0.537386086724814,0.537386086724814,0.537386086724814,0.453305784834199,0.453305784834199,0.453305784834199,0.453305784834199,0.455647283262922,0.455647283262922,0.455647283262922,0.455647283262922,0,0,0,0
0.710504167111522,0.710504167111522,0.663913729923882,0.663913729923882,0.588204269493965,0.710504167111522,0.663913729923882,0.663913729923882,0.564909050900145,0.564909050900145,0.564909050900145,0.372723497501126,0.0239814359612064,0.0239814359612064,0.0239814359612064,0.0239814359612064,0,0,0,0
0.693032753166157,0.693032753166157,0.634794706681606,0.693032753166157,0.535790027657869,0.693032753166157,0.634794706681606,0.693032753166157,0.343604474258851,0.54743763695478,0.54743763695478,0.27371881847739,0.0719443078836193,0.0719443078836193,0.0719443078836193,0.0719443078836193,0,0,0,0
0.681385143869247,0.681385143869247,0.623147097384696,0.681385143869247,0.524142418360959,0.681385143869247,0.623147097384696,0.681385143869247,0.355252083555761,0.55908524625169,0.55908524625169,0.489199590470228,0.0911294566525844,0.0911294566525844,0.0911294566525844,0.0911294566525844,0,0,0,0
0.432681956191468,0.432681956191468,0.432681956191468,0.432681956191468,0.53378842372312,0.53378842372312,0.53378842372312,0.53378842372312,0.53378842372312,0.53378842372312,0.53378842372312,0.53378842372312,0.518022414787451,0.518022414787451,0.518022414787451,0.518022414787451,0,0,0,0
0.429186561702854,0.429186561702854,0.429186561702854,0.429186561702854,0.547485643026543,0.547485643026543,0.547485643026543,0.547485643026543,0.547485643026543,0.547485643026543,0.547485643026543,0.547485643026543,0.52849855908068,0.52849855908068,0.52849855908068,0.52849855908068,0,0,0,0
0.459606915075889,0.459606915075889,0.459606915075889,0.459606915075889,0.531276278105179,0.531276278105179,0.531276278105179,0.531276278105179,0.531276278105179,0.531276278105179,0.531276278105179,0.531276278105179,0.511250977885218,0.511250977885218,0.511250977885218,0.511250977885218,0,0,0,0
0.696483442858581,0.696483442858581,0.696483442858581,0.696483442858581,0.717251868794991,0.717251868794991,0.717251868794991,0.717251868794991,0.717251868794991,0.717251868794991,0.717251868794991,0.717251868794991,0.564308686339543,0.564308686339543,0.564308686339543,0.564308686339543,0,0,0,0
0.732128866021628,0.691185409207967,0.691185409207967,0.732128866021628,0.767453655521704,0.728417339821448,0.728417339821448,0.767453655521704,0.767453655521704,0.627869247618315,0.627869247618315,0.767453655521704,0.585215496177513,0.585215496177513,0.585215496177513,0.585215496177513,0,0,0,0
0.717399997629105,0.706223835495112,0.706223835495112,0.706223835495112,0.699774302750864,0.75115718801938,0.75115718801938,0.706223835495112,0.699774302750864,0.633609951809501,0.633609951809501,0.706223835495112,0.582315653266423,0.582315653266423,0.582315653266423,0.582315653266423,0,0,0,0
0.13995656189149,0.653130622160286,0.653130622160286,0.653130622160286,0.668592136368966,0.668592136368966,0.668592136368966,0.668592136368966,0.653622263276344,0.653622263276344,0.653622263276344,0.653622263276344,0.463248085409211,0.463248085409211,0.463248085409211,0.463248085409211,0,0,0,0
