-0.284121921122391,-0.284121921122391,-0.284121921122391,-0.284121921122391,-0.0710304802805978,-0.0710304802805978,-0.0710304802805978,-0.0710304802805978,0.134505223938544,0.134505223938544,0.134505223938544,0.134505223938544,0.334167114637078,0.334167114637078,0.334167114637078,0.334167114637078,0,0,0,0
0.634923211703697,0.634923211703697,0.634923211703697,0.634923211703697,0.634923211703697,0.634923211703697,0.634923211703697,0.634923211703697,0.493829164658431,0.461268999955677,0.461268999955677,0.461268999955677,0.493829164658431,0.493829164658431,0.493829164658431,0.493829164658431,0,0,0,0
-0.270997070989153,-0.270997070989153,-0.270997070989153,-0.270997070989153,-0.270997070989153,-0.270997070989153,-0.270997070989153,-0.270997070989153,0.134505223938544,0.134505223938544,0.134505223938544,0.134505223938544,0.334167114637078,0.334167114637078,0.334167114637078,0.334167114637078,0,0,0,0
0.324561403508772,0.324561403508772,0.324561403508772,0.324561403508772,0.324561403508772,0.324561403508772,0.324561403508772,0.324561403508772,0.325407013309143,0.325407013309143,0.325407013309143,0.325407013309143,0.325407013309143,0.325407013309143,0.325407013309143,0.325407013309143,0,0,0,0
-0.104940348482244,-0.104940348482244,0.756675144319336,0.756675144319336,0.756675144319336,0.756675144319336,0.756675144319336,0.756675144319336,0.756675144319336,0.756675144319336,0.756675144319336,0.756675144319336,0.514367564132295,0.514367564132295,0.514367564132295,0.514367564132295,0,0,0,0
-0.0442848147595502,-0.0442848147595502,0.675343425083141,0.675343425083141,0.675343425083141,0.675343425083141,0.675343425083141,0.675343425083141,0.675343425083141,0.675343425083141,0.675343425083141,0.675343425083141,-0.180090067556299,-0.180090067556299,-0.180090067556299,-0.180090067556299,0,0,0,0
-0.0926557792370055,-0.0926557792370055,0.735795893940926,0.735795893940926,0.735795893940926,0.735795893940926,0.735795893940926,0.735795893940926,0.735795893940926,0.735795893940926,0.735795893940926,0.735795893940926,-0.0926557792370055,-0.0926557792370055,-0.0926557792370055,-0.0926557792370055,0,0,0,0
0.497821340398864,0.497821340398864,0.497821340398864,0.497821340398864,0.497821340398864,0.497821340398864,0.497821340398864,0.497821340398864,0.31770150081797,0.31770150081797,0.31770150081797,0.31770150081797,0.357184104583164,0.357184104583164,0.357184104583164,0.357184104583164,0,0,0,0
-0.126467201822489,-0.126467201822489,0.775298932911783,0.775298932911783,0.775298932911783,0.775298932911783,0.775298932911783,0.775298932911783,0.775298932911783,0.775298932911783,0.775298932911783,0.775298932911783,0.51207638319124,0.51207638319124,0.51207638319124,0.51207638319124,0,0,0,0
-0.00546227937787052,-0.00546227937787052,0.650011245966592,0.650011245966592,0.650011245966592,0.650011245966592,0.650011245966592,0.650011245966592,0.508696304119227,0.508696304119227,0.508696304119227,0.508696304119227,-0.136240241884591,-0.136240241884591,-0.136240241884591,-0.136240241884591,0,0,0,0
0,0,0,0,0,0,0,0,0.111813078403935,0.111813078403935,0.111813078403935,0.111813078403935,0.30932156467616,0.30932156467616,0.30932156467616,0.30932156467616,0,0,0,0
0.497821340398864,0.497821340398864,0.497821340398864,0.497821340398864,0.497821340398864,0.497821340398864,0.497821340398864,0.497821340398864,0.48931094679448,0.48931094679448,0.48931094679448,0.48931094679448,0.48931094679448,0.48931094679448,0.48931094679448,0.48931094679448,0,0,0,0
-0.316934654185758,-0.316934654185758,-0.316934654185758,-0.316934654185758,-0.316934654185758,-0.316934654185758,-0.316934654185758,-0.316934654185758,0.112837784777716,0.112837784777716,0.112837784777716,0.112837784777716,0.31022104415577,0.31022104415577,0.31022104415577,0.31022104415577,0,0,0,0
-0.282671448327838,-0.282671448327838,-0.282671448327838,-0.282671448327838,-0.407002058784421,-0.407002058784421,-0.407002058784421,-0.407002058784421,0.135405341733259,0.135405341733259,0.135405341733259,0.135405341733259,0.334552106442497,0.334552106442497,0.334552106442497,0.334552106442497,0,0,0,0
-0.282671448327838,-0.282671448327838,-0.282671448327838,-0.282671448327838,-0.282671448327838,-0.282671448327838,-0.282671448327838,-0.282671448327838,0.135405341733259,0.135405341733259,0.135405341733259,0.135405341733259,0.334552106442497,0.334552106442497,0.334552106442497,0.334552106442497,0,0,0,0
0.472122388189929,0.472122388189929,0.472122388189929,0.472122388189929,-0.0814004117568842,0.472122388189929,0.472122388189929,0.472122388189929,0.439562223487175,0.341881729378914,0.341881729378914,0.341881729378914,0.439562223487175,0.439562223487175,0.439562223487175,0.439562223487175,0,0,0,0
0.461268999955677,0.461268999955677,0.461268999955677,0.461268999955677,-0.146520741162392,0.461268999955677,0.461268999955677,0.461268999955677,0.407002058784421,0.287614788207658,0.287614788207658,0.287614788207658,0.407002058784421,0.407002058784421,0.407002058784421,0.407002058784421,0,0,0,0
0.493829164658431,0.493829164658431,0.493829164658431,0.493829164658431,-0.179080905865145,0.493829164658431,0.493829164658431,0.493829164658431,0.439562223487175,0.320174952910411,0.320174952910411,0.320174952910411,0.439562223487175,0.439562223487175,0.439562223487175,0.439562223487175,0,0,0,0
0.302825125722023,0.302825125722023,0.302825125722023,0.302825125722023,0.757597253761398,0.757597253761398,0.757597253761398,0.757597253761398,0.517782295736207,0.517782295736207,0.517782295736207,0.517782295736207,0.0602218777643842,0.0602218777643842,0.0602218777643842,0.0602218777643842,0,0,0,0
0.302825125722023,0.302825125722023,0.302825125722023,0.302825125722023,0.746696573851162,0.746696573851162,0.746696573851162,0.746696573851162,0.506881615825971,0.506881615825971,0.506881615825971,0.506881615825971,0.0430156269745601,0.0430156269745601,0.0430156269745601,0.0430156269745601,0,0,0,0
0.0258659137687743,0.0258659137687743,0.0258659137687743,0.0258659137687743,0.73740771601252,0.73740771601252,0.73740771601252,0.73740771601252,0.497067423386217,0.497067423386217,0.497067423386217,0.497067423386217,0.0258659137687743,0.0258659137687743,0.0258659137687743,0.0258659137687743,0,0,0,0
-0.447508055915687,0.674826648821685,0.674826648821685,0.674826648821685,0.674826648821685,0.674826648821685,0.674826648821685,0.674826648821685,0.521207574293172,0.521207574293172,0.521207574293172,0.521207574293172,0.112580488014957,0.112580488014957,0.112580488014957,0.112580488014957,0,0,0,0
-0.530047127707696,0.709316045004397,0.709316045004397,0.709316045004397,0.709316045004397,0.709316045004397,0.709316045004397,0.709316045004397,0.467378789343983,0.467378789343983,0.467378789343983,0.467378789343983,-0.0260377821961648,-0.0260377821961648,-0.0260377821961648,-0.0260377821961648,0,0,0,0
-0.38953408184016,0.598017111557428,0.598017111557428,0.598017111557428,0.356615708726907,0.598017111557428,0.598017111557428,0.517618782058595,0.356615708726907,0.356615708726907,0.356615708726907,0.356615708726907,-0.433425245991164,-0.0606202627772846,-0.0606202627772846,-0.0606202627772846,0,0,0,0
0.50758439829981,0.50758439829981,0.50758439829981,0.50758439829981,0.67039181447951,0.67039181447951,0.67039181447951,0.67039181447951,0.67039181447951,0.67039181447951,0.67039181447951,0.67039181447951,0.50758439829981,0.50758439829981,0.50758439829981,0.50758439829981,0,0,0,0
