0,0,0,0,0.35078893333846,0.35078893333846,0.35078893333846,0.35078893333846,0.426574138017538,0.426574138017538,0.426574138017538,0.426574138017538,0.491854726750042,0.491854726750042,0.491854726750042,0.491854726750042,0,0,0,0
0.156032641667458,0.481665980799546,0.481665980799546,0.603778482974078,0.603778482974078,0.522370148191057,0.522370148191057,0.603778482974078,0.549506259785397,0.549506259785397,0.549506259785397,0.549506259785397,-0.201741227944276,-0.201741227944276,-0.201741227944276,-0.201741227944276,0,0,0,0
0,0,0,0,0.244044933983425,0.244044933983425,0.244044933983425,0.244044933983425,0.39766666715534,0.39766666715534,0.39766666715534,0.39766666715534,0.479723417905633,0.479723417905633,0.479723417905633,0.479723417905633,0,0,0,0
0,0,0,0,-0.0285915930203052,-0.0285915930203052,-0.0285915930203052,-0.0285915930203052,-0.0285915930203052,-0.0285915930203052,-0.0285915930203052,-0.0285915930203052,0,0,0,0,0,0,0,0
0.392123699780904,0.595958926979788,0.595958926979788,0.585594423901879,0.664982144237706,0.664982144237706,0.664982144237706,0.664982144237706,0.664982144237706,0.664982144237706,0.664982144237706,0.664982144237706,0.193887948989808,0.193887948989808,0.193887948989808,0.193887948989808,0,0,0,0
0.519660313663871,0.705499101331746,0.705499101331746,0.629787002652242,0.751503447504514,0.751503447504514,0.751503447504514,0.751503447504514,0.147392466722064,0.147392466722064,0.147392466722064,0.147392466722064,0.330105824686973,0.330105824686973,0.330105824686973,0.330105824686973,0,0,0,0
0.455901003146948,0.646426795506867,0.646426795506867,0.581784115956181,0.691241174062432,0.691241174062432,0.691241174062432,0.691241174062432,0.4354875253941,0.4354875253941,0.4354875253941,0.4354875253941,0.266187142959363,0.266187142959363,0.266187142959363,0.266187142959363,0,0,0,0
-0.249173441320611,-0.239956909566871,-0.239956909566871,0.204202942434338,0.30766095189661,0.30766095189661,0.30766095189661,0.30766095189661,0.482910861204805,0.482910861204805,0.482910861204805,0.482910861204805,0.197538285695437,0.197538285695437,0.197538285695437,0.197538285695437,0,0,0,0
0.470390598397139,0.69013511151697,0.69013511151697,0.621464951167023,0.738172864911337,0.738172864911337,0.738172864911337,0.738172864911337,0.738172864911337,0.738172864911337,0.738172864911337,0.738172864911337,0.258838788844373,0.258838788844373,0.258838788844373,0.258838788844373,0,0,0,0
0.223353795461813,0.400672839187222,0.400672839187222,0.673471367995543,0.458676601110097,0.458676601110097,0.458676601110097,0.458676601110097,0.338221409185403,0.338221409185403,0.338221409185403,0.338221409185403,0.557429106755301,0.557429106755301,0.557429106755301,0.557429106755301,0,0,0,0
-0.280062963380183,-0.293883435164774,-0.293883435164774,0.1210091510722,0.332172385718078,0.332172385718078,0.332172385718078,0.332172385718078,0.391212429265573,0.391212429265573,0.391212429265573,0.391212429265573,0.201741227944276,0.201741227944276,0.201741227944276,0.201741227944276,0,0,0,0
-0.232779605926386,-0.145081695840838,-0.145081695840838,0.195369882813518,0.175631376356685,0.175631376356685,0.175631376356685,0.175631376356685,0.44139295319651,0.44139295319651,0.44139295319651,0.44139295319651,0,0,0,0,0,0,0,0
0,0,0,0,0.41998807389642,0.41998807389642,0.41998807389642,0.41998807389642,0.562525426899567,0.562525426899567,0.562525426899567,0.562525426899567,0.327829495409448,0.327829495409448,0.327829495409448,0.327829495409448,0,0,0,0
0,0,0,0,0.339808532516195,0.339808532516195,0.339808532516195,0.339808532516195,0.493570697150588,0.493570697150588,0.493570697150588,0.493570697150588,0.382467744644356,0.382467744644356,0.382467744644356,0.382467744644356,0,0,0,0
0,0,0,0,0.320718165520903,0.320718165520903,0.320718165520903,0.320718165520903,0.475424715637699,0.475424715637699,0.475424715637699,0.475424715637699,0.399279513639712,0.399279513639712,0.399279513639712,0.399279513639712,0,0,0,0
0.498626050546009,0.322241325182795,0.498626050546009,0.586818413227616,0.586818413227616,0.485057994748838,0.485057994748838,0.586818413227616,0.586818413227616,0.586818413227616,0.586818413227616,0.586818413227616,-0.100870613972138,-0.100870613972138,-0.100870613972138,-0.100870613972138,0,0,0,0
0.637698622467004,0.183168753261799,0.637698622467004,0.637698622467004,0.637698622467004,0.515586120292471,0.515586120292471,0.637698622467004,0.583426399278323,0.583426399278323,0.583426399278323,0.583426399278323,-0.0924647294744597,-0.0924647294744597,-0.0924647294744597,-0.0924647294744597,0,0,0,0
0.634306608517712,0.308673269385624,0.634306608517712,0.634306608517712,0.634306608517712,0.518978134241764,0.518978134241764,0.634306608517712,0.58003438532903,0.58003438532903,0.58003438532903,0.58003438532903,-0.105073556220977,-0.105073556220977,-0.105073556220977,-0.105073556220977,0,0,0,0
0.268012051252773,0.268012051252773,0.268012051252773,0.268012051252773,0.565950010611563,0.565950010611563,0.565950010611563,0.565950010611563,0.565950010611563,0.565950010611563,0.565950010611563,0.565950010611563,0.446938200686293,0.446938200686293,0.446938200686293,0.446938200686293,0,0,0,0
0.323957790652981,0.323957790652981,0.323957790652981,0.323957790652981,0.609230845938494,0.609230845938494,0.609230845938494,0.609230845938494,0.609230845938494,0.609230845938494,0.609230845938494,0.609230845938494,0.401712155116297,0.401712155116297,0.401712155116297,0.401712155116297,0,0,0,0
0.291785516420496,0.291785516420496,0.291785516420496,0.291785516420496,0.586544784888968,0.586544784888968,0.586544784888968,0.586544784888968,0.586544784888968,0.586544784888968,0.586544784888968,0.586544784888968,0.419249531348872,0.419249531348872,0.419249531348872,0.419249531348872,0,0,0,0
0.367676362193157,0.571745539295579,0.571745539295579,0.62177852106641,0.677223739505453,0.677223739505453,0.677223739505453,0.677223739505453,0.677223739505453,0.677223739505453,0.677223739505453,0.677223739505453,0.294712260372584,0.294712260372584,0.294712260372584,0.294712260372584,0,0,0,0
0.322460002801489,0.665950887437693,0.665950887437693,0.69823941531346,0.690167283344518,0.690167283344518,0.690167283344518,0.690167283344518,0.690167283344518,0.69823941531346,0.69823941531346,0.69823941531346,0.234269095471164,0.234269095471164,0.234269095471164,0.234269095471164,0,0,0,0
-0.137032023481863,0.5380436755581,0.66214227627654,0.686818385951442,0.670367646168174,0.686818385951442,0.686818385951442,0.686818385951442,0.670367646168174,0.686818385951442,0.686818385951442,0.686818385951442,0.214232631143169,0.214232631143169,0.214232631143169,0.214232631143169,0,0,0,0
0,0,0,0,0.389445034429037,0.389445034429037,0.389445034429037,0.389445034429037,0.389445034429037,0.389445034429037,0.389445034429037,0.389445034429037,0.183639842338879,0.183639842338879,0.183639842338879,0.183639842338879,0,0,0,0
