-0.159623653011757,-0.159623653011757,-0.159623653011757,-0.159623653011757,0.226969494679685,0.226969494679685,0.226969494679685,0.226969494679685,0.341648040486556,0.341648040486556,0.341648040486556,0.341648040486556,0.50970072299509,0.50970072299509,0.50970072299509,0.50970072299509,0,0,0,0
0.541323709886254,0.541323709886254,0.541323709886254,0.541323709886254,0.528879486670478,0.541323709886254,0.541323709886254,0.541323709886254,0.528879486670478,0.541323709886254,0.541323709886254,0.541323709886254,0.613422902996221,0.613422902996221,0.613422902996221,0.613422902996221,0,0,0,0
-0.147630863287023,-0.147630863287023,-0.147630863287023,-0.147630863287023,-0.147630863287023,-0.147630863287023,-0.147630863287023,-0.147630863287023,0.307254933899514,0.307254933899514,0.307254933899514,0.307254933899514,0.470200420431702,0.470200420431702,0.470200420431702,0.470200420431702,0,0,0,0
0.668028911247579,0.668028911247579,0.668028911247579,0.668028911247579,0.415390201627149,0.415390201627149,0.415390201627149,0.415390201627149,0.623085302440723,0.623085302440723,0.623085302440723,0.623085302440723,0,0,0,0,0,0,0,0
-0.500732064813709,-0.500732064813709,0.701780100578864,-0.500732064813709,0.701780100578864,0.701780100578864,0.701780100578864,0.701780100578864,0.701780100578864,0.701780100578864,0.701780100578864,0.701780100578864,0.514443402768482,0.514443402768482,0.514443402768482,0.514443402768482,0,0,0,0
-0.422920546459836,-0.422920546459836,0.640788706757327,-0.422920546459836,0.640788706757327,0.640788706757327,0.640788706757327,0.640788706757327,0.640788706757327,0.640788706757327,0.640788706757327,0.640788706757327,-0.180980691498257,-0.180980691498257,-0.180980691498257,-0.180980691498257,0,0,0,0
-0.467158311765118,-0.467158311765118,0.681798617170713,-0.467158311765118,0.681798617170713,0.681798617170713,0.681798617170713,0.681798617170713,0.681798617170713,0.681798617170713,0.681798617170713,0.681798617170713,0.0600801603563872,0.0600801603563872,0.0600801603563872,0.0600801603563872,0,0,0,0
-0.642408865766151,-0.642408865766151,0.486519659537248,-0.642408865766151,0.486519659537248,0.486519659537248,0.486519659537248,0.486519659537248,0.678281836362978,0.678281836362978,0.678281836362978,0.678281836362978,0.558989700622307,0.558989700622307,0.558989700622307,0.558989700622307,0,0,0,0
-0.564413509963464,-0.564413509963464,0.760807055419009,-0.564413509963464,0.760807055419009,0.760807055419009,0.760807055419009,0.760807055419009,0.760807055419009,0.760807055419009,0.760807055419009,0.760807055419009,0.494928225763749,0.494928225763749,0.494928225763749,0.494928225763749,0,0,0,0
-0.177197445464098,-0.177197445464098,0.430336653269952,-0.177197445464098,0.430336653269952,0.430336653269952,0.430336653269952,0.430336653269952,0.591399775601311,0.591399775601311,0.591399775601311,0.591399775601311,0.0936246505766269,0.0936246505766269,0.0936246505766269,0.0936246505766269,0,0,0,0
0.0187109378378491,0.0187109378378491,0,0.0187109378378491,0,0,0,0,0.513211201231956,0.513211201231956,0.513211201231956,0.513211201231956,0.572964443137865,0.572964443137865,0.572964443137865,0.572964443137865,0,0,0,0
-0.481051199364742,-0.481051199364742,0.554955055046958,-0.481051199364742,0.554955055046958,0.554955055046958,0.554955055046958,0.554955055046958,0.518417564707849,0.518417564707849,0.518417564707849,0.518417564707849,0,0,0,0,0,0,0,0
0.591100602749358,0.591100602749358,0.591100602749358,0.591100602749358,0.67821016525979,0.591100602749358,0.591100602749358,0.591100602749358,0.67821016525979,0.591100602749358,0.591100602749358,0.591100602749358,0.669188621450423,0.669188621450423,0.669188621450423,0.669188621450423,0,0,0,0
0.591100602749358,0.591100602749358,0.591100602749358,0.591100602749358,0.628433272396686,0.591100602749358,0.591100602749358,0.591100602749358,0.628433272396686,0.591100602749358,0.591100602749358,0.591100602749358,0.669188621450423,0.669188621450423,0.669188621450423,0.669188621450423,0,0,0,0
0.566212156317806,0.566212156317806,0.566212156317806,0.566212156317806,0.603544825965134,0.566212156317806,0.566212156317806,0.566212156317806,0.603544825965134,0.566212156317806,0.566212156317806,0.566212156317806,0.669188621450423,0.669188621450423,0.669188621450423,0.669188621450423,0,0,0,0
0.591100602749358,0.591100602749358,0.591100602749358,0.591100602749358,0.67821016525979,0.591100602749358,0.591100602749358,0.591100602749358,0.67821016525979,0.591100602749358,0.591100602749358,0.591100602749358,0.669188621450423,0.669188621450423,0.669188621450423,0.669188621450423,0,0,0,0
0.591100602749358,0.591100602749358,0.591100602749358,0.591100602749358,0.628433272396686,0.591100602749358,0.591100602749358,0.591100602749358,0.628433272396686,0.591100602749358,0.591100602749358,0.591100602749358,0.669188621450423,0.669188621450423,0.669188621450423,0.669188621450423,0,0,0,0
0.566212156317806,0.566212156317806,0.566212156317806,0.566212156317806,0.603544825965134,0.566212156317806,0.566212156317806,0.566212156317806,0.603544825965134,0.566212156317806,0.566212156317806,0.566212156317806,0.669188621450423,0.669188621450423,0.669188621450423,0.669188621450423,0,0,0,0
0.626984126984127,0.626984126984127,0.626984126984127,0.626984126984127,0.668985514247749,0.668985514247749,0.668985514247749,0.668985514247749,0.367286164685039,0.367286164685039,0.367286164685039,0.367286164685039,0.1583770322444,0.1583770322444,0.1583770322444,0.1583770322444,0,0,0,0
0.626984126984127,0.626984126984127,0.626984126984127,0.626984126984127,0.760807055419009,0.760807055419009,0.760807055419009,0.760807055419009,0.275464623513779,0.275464623513779,0.275464623513779,0.275464623513779,0.296956935458249,0.296956935458249,0.296956935458249,0.296956935458249,0,0,0,0
0.275464623513779,0.275464623513779,0.275464623513779,0.275464623513779,0.760807055419009,0.760807055419009,0.760807055419009,0.760807055419009,0.275464623513779,0.275464623513779,0.275464623513779,0.275464623513779,0.296956935458249,0.296956935458249,0.296956935458249,0.296956935458249,0,0,0,0
0.745073844735515,0.745073844735515,0.745073844735515,0.745073844735515,0.745073844735515,0.745073844735515,0.745073844735515,0.745073844735515,0.745073844735515,0.211901735658724,0.211901735658724,0.211901735658724,0.371390676354104,0.371390676354104,0.371390676354104,0.371390676354104,0,0,0,0
0.75711501140571,0.744065790085368,0.744065790085368,0.744065790085368,0.697733441883693,0.744065790085368,0.744065790085368,0.744065790085368,0.75711501140571,0.744065790085368,0.196545680399909,0.196545680399909,0.402573093237028,0.402573093237028,0.402573093237028,0.402573093237028,0,0,0,0
0.585322556838255,0.75810476725679,0.75810476725679,0.75810476725679,0.682888049503189,0.673870904228258,0.75810476725679,0.75810476725679,0.771960403786214,0.75810476725679,0.210584657571331,0.210584657571331,0.381385035698237,0.381385035698237,0.381385035698237,0.381385035698237,0,0,0,0
0,0,0,0,0.468896553075333,0.468896553075333,0.468896553075333,0.468896553075333,0.468896553075333,0.468896553075333,0.468896553075333,0.468896553075333,-0.235435477898709,-0.235435477898709,-0.235435477898709,-0.235435477898709,0,0,0,0
