-0.2762141885008,-0.2762141885008,-0.2762141885008,-0.2762141885008,0.41651783244684,0.41651783244684,0.41651783244684,0.41651783244684,0.370966226805966,0.370966226805966,0.370966226805966,0.370966226805966,0.337579266393429,0.337579266393429,0.337579266393429,0.337579266393429,0.337579266393429,0.337579266393429,0.337579266393429,0.337579266393429
-0.0558557842762056,0.279278921381028,0.279278921381028,0.279278921381028,-0.291038033860229,0.390990489933439,0.379231377454238,0.379231377454238,-0.291038033860229,0.0323375593178032,-0.0146988905990015,-0.0146988905990015,0.218673460440084,0.218673460440084,0.218673460440084,0.218673460440084,0.218673460440084,0.218673460440084,0.218673460440084,0.218673460440084
0,0,0,0,0.513900049782985,0.513900049782985,0.513900049782985,0.513900049782985,0.474409041459926,0.474409041459926,0.474409041459926,0.474409041459926,0.359400788984792,0.359400788984792,0.359400788984792,0.359400788984792,0.359400788984792,0.359400788984792,0.359400788984792,0.359400788984792
0,0,0,0,0.292174354895389,0.292174354895389,0.292174354895389,0.292174354895389,0,0,0,0,0,0,0,0,0,0,0,0
0.793096948728907,0.793096948728907,0.793096948728907,0.793096948728907,0.793096948728907,0.793096948728907,0.793096948728907,0.793096948728907,-0.0391263395341825,-0.0391263395341825,-0.0391263395341825,-0.0391263395341825,-0.0334945317404154,-0.0334945317404154,-0.0334945317404154,-0.0334945317404154,-0.0334945317404154,-0.0334945317404154,-0.0334945317404154,-0.0334945317404154
0.748239016555355,0.748239016555355,0.748239016555355,0.748239016555355,0.686061280413709,0.686061280413709,0.686061280413709,0.686061280413709,0.686061280413709,0.686061280413709,0.686061280413709,0.686061280413709,0.180542442214134,0.180542442214134,0.180542442214134,0.180542442214134,0.180542442214134,0.180542442214134,0.180542442214134,0.180542442214134
0.75607293790729,0.75607293790729,0.75607293790729,0.75607293790729,0.75607293790729,0.75607293790729,0.75607293790729,0.75607293790729,0.245902047276305,0.245902047276305,0.245902047276305,0.245902047276305,0.0174217085418144,0.0174217085418144,0.0174217085418144,0.0174217085418144,0.0174217085418144,0.0174217085418144,0.0174217085418144,0.0174217085418144
0.24688939081945,0.24688939081945,0.24688939081945,0.24688939081945,0.079374009234608,0.079374009234608,0.079374009234608,0.079374009234608,-0.118463837663658,-0.118463837663658,-0.118463837663658,-0.118463837663658,-0.24688939081945,-0.24688939081945,-0.24688939081945,-0.24688939081945,-0.24688939081945,-0.24688939081945,-0.24688939081945,-0.24688939081945
0.667597469213826,0.667597469213826,0.667597469213826,0.667597469213826,0.258618839425176,0.258618839425176,0.258618839425176,0.258618839425176,-0.0140803179259038,-0.0140803179259038,-0.0140803179259038,-0.0140803179259038,-0.0147321905688944,-0.0147321905688944,-0.0147321905688944,-0.0147321905688944,-0.0147321905688944,-0.0147321905688944,-0.0147321905688944,-0.0147321905688944
0.597418184720555,0.597418184720555,0.597418184720555,0.597418184720555,0.554114131783761,0.554114131783761,0.554114131783761,0.554114131783761,0.554114131783761,0.554114131783761,0.554114131783761,0.554114131783761,0.255442684864854,0.255442684864854,0.255442684864854,0.255442684864854,0.255442684864854,0.255442684864854,0.255442684864854,0.255442684864854
0.00705398259484142,0.00705398259484142,0.00705398259484142,0.00705398259484142,0.0205784468386021,0.0205784468386021,0.0205784468386021,0.0205784468386021,-0.10492511335924,-0.10492511335924,-0.10492511335924,-0.10492511335924,-0.00705398259484142,-0.00705398259484142,-0.00705398259484142,-0.00705398259484142,-0.00705398259484142,-0.00705398259484142,-0.00705398259484142,-0.00705398259484142
0.428549564355483,0.428549564355483,0.428549564355483,0.428549564355483,0.262109325857167,0.262109325857167,0.262109325857167,0.262109325857167,-0.19702682109635,-0.19702682109635,-0.19702682109635,-0.19702682109635,0,0,0,0,0,0,0,0
-0.262612865719445,-0.262612865719445,-0.262612865719445,-0.262612865719445,0.220004269946794,0.220004269946794,0.220004269946794,0.220004269946794,0.169295582276194,0.169295582276194,0.169295582276194,0.169295582276194,0.239835408224608,0.239835408224608,0.239835408224608,0.239835408224608,0.239835408224608,0.239835408224608,0.239835408224608,0.239835408224608
-0.262612865719445,-0.262612865719445,-0.262612865719445,-0.262612865719445,0.294467253621094,0.294467253621094,0.294467253621094,0.294467253621094,0.24688939081945,0.24688939081945,0.24688939081945,0.24688939081945,0.260997356009132,0.260997356009132,0.260997356009132,0.260997356009132,0.260997356009132,0.260997356009132,0.260997356009132,0.260997356009132
-0.262612865719445,-0.262612865719445,-0.262612865719445,-0.262612865719445,0.328314064382139,0.328314064382139,0.328314064382139,0.328314064382139,0.282159303793657,0.282159303793657,0.282159303793657,0.282159303793657,0.260997356009132,0.260997356009132,0.260997356009132,0.260997356009132,0.260997356009132,0.260997356009132,0.260997356009132,0.260997356009132
-0.238122027703824,0.255760696422626,0.191085577787019,0.191085577787019,-0.138169571630614,0.314556258818632,0.314556258818632,0.314556258818632,-0.179326465307818,0.0970126779534097,0.0382171155574038,0.0382171155574038,0.211619477845242,0.211619477845242,0.211619477845242,0.211619477845242,0.211619477845242,0.211619477845242,0.211619477845242,0.211619477845242
-0.29691759009983,0.191085577787019,0.191085577787019,0.191085577787019,-0.19696513402662,0.361592708735436,0.314556258818632,0.314556258818632,-0.238122027703824,0.0264580030782027,-0.0323375593178032,-0.0323375593178032,0.169295582276194,0.169295582276194,0.169295582276194,0.169295582276194,0.169295582276194,0.169295582276194,0.169295582276194,0.169295582276194
-0.249881140183025,0.214603802745422,0.214603802745422,0.214603802745422,-0.208724246505821,0.373351821214637,0.338074483777034,0.338074483777034,-0.249881140183025,0.0264580030782027,-0.0323375593178032,-0.0323375593178032,0.183403547465877,0.183403547465877,0.183403547465877,0.183403547465877,0.183403547465877,0.183403547465877,0.183403547465877,0.183403547465877
0.162808725843546,0.162808725843546,0.162808725843546,0.162808725843546,0.710302014110866,0.710302014110866,0.710302014110866,0.710302014110866,0.607020177108225,0.607020177108225,0.607020177108225,0.607020177108225,0.576041994651305,0.576041994651305,0.576041994651305,0.576041994651305,0.576041994651305,0.576041994651305,0.576041994651305,0.576041994651305
0.193208922816736,0.193208922816736,0.193208922816736,0.193208922816736,0.661961625524959,0.661961625524959,0.661961625524959,0.661961625524959,0.565402794192176,0.565402794192176,0.565402794192176,0.565402794192176,0.52502644531904,0.52502644531904,0.52502644531904,0.52502644531904,0.52502644531904,0.52502644531904,0.52502644531904,0.52502644531904
0.205284480492783,0.205284480492783,0.205284480492783,0.205284480492783,0.70038234521067,0.70038234521067,0.70038234521067,0.70038234521067,0.568936561655877,0.568936561655877,0.568936561655877,0.568936561655877,0.536118553318738,0.536118553318738,0.536118553318738,0.536118553318738,0.536118553318738,0.536118553318738,0.536118553318738,0.536118553318738
0.256356420017047,0.506460244423921,0.506460244423921,0.506460244423921,0.41718238208076,0.55159916163626,0.55159916163626,0.55159916163626,0.41718238208076,0.41718238208076,0.41718238208076,0.41718238208076,0.367576051509291,0.367576051509291,0.367576051509291,0.367576051509291,0.367576051509291,0.367576051509291,0.367576051509291,0.367576051509291
0.170137145934721,0.4368949450182,0.4368949450182,0.4368949450182,0.225478016964967,0.481617872395465,0.481617872395465,0.4368949450182,0.225478016964967,0.383556233967569,0.383556233967569,0.383556233967569,0.330493579653146,0.330493579653146,0.330493579653146,0.330493579653146,0.330493579653146,0.330493579653146,0.330493579653146,0.330493579653146
0.233357342525488,0.382846501038806,0.382846501038806,0.382846501038806,0.246338547839567,0.382846501038806,0.426548306258092,0.382846501038806,0.246338547839567,0.320101278787891,0.320101278787891,0.320101278787891,0.263996490263798,0.263996490263798,0.263996490263798,0.263996490263798,0.263996490263798,0.263996490263798,0.263996490263798,0.263996490263798
0.736735037116288,0.736735037116288,0.736735037116288,0.736735037116288,0.660132039613205,0.660132039613205,0.660132039613205,0.660132039613205,0.660132039613205,0.660132039613205,0.660132039613205,0.660132039613205,0.0800160048016006,0.0800160048016006,0.0800160048016006,0.0800160048016006,0.0800160048016006,0.0800160048016006,0.0800160048016006,0.0800160048016006
