0.140329283089125,0.140329283089125,0.140329283089125,0.140329283089125,0.666218047307655,0.666218047307655,0.666218047307655,0.666218047307655,0.710980610836054,0.710980610836054,0.710980610836054,0.710980610836054,0.626791139748428,0.626791139748428,0.626791139748428,0.626791139748428,0,0,0,0
0.454271953358276,0.613395462444226,0.613395462444226,0.613395462444226,0.623661495288481,0.613395462444226,0.613395462444226,0.613395462444226,-0.136908435007716,0.254084312895307,0.254084312895307,0.254084312895307,-0.280453431930711,-0.231383797052563,-0.231383797052563,-0.231383797052563,0,0,0,0
0,0,0,0,0.546136023163412,0.546136023163412,0.546136023163412,0.546136023163412,0.638882911480401,0.638882911480401,0.638882911480401,0.638882911480401,0.611302173770954,0.611302173770954,0.611302173770954,0.611302173770954,0,0,0,0
0.149302302995127,0.149302302995127,0.149302302995127,0.149302302995127,0.570713838726805,0.570713838726805,0.570713838726805,0.570713838726805,0.570713838726805,0.570713838726805,0.570713838726805,0.570713838726805,0,0,0,0,0,0,0,0
0.414665313257518,0.414665313257518,0.414665313257518,0.414665313257518,0.619000312185587,0.619000312185587,0.619000312185587,0.619000312185587,0.619000312185587,0.619000312185587,0.619000312185587,0.619000312185587,0.0964763821237732,0.0964763821237732,0.0964763821237732,0.0964763821237732,0,0,0,0
0.44956708359567,0.44956708359567,0.44956708359567,0.44956708359567,0.821234625305041,0.821234625305041,0.821234625305041,0.821234625305041,0.791169823818064,0.791169823818064,0.791169823818064,0.791169823818064,0.700981032256179,0.700981032256179,0.700981032256179,0.700981032256179,0,0,0,0
0.513695942191023,0.513695942191023,0.513695942191023,0.513695942191023,0.71327972681915,0.71327972681915,0.71327972681915,0.71327972681915,0.730532420301806,0.730532420301806,0.730532420301806,0.730532420301806,0.471101448790867,0.471101448790867,0.471101448790867,0.471101448790867,0,0,0,0
0.187355099407651,0.187355099407651,0.187355099407651,0.187355099407651,0.444005920514021,0.444005920514021,0.444005920514021,0.444005920514021,0.394650811370015,0.394650811370015,0.394650811370015,0.394650811370015,0.141672352212421,0.141672352212421,0.141672352212421,0.141672352212421,0,0,0,0
0.559621058228362,0.559621058228362,0.559621058228362,0.559621058228362,0.676034346220091,0.676034346220091,0.676034346220091,0.676034346220091,0.676034346220091,0.676034346220091,0.676034346220091,0.676034346220091,0.345195458450146,0.345195458450146,0.345195458450146,0.345195458450146,0,0,0,0
0.524631880924295,0.524631880924295,0.524631880924295,0.524631880924295,0.74796232829871,0.74796232829871,0.74796232829871,0.74796232829871,0.731126155013931,0.731126155013931,0.731126155013931,0.731126155013931,0.640520702449788,0.640520702449788,0.640520702449788,0.640520702449788,0,0,0,0
0.0692957216987201,0.0692957216987201,0.0692957216987201,0.0692957216987201,0.202414974202545,0.202414974202545,0.202414974202545,0.202414974202545,0.206867077181396,0.206867077181396,0.206867077181396,0.206867077181396,0.228410527036352,0.228410527036352,0.228410527036352,0.228410527036352,0,0,0,0
0.017965557477446,0.017965557477446,0.017965557477446,0.017965557477446,0.495336084735296,0.495336084735296,0.495336084735296,0.495336084735296,0.494044349048389,0.494044349048389,0.494044349048389,0.494044349048389,0,0,0,0,0,0,0,0
0.261595458500422,0.261595458500422,0.261595458500422,0.261595458500422,0.423473854825512,0.423473854825512,0.423473854825512,0.423473854825512,0.614745717975823,0.614745717975823,0.614745717975823,0.614745717975823,0.477059961531621,0.477059961531621,0.477059961531621,0.477059961531621,0,0,0,0
0.192980256270803,0.192980256270803,0.192980256270803,0.192980256270803,0.572331331067207,0.572331331067207,0.572331331067207,0.572331331067207,0.679173216802984,0.679173216802984,0.679173216802984,0.679173216802984,0.55801559136729,0.55801559136729,0.55801559136729,0.55801559136729,0,0,0,0
0.192980256270803,0.192980256270803,0.192980256270803,0.192980256270803,0.562065298222952,0.562065298222952,0.562065298222952,0.562065298222952,0.689911133274177,0.689911133274177,0.689911133274177,0.689911133274177,0.569580681343814,0.569580681343814,0.569580681343814,0.569580681343814,0,0,0,0
0.331079559227218,0.562065298222952,0.562065298222952,0.459404969780404,0.459404969780404,0.562065298222952,0.562065298222952,0.459404969780404,-0.00805343735339507,0.377276707026365,0.377276707026365,0.377276707026365,-0.135889807224159,-0.119681274337532,-0.119681274337532,-0.119681274337532,0,0,0,0
0.402941789137002,0.582597363911462,0.582597363911462,0.582597363911462,0.582597363911462,0.582597363911462,0.582597363911462,0.582597363911462,-0.0939567691229424,0.295148444272326,0.295148444272326,0.295148444272326,-0.211062892071566,-0.188830455065885,-0.188830455065885,-0.188830455065885,0,0,0,0
0.418340838403384,0.597996413177844,0.597996413177844,0.597996413177844,0.597996413177844,0.597996413177844,0.597996413177844,0.597996413177844,-0.110063643829733,0.279749395005944,0.279749395005944,0.279749395005944,-0.239975617012876,-0.210107126059224,-0.210107126059224,-0.210107126059224,0,0,0,0
0.350416924311218,0.350416924311218,0.350416924311218,0.350416924311218,0.748692130512041,0.748692130512041,0.748692130512041,0.748692130512041,0.794542359103294,0.794542359103294,0.794542359103294,0.794542359103294,0.546195345648965,0.546195345648965,0.546195345648965,0.546195345648965,0,0,0,0
0.360877131007075,0.360877131007075,0.360877131007075,0.360877131007075,0.754342637157415,0.754342637157415,0.754342637157415,0.754342637157415,0.794542359103294,0.794542359103294,0.794542359103294,0.794542359103294,0.537456220118581,0.537456220118581,0.537456220118581,0.537456220118581,0,0,0,0
0.372226769726071,0.372226769726071,0.372226769726071,0.372226769726071,0.807244717738444,0.807244717738444,0.807244717738444,0.807244717738444,0.807244717738444,0.807244717738444,0.807244717738444,0.807244717738444,0.538743542250436,0.538743542250436,0.538743542250436,0.538743542250436,0,0,0,0
0.527611205710016,0.527611205710016,0.632088672187246,0.736566138664477,0.781662954245916,0.781662954245916,0.781662954245916,0.781662954245916,0.772074666583577,0.772074666583577,0.772074666583577,0.772074666583577,0.449528853886144,0.449528853886144,0.449528853886144,0.449528853886144,0,0,0,0
0.417422354910417,0.655949414859227,0.655949414859227,0.688475832124974,0.732102872718155,0.681176369951256,0.681176369951256,0.732102872718155,0.714676847161974,0.714676847161974,0.714676847161974,0.714676847161974,0.457439921794417,0.457439921794417,0.457439921794417,0.457439921794417,0,0,0,0
0.412976265406635,0.647368199826617,0.647368199826617,0.69201428257328,0.709863906831269,0.698368135060722,0.698368135060722,0.698368135060722,0.709863906831269,0.709863906831269,0.709863906831269,0.709863906831269,0.442939783914149,0.442939783914149,0.442939783914149,0.442939783914149,0,0,0,0
0.712261941402692,0.712261941402692,0.712261941402692,0.712261941402692,0.672522898276597,0.672522898276597,0.672522898276597,0.672522898276597,0.672522898276597,0.672522898276597,0.672522898276597,0.672522898276597,0.181107702762748,0.181107702762748,0.181107702762748,0.181107702762748,0,0,0,0
