0.715448948797638,0.715448948797638,0.715448948797638,0.715448948797638,0.579964123661422,0.579964123661422,0.579964123661422,0.579964123661422,0.469998521152206,0.469998521152206,0.469998521152206,0.469998521152206,0,0,0,0,0,0,0,0
0.283027188948645,0.251285821963751,0.251285821963751,0.251285821963751,0.26451139154079,0.251285821963751,0.251285821963751,0.251285821963751,0.194963508683258,0.194963508683258,0.194963508683258,0.194963508683258,0,0,0,0,0,0,0,0
0.0419314479996983,0.0419314479996983,0.0419314479996983,0.0419314479996983,0.544618715595722,0.544618715595722,0.544618715595722,0.544618715595722,0.513394279774659,0.513394279774659,0.513394279774659,0.513394279774659,0,0,0,0,0,0,0,0
-0.250095803104645,-0.250095803104645,-0.250095803104645,-0.250095803104645,0.273424976215342,0.273424976215342,0.273424976215342,0.273424976215342,0,0,0,0,0,0,0,0,0,0,0,0
0.208328979105818,0.395845140653008,0.587418538655356,0.587418538655356,0.675489311612038,0.675489311612038,0.675489311612038,0.675489311612038,0.531078054887819,0.531078054887819,0.531078054887819,0.531078054887819,0,0,0,0,0,0,0,0
0.0337871466236905,0.331871259267535,0.6985354731357,0.6985354731357,0.714569180696645,0.714569180696645,0.714569180696645,0.714569180696645,0.111885002639138,0.111885002639138,0.111885002639138,0.111885002639138,0,0,0,0,0,0,0,0
0.155574552198955,0.434244951059176,0.646719544849598,0.646719544849598,0.731597183746048,0.731597183746048,0.731597183746048,0.731597183746048,0.245036156460802,0.245036156460802,0.245036156460802,0.245036156460802,0,0,0,0,0,0,0,0
-0.203673771486408,-0.116027540471462,0.412485036421693,0.412485036421693,0.695220240296681,0.695220240296681,0.695220240296681,0.695220240296681,0.162469590569382,0.162469590569382,0.162469590569382,0.162469590569382,0,0,0,0,0,0,0,0
0.143356951660579,0.491700946349837,0.556010606907854,0.556010606907854,0.65038215022888,0.65038215022888,0.65038215022888,0.65038215022888,0.562920564920092,0.562920564920092,0.562920564920092,0.562920564920092,0,0,0,0,0,0,0,0
-0.19948275759996,-0.048198094155801,0.689332719523835,0.689332719523835,0.336723359320225,0.336723359320225,0.336723359320225,0.336723359320225,0.262135103195382,0.262135103195382,0.262135103195382,0.262135103195382,0,0,0,0,0,0,0,0
-0.108449670531724,0.187803087993961,0.403394579930657,0.403394579930657,0.685318172587995,0.685318172587995,0.685318172587995,0.685318172587995,0.230706818608522,0.230706818608522,0.230706818608522,0.230706818608522,0,0,0,0,0,0,0,0
-0.690374731921462,-0.126965467939579,0.683404137536432,0.683404137536432,0.661429085961834,0.661429085961834,0.661429085961834,0.661429085961834,0,0,0,0,0,0,0,0,0,0,0,0
0.190098347657156,0.190098347657156,0.190098347657156,0.190098347657156,0.640526135163943,0.640526135163943,0.640526135163943,0.640526135163943,0.367181274686802,0.367181274686802,0.367181274686802,0.367181274686802,0,0,0,0,0,0,0,0
0.164175845703908,0.164175845703908,0.164175845703908,0.164175845703908,0.592747961911621,0.592747961911621,0.592747961911621,0.592747961911621,0.428919719103167,0.428919719103167,0.428919719103167,0.428919719103167,0,0,0,0,0,0,0,0
0.167056123698713,0.167056123698713,0.167056123698713,0.167056123698713,0.58080341859854,0.58080341859854,0.58080341859854,0.58080341859854,0.43866789453733,0.43866789453733,0.43866789453733,0.43866789453733,0,0,0,0,0,0,0,0
0.494636302181277,0.396767087311185,0.375606175987922,0.346509922918435,0.505216757842909,0.396767087311185,0.375606175987922,0.346509922918435,0.292445263024887,0.292445263024887,0.292445263024887,0.292445263024887,0,0,0,0,0,0,0,0
0.433798682126896,0.341219695087619,0.320058783764356,0.320058783764356,0.423218226465264,0.341219695087619,0.320058783764356,0.341219695087619,0.256701953099623,0.256701953099623,0.256701953099623,0.256701953099623,0,0,0,0,0,0,0,0
0.41528288471904,0.338574581172211,0.317413669848948,0.338574581172211,0.394121973395777,0.338574581172211,0.317413669848948,0.338574581172211,0.240454994042685,0.240454994042685,0.240454994042685,0.240454994042685,0,0,0,0,0,0,0,0
0.57282833459466,0.57282833459466,0.57282833459466,0.57282833459466,0.571543282851295,0.571543282851295,0.571543282851295,0.571543282851295,0.593208002809433,0.593208002809433,0.593208002809433,0.593208002809433,0,0,0,0,0,0,0,0
0.57282833459466,0.57282833459466,0.57282833459466,0.57282833459466,0.568527223311183,0.568527223311183,0.568527223311183,0.568527223311183,0.593208002809433,0.593208002809433,0.593208002809433,0.593208002809433,0,0,0,0,0,0,0,0
0.490614160141267,0.490614160141267,0.490614160141267,0.490614160141267,0.564517985005589,0.564517985005589,0.564517985005589,0.564517985005589,0.598550722521191,0.598550722521191,0.598550722521191,0.598550722521191,0,0,0,0,0,0,0,0
0.365391012118107,0.289367987843122,0.262197284759261,0.38174837832825,0.480043282236867,0.400767870486953,0.400767870486953,0.38174837832825,0.546423005806106,0.546423005806106,0.546423005806106,0.546423005806106,0,0,0,0,0,0,0,0
0.431343943217369,0.257703889398237,0.257703889398237,0.456149665191531,0.493178127003448,0.456149665191531,0.421672921353903,0.456149665191531,0.546048295292359,0.546048295292359,0.546048295292359,0.546048295292359,0,0,0,0,0,0,0,0
0.308917009689499,0.289078302645219,0.299389622968906,0.428963312894616,0.471924498119968,0.428963312894616,0.428963312894616,0.428963312894616,0.553008301762444,0.553008301762444,0.553008301762444,0.553008301762444,0,0,0,0,0,0,0,0
0.324188162763808,0.324188162763808,0.324188162763808,0.324188162763808,0.381305706689412,0.381305706689412,0.381305706689412,0.381305706689412,0.321380333358988,0.321380333358988,0.321380333358988,0.321380333358988,0,0,0,0,0,0,0,0
