0.627375189815369,0.627375189815369,0.627375189815369,0.627375189815369,0.400532467422437,0.400532467422437,0.400532467422437,0.400532467422437,0.592774653497713,0.592774653497713,0.592774653497713,0.592774653497713,0.522742144882456,0.522742144882456,0.522742144882456,0.522742144882456,0,0,0,0
0.68451734393322,0.747381181641372,0.726426569071988,0.726426569071988,0.726426569071988,0.747381181641372,0.726426569071988,0.726426569071988,0.701562922137974,0.691502214789681,0.691502214789681,0.691502214789681,-0.00593599879950372,-0.00593599879950372,-0.00593599879950372,-0.00593599879950372,0,0,0,0
0.306705844047797,0.306705844047797,0.306705844047797,0.306705844047797,0.482351268448346,0.482351268448346,0.482351268448346,0.482351268448346,0.489927530024012,0.489927530024012,0.489927530024012,0.489927530024012,0.523027095650352,0.523027095650352,0.523027095650352,0.523027095650352,0,0,0,0
0.482954604400679,0.482954604400679,0.482954604400679,0.482954604400679,0.262296491788211,0.262296491788211,0.262296491788211,0.262296491788211,0.308222884218986,0.308222884218986,0.308222884218986,0.308222884218986,0,0,0,0,0,0,0,0
-0.0214003837043936,0.447030237380667,0.715723943891387,0.715723943891387,0.65647391885375,0.65647391885375,0.65647391885375,0.65647391885375,0.619866707013946,0.619866707013946,0.619866707013946,0.619866707013946,0.0350748155460579,0.0350748155460579,0.0350748155460579,0.0350748155460579,0,0,0,0
0.0270483431569329,0.629167982128656,0.814978339467586,0.814978339467586,0.837512381393897,0.837512381393897,0.837512381393897,0.837512381393897,0.837512381393897,0.837512381393897,0.837512381393897,0.837512381393897,0.325582224620856,0.325582224620856,0.325582224620856,0.325582224620856,0,0,0,0
-0.0375257565455239,0.531373838298771,0.804651812280997,0.804651812280997,0.781881759887945,0.781881759887945,0.781881759887945,0.781881759887945,0.804651812280997,0.804651812280997,0.804651812280997,0.804651812280997,0.146050079181067,0.146050079181067,0.146050079181067,0.146050079181067,0,0,0,0
0.0141523604665955,0.154240602063941,0.346915252537584,0.346915252537584,0.586509715451695,0.586509715451695,0.586509715451695,0.586509715451695,0.513196001020233,0.513196001020233,0.513196001020233,0.513196001020233,-0.267119945977668,-0.267119945977668,-0.267119945977668,-0.267119945977668,0,0,0,0
0.140630110965474,0.530612771626031,0.797691805896594,0.797691805896594,0.829052630801681,0.829052630801681,0.829052630801681,0.829052630801681,0.770528023332692,0.770528023332692,0.770528023332692,0.770528023332692,0.23584496971633,0.23584496971633,0.23584496971633,0.23584496971633,0,0,0,0
-0.176546492624656,0.457312754722379,0.636971336934742,0.636971336934742,0.706672382485547,0.706672382485547,0.706672382485547,0.706672382485547,0.393922105101741,0.393922105101741,0.393922105101741,0.393922105101741,0.287273318914924,0.287273318914924,0.287273318914924,0.287273318914924,0,0,0,0
0.383011632941513,0.00119117698966742,0.198926557274459,0.198926557274459,0.377784956488399,0.377784956488399,0.377784956488399,0.377784956488399,0.530850185091068,0.530850185091068,0.530850185091068,0.530850185091068,-0.103879978991315,-0.103879978991315,-0.103879978991315,-0.103879978991315,0,0,0,0
-0.0745446995002253,0.165661183480271,0.368268386297869,0.368268386297869,0.577721421126746,0.577721421126746,0.577721421126746,0.577721421126746,0.344132461532202,0.344132461532202,0.344132461532202,0.344132461532202,0,0,0,0,0,0,0,0
0.40315041494484,0.40315041494484,0.40315041494484,0.40315041494484,0.511183644302861,0.511183644302861,0.511183644302861,0.511183644302861,0.698183116352044,0.698183116352044,0.698183116352044,0.698183116352044,0.412551916565509,0.412551916565509,0.412551916565509,0.412551916565509,0,0,0,0
0.400541027145844,0.400541027145844,0.400541027145844,0.400541027145844,0.47961410807513,0.47961410807513,0.47961410807513,0.47961410807513,0.679313302396583,0.679313302396583,0.679313302396583,0.679313302396583,0.454103908162035,0.454103908162035,0.454103908162035,0.454103908162035,0,0,0,0
0.390103475949861,0.390103475949861,0.390103475949861,0.390103475949861,0.474757256347787,0.474757256347787,0.474757256347787,0.474757256347787,0.672237122163286,0.672237122163286,0.672237122163286,0.672237122163286,0.468943905160794,0.468943905160794,0.468943905160794,0.468943905160794,0,0,0,0
0.458673186240967,0.733411439928449,0.749709471926859,0.749709471926859,0.607683764512144,0.749709471926859,0.749709471926859,0.749709471926859,0.731083149642962,0.731083149642962,0.731083149642962,0.731083149642962,0.0979439801918115,0.0979439801918115,0.0979439801918115,0.0979439801918115,0,0,0,0
0.512223862807171,0.731083149642962,0.756694342783321,0.733411439928449,0.61932521593958,0.756694342783321,0.756694342783321,0.756694342783321,0.733411439928449,0.733411439928449,0.733411439928449,0.733411439928449,0.0445199909962779,0.0445199909962779,0.0445199909962779,0.0445199909962779,0,0,0,0
0.516880443378145,0.735739730213937,0.761350923354295,0.761350923354295,0.623981796510554,0.761350923354295,0.761350923354295,0.761350923354295,0.714785117644552,0.714785117644552,0.714785117644552,0.714785117644552,0.0356159927970223,0.0356159927970223,0.0356159927970223,0.0356159927970223,0,0,0,0
0.581828490044353,0.581828490044353,0.581828490044353,0.581828490044353,0.678179021271124,0.678179021271124,0.678179021271124,0.678179021271124,0.422284579216611,0.422284579216611,0.422284579216611,0.422284579216611,0.486713260120608,0.486713260120608,0.486713260120608,0.486713260120608,0,0,0,0
0.63906309938858,0.63906309938858,0.63906309938858,0.63906309938858,0.697061275896544,0.697061275896544,0.697061275896544,0.697061275896544,0.438085849555795,0.438085849555795,0.438085849555795,0.438085849555795,0.472966352875428,0.472966352875428,0.472966352875428,0.472966352875428,0,0,0,0
0.630912832189593,0.630912832189593,0.630912832189593,0.630912832189593,0.698715544776661,0.698715544776661,0.698715544776661,0.698715544776661,0.469540820062913,0.469540820062913,0.469540820062913,0.469540820062913,0.486841864417418,0.486841864417418,0.486841864417418,0.486841864417418,0,0,0,0
0.568936561655877,0.668157554670371,0.738665588219024,0.714998950155522,0.728067416339465,0.728067416339465,0.728067416339465,0.728067416339465,0.629526421727096,0.629526421727096,0.629526421727096,0.629526421727096,0.394522195561441,0.394522195561441,0.394522195561441,0.394522195561441,0,0,0,0
0.391739993857501,0.723026284959215,0.696426655746668,0.683799656386454,0.683799656386454,0.683799656386454,0.683799656386454,0.683799656386454,0.707920611019093,0.707920611019093,0.707920611019093,0.707920611019093,0.314732491925879,0.314732491925879,0.314732491925879,0.314732491925879,0,0,0,0
0.389713324334194,0.682737448850666,0.671357694411968,0.671357694411968,0.671357694411968,0.789005138004161,0.671357694411968,0.671357694411968,0.707647551912026,0.707647551912026,0.707647551912026,0.707647551912026,0.258505448346968,0.258505448346968,0.258505448346968,0.258505448346968,0,0,0,0
0,0,0,0,0.605972034543766,0.605972034543766,0.605972034543766,0.605972034543766,0.642831108596309,0.642831108596309,0.642831108596309,0.642831108596309,0.075389414031944,0.075389414031944,0.075389414031944,0.075389414031944,0,0,0,0
