0.393567642914093,0.393567642914093,0.393567642914093,0.393567642914093,0.313252448769811,0.313252448769811,0.313252448769811,0.313252448769811,0.393567642914093,0.393567642914093,0.393567642914093,0.393567642914093,0.283310587931375,0.283310587931375,0.283310587931375,0.283310587931375,0,0,0,0
0.729472700667619,0.729472700667619,0.729472700667619,0.729472700667619,0.729472700667619,0.729472700667619,0.729472700667619,0.729472700667619,0.601370177623549,0.601370177623549,0.601370177623549,0.601370177623549,-0.515715808730506,-0.515715808730506,-0.515715808730506,-0.515715808730506,0,0,0,0
0.364931344386944,0.364931344386944,0.364931344386944,0.364931344386944,0.364931344386944,0.364931344386944,0.364931344386944,0.364931344386944,0.364931344386944,0.364931344386944,0.364931344386944,0.364931344386944,0.258810325140174,0.258810325140174,0.258810325140174,0.258810325140174,0,0,0,0
0.444202338727457,0.444202338727457,0.444202338727457,0.444202338727457,0.444202338727457,0.444202338727457,0.444202338727457,0.444202338727457,0.444202338727457,0.444202338727457,0.444202338727457,0.444202338727457,0,0,0,0,0,0,0,0
0.825738484528138,0.825738484528138,0.825738484528138,0.825738484528138,0.825738484528138,0.825738484528138,0.825738484528138,0.825738484528138,0.825738484528138,0.825738484528138,0.825738484528138,0.825738484528138,0.0320901782967022,0.0320901782967022,0.0320901782967022,0.0320901782967022,0,0,0,0
0.827391660526558,0.827391660526558,0.827391660526558,0.827391660526558,0.827391660526558,0.827391660526558,0.827391660526558,0.827391660526558,0.827391660526558,0.827391660526558,0.827391660526558,0.827391660526558,0.612176268217148,0.612176268217148,0.612176268217148,0.612176268217148,0,0,0,0
0.870062840141097,0.870062840141097,0.870062840141097,0.870062840141097,0.870062840141097,0.870062840141097,0.870062840141097,0.870062840141097,0.870062840141097,0.870062840141097,0.870062840141097,0.870062840141097,0.234421140318098,0.234421140318098,0.234421140318098,0.234421140318098,0,0,0,0
0.254781775081643,0.254781775081643,0.254781775081643,0.254781775081643,0.254781775081643,0.254781775081643,0.254781775081643,0.254781775081643,0,0,0,0,-0.381181249931244,-0.381181249931244,-0.381181249931244,-0.381181249931244,0,0,0,0
0.8217844068133,0.8217844068133,0.8217844068133,0.8217844068133,0.8217844068133,0.8217844068133,0.8217844068133,0.8217844068133,0.8217844068133,0.8217844068133,0.8217844068133,0.8217844068133,0.022811795251165,0.022811795251165,0.022811795251165,0.022811795251165,0,0,0,0
0.702086438458989,0.702086438458989,0.702086438458989,0.702086438458989,0.702086438458989,0.702086438458989,0.702086438458989,0.702086438458989,0.702086438458989,0.702086438458989,0.702086438458989,0.702086438458989,0.601851851851852,0.601851851851852,0.601851851851852,0.601851851851852,0,0,0,0
0,0,0,0,0,0,0,0,-0.0388650165378777,-0.0388650165378777,-0.0388650165378777,-0.0388650165378777,-0.192832867612276,-0.192832867612276,-0.192832867612276,-0.192832867612276,0,0,0,0
0.375695159866152,0.375695159866152,0.375695159866152,0.375695159866152,0.375695159866152,0.375695159866152,0.375695159866152,0.375695159866152,0.375695159866152,0.375695159866152,0.375695159866152,0.375695159866152,0,0,0,0,0,0,0,0
0.418878511574905,0.418878511574905,0.418878511574905,0.418878511574905,0.437683620400572,0.437683620400572,0.437683620400572,0.437683620400572,0.418878511574905,0.418878511574905,0.418878511574905,0.418878511574905,0.156956985265806,0.156956985265806,0.156956985265806,0.156956985265806,0,0,0,0
0.383310770690242,0.383310770690242,0.383310770690242,0.383310770690242,0.394982779385882,0.394982779385882,0.394982779385882,0.394982779385882,0.384331830207902,0.384331830207902,0.384331830207902,0.384331830207902,0.201801838198894,0.201801838198894,0.201801838198894,0.201801838198894,0,0,0,0
0.375695159866152,0.375695159866152,0.375695159866152,0.375695159866152,0.3878659725501,0.3878659725501,0.3878659725501,0.3878659725501,0.375695159866152,0.375695159866152,0.375695159866152,0.375695159866152,0.201801838198894,0.201801838198894,0.201801838198894,0.201801838198894,0,0,0,0
0.551552529773078,0.551552529773078,0.622720598130894,0.55866933660886,0.622720598130894,0.622720598130894,0.622720598130894,0.55866933660886,0.402099586221663,0.402099586221663,0.402099586221663,0.402099586221663,-0.318398455824921,-0.318398455824921,-0.318398455824921,-0.318398455824921,0,0,0,0
0.636954211802458,0.636954211802458,0.636954211802458,0.636954211802458,0.636954211802458,0.636954211802458,0.636954211802458,0.636954211802458,0.537318916101515,0.537318916101515,0.537318916101515,0.373632358878537,-0.417057132277714,-0.417057132277714,-0.417057132277714,-0.417057132277714,0,0,0,0
0.665421439145584,0.665421439145584,0.665421439145584,0.665421439145584,0.665421439145584,0.665421439145584,0.665421439145584,0.665421439145584,0.565786143444641,0.565786143444641,0.565786143444641,0.565786143444641,-0.452933014624184,-0.452933014624184,-0.452933014624184,-0.452933014624184,0,0,0,0
0.387360931845917,0.387360931845917,0.387360931845917,0.387360931845917,0.387360931845917,0.387360931845917,0.387360931845917,0.387360931845917,0.648982545180565,0.648982545180565,0.648982545180565,0.648982545180565,0.552045445078193,0.552045445078193,0.552045445078193,0.552045445078193,0,0,0,0
0.401841714344829,0.401841714344829,0.401841714344829,0.401841714344829,0.401841714344829,0.401841714344829,0.401841714344829,0.401841714344829,0.648982545180565,0.648982545180565,0.648982545180565,0.648982545180565,0.533796008877261,0.533796008877261,0.533796008877261,0.533796008877261,0,0,0,0
0.387979225825765,0.387979225825765,0.387979225825765,0.387979225825765,0.387979225825765,0.387979225825765,0.387979225825765,0.387979225825765,0.650018431785855,0.650018431785855,0.650018431785855,0.650018431785855,0.552926603572076,0.552926603572076,0.552926603572076,0.552926603572076,0,0,0,0
0.492181107156951,0.492181107156951,0.492181107156951,0.492181107156951,0.492181107156951,0.492181107156951,0.492181107156951,0.492181107156951,0.697485832462916,0.697485832462916,0.697485832462916,0.697485832462916,0.432310970399861,0.432310970399861,0.432310970399861,0.432310970399861,0,0,0,0
0.480995172903384,0.480995172903384,0.480995172903384,0.480995172903384,0.480995172903384,0.480995172903384,0.480995172903384,0.480995172903384,0.697485832462916,0.697485832462916,0.697485832462916,0.697485832462916,0.390019679817266,0.390019679817266,0.390019679817266,0.390019679817266,0,0,0,0
0.493014606665397,0.493014606665397,0.493014606665397,0.493014606665397,0.493014606665397,0.493014606665397,0.493014606665397,0.493014606665397,0.698667011687498,0.698667011687498,0.698667011687498,0.698667011687498,0.35773124078511,0.35773124078511,0.35773124078511,0.35773124078511,0,0,0,0
0.780492030571161,0.780492030571161,0.780492030571161,0.780492030571161,0.780492030571161,0.780492030571161,0.780492030571161,0.780492030571161,0.780492030571161,0.780492030571161,0.780492030571161,0.780492030571161,0.574074074074074,0.574074074074074,0.574074074074074,0.574074074074074,0,0,0,0
