0,0,0,0,0.700764888226735,0.700764888226735,0.700764888226735,0.700764888226735,0.471423652079804,0.471423652079804,0.471423652079804,0.471423652079804,0.471423652079804,0.471423652079804,0.471423652079804,0.471423652079804,0,0,0,0
-0.0297044262893002,0.564384099496704,0.564384099496704,0.564384099496704,0.544581148637171,0.544581148637171,0.544581148637171,0.544581148637171,-0.332347025644198,-0.332347025644198,-0.332347025644198,-0.332347025644198,-0.332347025644198,-0.332347025644198,-0.332347025644198,-0.332347025644198,0,0,0,0
0,0,0,0,0.700764888226735,0.700764888226735,0.700764888226735,0.700764888226735,0.369494213792279,0.369494213792279,0.369494213792279,0.369494213792279,0.369494213792279,0.369494213792279,0.369494213792279,0.369494213792279,0,0,0,0
0,0,0,0,0.773192141033858,0.773192141033858,0.773192141033858,0.773192141033858,0,0,0,0,0,0,0,0,0,0,0,0
0.563601861976635,0.563601861976635,0.563601861976635,0.563601861976635,0.563601861976635,0.563601861976635,0.563601861976635,0.563601861976635,0.324374560067301,0.324374560067301,0.324374560067301,0.324374560067301,0.324374560067301,0.324374560067301,0.324374560067301,0.324374560067301,0,0,0,0
0.796315042592329,0.796315042592329,0.796315042592329,0.796315042592329,0.796315042592329,0.796315042592329,0.796315042592329,0.796315042592329,0.726239796778063,0.726239796778063,0.726239796778063,0.726239796778063,0.726239796778063,0.726239796778063,0.726239796778063,0.726239796778063,0,0,0,0
0.721267660569705,0.721267660569705,0.721267660569705,0.721267660569705,0.721267660569705,0.721267660569705,0.721267660569705,0.721267660569705,0.497776272787543,0.497776272787543,0.497776272787543,0.497776272787543,0.497776272787543,0.497776272787543,0.497776272787543,0.497776272787543,0,0,0,0
-0.110782341881399,-0.110782341881399,-0.110782341881399,-0.110782341881399,0,0,0,0,0.0123091490979333,0.0123091490979333,0.0123091490979333,0.0123091490979333,0.0123091490979333,0.0123091490979333,0.0123091490979333,0.0123091490979333,0,0,0,0
0.540232405865795,0.540232405865795,0.540232405865795,0.540232405865795,0.540232405865795,0.540232405865795,0.540232405865795,0.540232405865795,0.34871382887028,0.34871382887028,0.34871382887028,0.34871382887028,0.34871382887028,0.34871382887028,0.34871382887028,0.34871382887028,0,0,0,0
0.657438258651426,0.657438258651426,0.657438258651426,0.657438258651426,0.657438258651426,0.657438258651426,0.657438258651426,0.657438258651426,0.601929265428846,0.601929265428846,0.601929265428846,0.601929265428846,0.601929265428846,0.601929265428846,0.601929265428846,0.601929265428846,0,0,0,0
-0.258492131056599,-0.258492131056599,-0.258492131056599,-0.258492131056599,0.258492131056599,0.258492131056599,0.258492131056599,0.258492131056599,0.0615457454896664,0.0615457454896664,0.0615457454896664,0.0615457454896664,0.0615457454896664,0.0615457454896664,0.0615457454896664,0.0615457454896664,0,0,0,0
0.0123607600123336,0.0123607600123336,0.0123607600123336,0.0123607600123336,0.0123607600123336,0.0123607600123336,0.0123607600123336,0.0123607600123336,0,0,0,0,0,0,0,0,0,0,0,0
0,0,0,0,0.652384902190463,0.652384902190463,0.652384902190463,0.652384902190463,0.184637236468999,0.184637236468999,0.184637236468999,0.184637236468999,0.184637236468999,0.184637236468999,0.184637236468999,0.184637236468999,0,0,0,0
0,0,0,0,0.67700320038633,0.67700320038633,0.67700320038633,0.67700320038633,0.332347025644198,0.332347025644198,0.332347025644198,0.332347025644198,0.332347025644198,0.332347025644198,0.332347025644198,0.332347025644198,0,0,0,0
0,0,0,0,0.67700320038633,0.67700320038633,0.67700320038633,0.67700320038633,0.381583622035931,0.381583622035931,0.381583622035931,0.381583622035931,0.381583622035931,0.381583622035931,0.381583622035931,0.381583622035931,0,0,0,0
0.346551640041836,0.346551640041836,0.346551640041836,0.445566394339503,0.445566394339503,0.445566394339503,0.445566394339503,0.445566394339503,-0.135400640077266,-0.135400640077266,-0.135400640077266,-0.135400640077266,-0.135400640077266,-0.135400640077266,-0.135400640077266,-0.135400640077266,0,0,0,0
-0.0891132788679007,0.42576344347997,0.42576344347997,0.42576344347997,0.445566394339503,0.445566394339503,0.445566394339503,0.445566394339503,-0.209255534664866,-0.209255534664866,-0.209255534664866,-0.209255534664866,-0.209255534664866,-0.209255534664866,-0.209255534664866,-0.209255534664866,0,0,0,0
-0.0693103280083672,0.445566394339503,0.445566394339503,0.445566394339503,0.465369345199037,0.465369345199037,0.465369345199037,0.465369345199037,-0.233873832860732,-0.233873832860732,-0.233873832860732,-0.233873832860732,-0.233873832860732,-0.233873832860732,-0.233873832860732,-0.233873832860732,0,0,0,0
0.18700352510739,0.18700352510739,0.18700352510739,0.18700352510739,0.53171581934171,0.53171581934171,0.53171581934171,0.53171581934171,0.710342984735756,0.710342984735756,0.710342984735756,0.710342984735756,0.710342984735756,0.710342984735756,0.710342984735756,0.710342984735756,0,0,0,0
0.18700352510739,0.18700352510739,0.18700352510739,0.18700352510739,0.53171581934171,0.53171581934171,0.53171581934171,0.53171581934171,0.710342984735756,0.710342984735756,0.710342984735756,0.710342984735756,0.710342984735756,0.710342984735756,0.710342984735756,0.710342984735756,0,0,0,0
0.207781694563767,0.207781694563767,0.207781694563767,0.207781694563767,0.556446787683185,0.556446787683185,0.556446787683185,0.556446787683185,0.710342984735756,0.710342984735756,0.710342984735756,0.710342984735756,0.710342984735756,0.710342984735756,0.710342984735756,0.710342984735756,0,0,0,0
-0.0263180677983908,0.275213184492981,0.275213184492981,0.275213184492981,0.592144341047789,0.592144341047789,0.592144341047789,0.592144341047789,0.644792661060574,0.644792661060574,0.644792661060574,0.644792661060574,0.644792661060574,0.644792661060574,0.644792661060574,0.644792661060574,0,0,0,0
0.131590338991954,0.402234654258972,0.402234654258972,0.402234654258972,0.617341972581738,0.617341972581738,0.617341972581738,0.617341972581738,0.51320232206862,0.51320232206862,0.51320232206862,0.51320232206862,0.51320232206862,0.51320232206862,0.51320232206862,0.51320232206862,0,0,0,0
0.210544542387126,0.465745389141968,0.465745389141968,0.617341972581738,0.617341972581738,0.617341972581738,0.617341972581738,0.617341972581738,0.434248118673447,0.434248118673447,0.434248118673447,0.434248118673447,0.434248118673447,0.434248118673447,0.434248118673447,0.434248118673447,0,0,0,0
0.666180412550713,0.666180412550713,0.666180412550713,0.666180412550713,0.666180412550713,0.666180412550713,0.666180412550713,0.666180412550713,0.615395388830496,0.615395388830496,0.615395388830496,0.615395388830496,0.615395388830496,0.615395388830496,0.615395388830496,0.615395388830496,0,0,0,0
