0,0,0,0,0.410163931491142,0.410163931491142,0.410163931491142,0.410163931491142,0.587561244269595,0.587561244269595,0.587561244269595,0.587561244269595,0.665205317115908,0.665205317115908,0.665205317115908,0.665205317115908,0,0,0,0
0.322984294317484,0.322984294317484,0.322984294317484,0.322984294317484,0.31388614518178,0.322984294317484,0.322984294317484,0.322984294317484,0.31388614518178,0.31388614518178,0.31388614518178,0.31388614518178,0.31388614518178,0.31388614518178,0.31388614518178,0.31388614518178,0,0,0,0
0,0,0,0,-0.118097423319479,-0.118097423319479,-0.118097423319479,-0.118097423319479,0.57866810437775,0.57866810437775,0.57866810437775,0.57866810437775,0.663107017530628,0.663107017530628,0.663107017530628,0.663107017530628,0,0,0,0
0,0,0,0,0.210818510677892,0.210818510677892,0.210818510677892,0.210818510677892,0.448558996596207,0.448558996596207,0.448558996596207,0.448558996596207,0.448558996596207,0.448558996596207,0.448558996596207,0.448558996596207,0,0,0,0
0.221891932008197,0.416047372515369,0.416047372515369,0.656430298857582,0.656430298857582,0.656430298857582,0.656430298857582,0.656430298857582,0.637834583104729,0.637834583104729,0.637834583104729,0.637834583104729,0.642690787334127,0.642690787334127,0.642690787334127,0.642690787334127,0,0,0,0
0.264036069351907,0.458588962558576,0.458588962558576,0.708728396681436,0.708728396681436,0.708728396681436,0.708728396681436,0.708728396681436,0.307375058800055,0.307375058800055,0.307375058800055,0.307375058800055,0.307375058800055,0.307375058800055,0.307375058800055,0.307375058800055,0,0,0,0
0.279153544793328,0.471357624814964,0.471357624814964,0.700172005793102,0.700172005793102,0.700172005793102,0.700172005793102,0.700172005793102,0.471357624814964,0.471357624814964,0.471357624814964,0.471357624814964,0.696743749058326,0.696743749058326,0.696743749058326,0.696743749058326,0,0,0,0
0.186050863859825,0.608352058115994,0.608352058115994,0.608352058115994,0.608352058115994,0.608352058115994,0.608352058115994,0.608352058115994,0.563761563460827,0.563761563460827,0.563761563460827,0.563761563460827,0.482090310205127,0.482090310205127,0.482090310205127,0.482090310205127,0,0,0,0
0.16540932017925,0.358386860388376,0.358386860388376,0.744341940806627,0.744341940806627,0.744341940806627,0.744341940806627,0.744341940806627,0.655825835783953,0.655825835783953,0.655825835783953,0.655825835783953,0.75180871337763,0.75180871337763,0.75180871337763,0.75180871337763,0,0,0,0
0.49881535053234,0.691019430553976,0.691019430553976,0.526273076249717,0.526273076249717,0.526273076249717,0.526273076249717,0.526273076249717,0.571300364047026,0.571300364047026,0.571300364047026,0.571300364047026,0.571300364047026,0.571300364047026,0.571300364047026,0.571300364047026,0,0,0,0
0.383045896181993,0.528003673081806,0.528003673081806,0.528003673081806,0,0,0,0,0.559536171845782,0.559536171845782,0.559536171845782,0.559536171845782,0.41702882811415,0.41702882811415,0.41702882811415,0.41702882811415,0,0,0,0
0.120385853085769,0.619830398835164,0.619830398835164,0.619830398835164,0.619830398835164,0.619830398835164,0.619830398835164,0.619830398835164,0.622258296212583,0.622258296212583,0.622258296212583,0.622258296212583,0.619830398835164,0.619830398835164,0.619830398835164,0.619830398835164,0,0,0,0
0,0,0,0,0.16831575901052,0.16831575901052,0.16831575901052,0.16831575901052,0.595513784626474,0.595513784626474,0.595513784626474,0.595513784626474,0.635021170082909,0.635021170082909,0.635021170082909,0.635021170082909,0,0,0,0
0,0,0,0,0.159217609874816,0.159217609874816,0.159217609874816,0.159217609874816,0.573457718529197,0.573457718529197,0.573457718529197,0.573457718529197,0.635021170082909,0.635021170082909,0.635021170082909,0.635021170082909,0,0,0,0
0,0,0,0,0.16831575901052,0.16831575901052,0.16831575901052,0.16831575901052,0.573457718529197,0.573457718529197,0.573457718529197,0.573457718529197,0.644499097994595,0.644499097994595,0.644499097994595,0.644499097994595,0,0,0,0
0.195610206417631,0.541339873574375,0.541339873574375,0.541339873574375,0.38667133826741,0.195610206417631,0.195610206417631,0.195610206417631,0.250199101231854,0.250199101231854,0.250199101231854,0.250199101231854,0.38667133826741,0.38667133826741,0.38667133826741,0.38667133826741,0,0,0,0
0.295689846910373,0.605026917524301,0.295689846910373,0.605026917524301,0.322984294317484,0.295689846910373,0.295689846910373,0.295689846910373,0.322984294317484,0.322984294317484,0.322984294317484,0.322984294317484,0.322984294317484,0.322984294317484,0.322984294317484,0.322984294317484,0,0,0,0
0.304787996046076,0.614125066660005,0.304787996046076,0.614125066660005,0.31388614518178,0.304787996046076,0.304787996046076,0.304787996046076,0.31388614518178,0.31388614518178,0.31388614518178,0.31388614518178,0.31388614518178,0.31388614518178,0.31388614518178,0.31388614518178,0,0,0,0
0.374082247492894,0.374082247492894,0.374082247492894,0.374082247492894,0.586939871279981,0.586939871279981,0.586939871279981,0.586939871279981,0.0436338394376725,0.0436338394376725,0.0436338394376725,0.0436338394376725,0.661903392321495,0.661903392321495,0.661903392321495,0.661903392321495,0,0,0,0
0.293921765887274,0.293921765887274,0.293921765887274,0.293921765887274,0.577768935791231,0.577768935791231,0.577768935791231,0.577768935791231,0.0763592190159269,0.0763592190159269,0.0763592190159269,0.0763592190159269,0.650871669116137,0.650871669116137,0.650871669116137,0.650871669116137,0,0,0,0
0.349473730036388,0.349473730036388,0.349473730036388,0.349473730036388,0.585894584493025,0.585894584493025,0.585894584493025,0.585894584493025,0.0164621599441598,0.0164621599441598,0.0164621599441598,0.0164621599441598,0.682575337167328,0.682575337167328,0.682575337167328,0.682575337167328,0,0,0,0
0.416442173380211,0.224238093358575,0.224238093358575,0.50622788017519,0.489662775293215,0.489662775293215,0.310268700752536,0.489662775293215,-0.092536279171809,-0.092536279171809,-0.092536279171809,-0.092536279171809,0.649568621424553,0.649568621424553,0.649568621424553,0.649568621424553,0,0,0,0
0.423010992083446,0.253806595250067,0.253806595250067,0.53110763906144,0.479412457694572,0.318664583436864,0.318664583436864,0.479412457694572,0.103402686953731,-0.106221527812288,-0.106221527812288,-0.106221527812288,0.638877075545514,0.638877075545514,0.638877075545514,0.638877075545514,0,0,0,0
0.426487099969869,0.263559443801605,0.263559443801605,0.530088815243996,0.627750675236549,0.307793505625546,0.307793505625546,0.307793505625546,0.464823019068284,-0.119697474409935,-0.119697474409935,-0.119697474409935,0.634071591877235,0.634071591877235,0.634071591877235,0.634071591877235,0,0,0,0
0,0,0,0,-0.566328138944506,-0.566328138944506,-0.566328138944506,-0.566328138944506,-0.52151582110232,-0.52151582110232,-0.52151582110232,-0.52151582110232,-0.512854538030727,-0.512854538030727,-0.512854538030727,-0.512854538030727,0,0,0,0
