0,0,0,0,0.475838376949593,0.475838376949593,0.475838376949593,0.475838376949593,0.660787344304295,0.660787344304295,0.660787344304295,0.660787344304295,0.598120864880773,0.598120864880773,0.598120864880773,0.598120864880773,0,0,0,0
0.151344423642451,0.494391783898672,0.494391783898672,0.494391783898672,0.524660668627162,0.524660668627162,0.524660668627162,0.524660668627162,0.524660668627162,0.524660668627162,0.524660668627162,0.524660668627162,0.433854014441692,0.433854014441692,0.433854014441692,0.433854014441692,0,0,0,0
0,0,0,0,0.669848800988854,0.669848800988854,0.669848800988854,0.669848800988854,0.669848800988854,0.669848800988854,0.669848800988854,0.669848800988854,0.578862617747375,0.578862617747375,0.578862617747375,0.578862617747375,0,0,0,0
-0.278110657396363,-0.278110657396363,-0.278110657396363,-0.278110657396363,0,0,0,0,0,0,0,0,0.237971378523783,0.237971378523783,0.237971378523783,0.237971378523783,0,0,0,0
-0.21234914897974,0.780319161913502,0.780319161913502,0.780319161913502,0.0640267708194947,0.0640267708194947,0.0640267708194947,0.0640267708194947,0.0640267708194947,0.0640267708194947,0.0640267708194947,0.0640267708194947,0.0640267708194947,0.0640267708194947,0.0640267708194947,0.0640267708194947,0,0,0,0
-0.236238557471989,0.708715672415968,0.708715672415968,0.708715672415968,0.719956836319138,0.719956836319138,0.719956836319138,0.719956836319138,0.719956836319138,0.719956836319138,0.719956836319138,0.719956836319138,0.719956836319138,0.719956836319138,0.719956836319138,0.719956836319138,0,0,0,0
-0.23611210640213,0.748957756866972,0.748957756866972,0.748957756866972,0.595749757499772,0.595749757499772,0.595749757499772,0.595749757499772,0.595749757499772,0.595749757499772,0.595749757499772,0.595749757499772,0.595749757499772,0.595749757499772,0.595749757499772,0.595749757499772,0,0,0,0
0,0.176281788104172,0.176281788104172,0.176281788104172,0.499299570262455,0.499299570262455,0.499299570262455,0.499299570262455,0.499299570262455,0.499299570262455,0.499299570262455,0.499299570262455,0.377612083780025,0.377612083780025,0.377612083780025,0.377612083780025,0,0,0,0
-0.491465364831247,0.430665525883051,0.430665525883051,0.430665525883051,0.452847857989866,0.452847857989866,0.452847857989866,0.452847857989866,0.452847857989866,0.452847857989866,0.452847857989866,0.452847857989866,0.452847857989866,0.452847857989866,0.452847857989866,0.452847857989866,0,0,0,0
-0.368006119856361,0.705345063058024,0.705345063058024,0.705345063058024,0.72718752695762,0.72718752695762,0.72718752695762,0.72718752695762,0.72718752695762,0.72718752695762,0.72718752695762,0.72718752695762,0.72718752695762,0.72718752695762,0.72718752695762,0.72718752695762,0,0,0,0
-0.264406445269514,-0.244131754345115,-0.244131754345115,-0.244131754345115,0.385291266739265,0.385291266739265,0.385291266739265,0.385291266739265,0.385291266739265,0.385291266739265,0.385291266739265,0.385291266739265,0.281158491944869,0.281158491944869,0.281158491944869,0.281158491944869,0,0,0,0
0.178128780072547,0.150073295875373,0.150073295875373,0.150073295875373,0.583525314030758,0.583525314030758,0.583525314030758,0.583525314030758,0.583525314030758,0.583525314030758,0.583525314030758,0.583525314030758,0.583525314030758,0.583525314030758,0.583525314030758,0.583525314030758,0,0,0,0
0,0,0,0,0.23924771075076,0.23924771075076,0.23924771075076,0.23924771075076,0.41601331263901,0.41601331263901,0.41601331263901,0.41601331263901,0.436887123979649,0.436887123979649,0.436887123979649,0.436887123979649,0,0,0,0
0,0,0,0,0.390077789267543,0.390077789267543,0.390077789267543,0.390077789267543,0.563218023265121,0.563218023265121,0.563218023265121,0.563218023265121,0.525304756213625,0.525304756213625,0.525304756213625,0.525304756213625,0,0,0,0
0,0,0,0,0.410881938028479,0.410881938028479,0.410881938028479,0.410881938028479,0.595219047314276,0.595219047314276,0.595219047314276,0.595219047314276,0.556510979355028,0.556510979355028,0.556510979355028,0.556510979355028,0,0,0,0
0.136209981278206,0.348092174377637,0.348092174377637,0.257285520192166,0.428809200320277,0.428809200320277,0.428809200320277,0.428809200320277,0.428809200320277,0.428809200320277,0.428809200320277,0.428809200320277,0.338002546134807,0.338002546134807,0.338002546134807,0.338002546134807,0,0,0,0
0.196747750735186,0.368271430863297,0.368271430863297,0.368271430863297,0.398540315591787,0.398540315591787,0.398540315591787,0.398540315591787,0.398540315591787,0.398540315591787,0.398540315591787,0.398540315591787,0.307733661406316,0.307733661406316,0.307733661406316,0.307733661406316,0,0,0,0
0.216927007220846,0.388450687348957,0.388450687348957,0.388450687348957,0.388450687348957,0.388450687348957,0.388450687348957,0.388450687348957,0.388450687348957,0.388450687348957,0.388450687348957,0.388450687348957,0.297644033163486,0.297644033163486,0.297644033163486,0.297644033163486,0,0,0,0
0.0709331454395614,0.0709331454395614,0.0709331454395614,0.0709331454395614,0.621911058306082,0.621911058306082,0.621911058306082,0.621911058306082,0.621911058306082,0.621911058306082,0.621911058306082,0.621911058306082,0.671973227251189,0.671973227251189,0.671973227251189,0.671973227251189,0,0,0,0
0.0862266772902183,0.0862266772902183,0.0862266772902183,0.0862266772902183,0.604453088931668,0.604453088931668,0.604453088931668,0.604453088931668,0.604453088931668,0.604453088931668,0.604453088931668,0.604453088931668,0.653842398000409,0.653842398000409,0.653842398000409,0.653842398000409,0,0,0,0
0.122398808147408,0.122398808147408,0.122398808147408,0.122398808147408,0.619920489153925,0.619920489153925,0.619920489153925,0.619920489153925,0.619920489153925,0.619920489153925,0.619920489153925,0.619920489153925,0.657425122890655,0.657425122890655,0.657425122890655,0.657425122890655,0,0,0,0
0.180478684751077,0.131341820660624,0.0743147525445612,0.0743147525445612,0.670536984766072,0.670536984766072,0.670536984766072,0.670536984766072,0.670536984766072,0.670536984766072,0.670536984766072,0.670536984766072,0.651372178010171,0.651372178010171,0.651372178010171,0.651372178010171,0,0,0,0
0.236905124270064,0.236905124270064,0.127983228053943,0.236905124270064,0.642525345600017,0.642525345600017,0.642525345600017,0.642525345600017,0.642525345600017,0.642525345600017,0.642525345600017,0.642525345600017,0.607539776171812,0.607539776171812,0.607539776171812,0.607539776171812,0,0,0,0
0.0550164693321885,0.249490374284924,0.138605763491624,0.249490374284924,0.6078535812255,0.6078535812255,0.6078535812255,0.6078535812255,0.6078535812255,0.6078535812255,0.6078535812255,0.6078535812255,0.570382750177561,0.570382750177561,0.570382750177561,0.570382750177561,0,0,0,0
0,0,0,0,-0.0120759428797298,-0.0120759428797298,-0.0120759428797298,-0.0120759428797298,-0.0120759428797298,-0.0120759428797298,-0.0120759428797298,-0.0120759428797298,-0.0120759428797298,-0.0120759428797298,-0.0120759428797298,-0.0120759428797298,0,0,0,0
