0,0,0,0,0.665178470926559,0.665178470926559,0.665178470926559,0.665178470926559,0.710702670992054,0.710702670992054,0.710702670992054,0.710702670992054,0.71362321184176,0.71362321184176,0.71362321184176,0.71362321184176,0,0,0,0
0.580795977869726,0.677286044480671,0.276481152404438,0.276481152404438,0.439772034361422,0.536262100972367,0.536262100972367,0.536262100972367,0.439772034361422,0.580795977869726,0.580795977869726,0.580795977869726,0.439772034361422,0.439772034361422,0.439772034361422,0.439772034361422,0,0,0,0
0,0,0,0,0.584488596096468,0.584488596096468,0.584488596096468,0.584488596096468,0.705496000757065,0.705496000757065,0.705496000757065,0.705496000757065,0.714646949268483,0.714646949268483,0.714646949268483,0.714646949268483,0,0,0,0
0.375696341674684,0.375696341674684,0.375696341674684,0.375696341674684,0,0,0,0,0,0,0,0,0.375696341674684,0.375696341674684,0.375696341674684,0.375696341674684,0,0,0,0
-0.277143149122899,0.174638148762375,0.277143149122899,0.174638148762375,0.251803499169381,0.251803499169381,0.251803499169381,0.251803499169381,0.251803499169381,0.251803499169381,0.251803499169381,0.251803499169381,0.251803499169381,0.251803499169381,0.251803499169381,0.251803499169381,0,0,0,0
-0.483675522006143,0.502350252585531,0.483675522006143,0.502350252585531,0.549568433831968,0.549568433831968,0.549568433831968,0.549568433831968,0.195509396896213,0.195509396896213,0.195509396896213,0.195509396896213,0.195509396896213,0.195509396896213,0.195509396896213,0.195509396896213,0,0,0,0
-0.429662792559429,0.392462550779392,0.429662792559429,0.392462550779392,0.458217370169037,0.458217370169037,0.458217370169037,0.458217370169037,0.378466190510073,0.378466190510073,0.378466190510073,0.378466190510073,0.378466190510073,0.378466190510073,0.378466190510073,0.378466190510073,0,0,0,0
-0.302896074167414,0.472494383676443,-0.0450902388110243,0.472494383676443,0.316471205441665,0.316471205441665,0.316471205441665,0.316471205441665,0.558604732242858,0.558604732242858,0.558604732242858,0.558604732242858,0.487118004817399,0.487118004817399,0.487118004817399,0.487118004817399,0,0,0,0
-0.636931090619017,0.647934454395459,0.693008155570795,0.647934454395459,0.747383840268153,0.747383840268153,0.747383840268153,0.747383840268153,0.747383840268153,0.747383840268153,0.747383840268153,0.747383840268153,0.747383840268153,0.747383840268153,0.747383840268153,0.747383840268153,0,0,0,0
-0.277141801261277,0.530103445365529,0.277141801261277,0.530103445365529,0.449923843107154,0.449923843107154,0.449923843107154,0.449923843107154,0.457188167361371,0.457188167361371,0.457188167361371,0.457188167361371,0.457188167361371,0.457188167361371,0.457188167361371,0.457188167361371,0,0,0,0
-0.153762278213191,0.426251440332983,-0.295119372861731,0.426251440332983,0.535725766074452,0.535725766074452,0.535725766074452,0.535725766074452,0.566390164051121,0.566390164051121,0.566390164051121,0.566390164051121,0.504106709585019,0.504106709585019,0.504106709585019,0.504106709585019,0,0,0,0
0.0529320194738112,0.472332677125738,-0.0908059608805326,0.472332677125738,0.246144270899073,0.246144270899073,0.246144270899073,0.246144270899073,0.472332677125738,0.472332677125738,0.472332677125738,0.472332677125738,0.472332677125738,0.472332677125738,0.472332677125738,0.472332677125738,0,0,0,0
0,0,0,0,0.71068645215369,0.71068645215369,0.71068645215369,0.71068645215369,0.693638080592518,0.693638080592518,0.693638080592518,0.693638080592518,0.702635220695721,0.702635220695721,0.702635220695721,0.702635220695721,0,0,0,0
0,0,0,0,0.688419513705011,0.688419513705011,0.688419513705011,0.688419513705011,0.693638080592518,0.693638080592518,0.693638080592518,0.693638080592518,0.69874250479159,0.69874250479159,0.69874250479159,0.69874250479159,0,0,0,0
0,0,0,0,0.684708357296897,0.684708357296897,0.684708357296897,0.684708357296897,0.693638080592518,0.693638080592518,0.693638080592518,0.693638080592518,0.694849788887458,0.694849788887458,0.694849788887458,0.694849788887458,0,0,0,0
0.565951352237273,0.565951352237273,0.565951352237273,0.565951352237273,0.603062916318405,0.565951352237273,0.565951352237273,0.565951352237273,0.603062916318405,0.692130670113124,0.692130670113124,0.692130670113124,0.603062916318405,0.603062916318405,0.603062916318405,0.603062916318405,0,0,0,0
0.625329854767085,0.625329854767085,0.625329854767085,0.625329854767085,0.543684413788593,0.625329854767085,0.625329854767085,0.625329854767085,0.543684413788593,0.655019106031991,0.655019106031991,0.655019106031991,0.543684413788593,0.543684413788593,0.543684413788593,0.543684413788593,0,0,0,0
0.632752167583312,0.632752167583312,0.632752167583312,0.632752167583312,0.536262100972367,0.513995162523687,0.632752167583312,0.632752167583312,0.536262100972367,0.655019106031991,0.655019106031991,0.655019106031991,0.536262100972367,0.536262100972367,0.536262100972367,0.536262100972367,0,0,0,0
0.663643353963598,0.663643353963598,0.663643353963598,0.663643353963598,0.663643353963598,0.663643353963598,0.663643353963598,0.663643353963598,0.663643353963598,0.663643353963598,0.663643353963598,0.663643353963598,0.706590109732667,0.706590109732667,0.706590109732667,0.706590109732667,0,0,0,0
0.646895256702687,0.646895256702687,0.646895256702687,0.646895256702687,0.646895256702687,0.646895256702687,0.646895256702687,0.646895256702687,0.646895256702687,0.646895256702687,0.646895256702687,0.646895256702687,0.706590109732667,0.706590109732667,0.706590109732667,0.706590109732667,0,0,0,0
0.653970560281753,0.653970560281753,0.653970560281753,0.653970560281753,0.653970560281753,0.653970560281753,0.653970560281753,0.653970560281753,0.653970560281753,0.653970560281753,0.653970560281753,0.653970560281753,0.718971854825792,0.718971854825792,0.718971854825792,0.718971854825792,0,0,0,0
0.487300094103222,0.540807555416516,0.540807555416516,0.540807555416516,0.700834900106504,0.700834900106504,0.700834900106504,0.700834900106504,0.700834900106504,0.700834900106504,0.700834900106504,0.700834900106504,0.728219081254419,0.728219081254419,0.728219081254419,0.728219081254419,0,0,0,0
0.668731889483554,0.555980582535745,0.555980582535745,0.555980582535745,0.704272061041495,0.704272061041495,0.704272061041495,0.704272061041495,0.704272061041495,0.704272061041495,0.704272061041495,0.704272061041495,0.740797197487192,0.740797197487192,0.740797197487192,0.740797197487192,0,0,0,0
0.670485142984515,0.582944056066655,0.582944056066655,0.582944056066655,0.725221245930658,0.725221245930658,0.725221245930658,0.725221245930658,0.725221245930658,0.725221245930658,0.725221245930658,0.725221245930658,0.758167209953171,0.758167209953171,0.758167209953171,0.758167209953171,0,0,0,0
0,0,0,0,0.0607118525708023,0.0607118525708023,0.0607118525708023,0.0607118525708023,0.0607118525708023,0.0607118525708023,0.0607118525708023,0.0607118525708023,0.0607118525708023,0.0607118525708023,0.0607118525708023,0.0607118525708023,0,0,0,0
