-0.0282028176456223,-0.0282028176456223,-0.0282028176456223,-0.0282028176456223,0.70934072849324,0.70934072849324,0.70934072849324,0.70934072849324,0.611784198158885,0.611784198158885,0.611784198158885,0.611784198158885,0.612735927614076,0.612735927614076,0.612735927614076,0.612735927614076,0,0,0,0
0.393784756831003,0.438244326150633,0.56527166706386,0.56527166706386,0.454122743764786,0.587501451723674,0.587501451723674,0.587501451723674,0.158119658119658,0.29590098734478,0.29590098734478,0.29590098734478,0.55879767469125,0.55879767469125,0.55879767469125,0.55879767469125,0,0,0,0
-0.0433253766364473,-0.0433253766364473,-0.0433253766364473,-0.0433253766364473,0.341920029958659,0.341920029958659,0.341920029958659,0.341920029958659,0.593557659919329,0.593557659919329,0.593557659919329,0.593557659919329,0.611838145552958,0.611838145552958,0.611838145552958,0.611838145552958,0,0,0,0
-0.401341021026195,-0.401341021026195,-0.401341021026195,-0.401341021026195,0,0,0,0,0,0,0,0,0,0,0,0,0,0,0,0
-0.00644855207721127,0.567472582794592,0.567472582794592,0.567472582794592,0.578989737958597,0.578989737958597,0.578989737958597,0.578989737958597,0.451612818849827,0.451612818849827,0.451612818849827,0.451612818849827,0.421416554181114,0.421416554181114,0.421416554181114,0.421416554181114,0,0,0,0
0,0.711000644786354,0.711000644786354,0.711000644786354,0.680381260975845,0.680381260975845,0.680381260975845,0.680381260975845,0.682088266111052,0.682088266111052,0.682088266111052,0.682088266111052,0.0863842113398676,0.0863842113398676,0.0863842113398676,0.0863842113398676,0,0,0,0
-0.00956116113435747,0.643784849713403,0.643784849713403,0.643784849713403,0.659544762795354,0.659544762795354,0.659544762795354,0.659544762795354,0.659544762795354,0.659544762795354,0.659544762795354,0.659544762795354,0.209958955425737,0.209958955425737,0.209958955425737,0.209958955425737,0,0,0,0
0.131465100107331,0.543654519294846,0.543654519294846,0.543654519294846,0.180296481802023,0.180296481802023,0.180296481802023,0.180296481802023,0.370902030513013,0.370902030513013,0.370902030513013,0.370902030513013,0.160413118304366,0.160413118304366,0.160413118304366,0.160413118304366,0,0,0,0
-0.391071341802796,0.56737399589422,0.56737399589422,0.56737399589422,0.605914305278508,0.605914305278508,0.605914305278508,0.605914305278508,0.549814318189818,0.549814318189818,0.549814318189818,0.549814318189818,0.488790015827874,0.488790015827874,0.488790015827874,0.488790015827874,0,0,0,0
0.0875185024450355,0.631724463103256,0.631724463103256,0.631724463103256,0.530433178276367,0.530433178276367,0.530433178276367,0.530433178276367,0.637245031073662,0.637245031073662,0.637245031073662,0.637245031073662,0.146489683827262,0.146489683827262,0.146489683827262,0.146489683827262,0,0,0,0
-0.112005216285978,0.358907949755429,0.358907949755429,0.358907949755429,0.213996758774364,0.213996758774364,0.213996758774364,0.213996758774364,0.430952835453216,0.430952835453216,0.430952835453216,0.430952835453216,0.2984902327942,0.2984902327942,0.2984902327942,0.2984902327942,0,0,0,0
0.15391106660232,0.474426896021586,0.474426896021586,0.474426896021586,0.389607365385102,0.389607365385102,0.389607365385102,0.389607365385102,0.389607365385102,0.389607365385102,0.389607365385102,0.389607365385102,0,0,0,0,0,0,0,0
-0.00427046371511613,-0.00427046371511613,-0.00427046371511613,-0.00427046371511613,0.483947168182554,0.483947168182554,0.483947168182554,0.483947168182554,0.503914718383704,0.503914718383704,0.503914718383704,0.503914718383704,0.52185027093952,0.52185027093952,0.52185027093952,0.52185027093952,0,0,0,0
-0.0772728113014934,-0.0772728113014934,-0.0772728113014934,-0.0772728113014934,0.518854832772771,0.518854832772771,0.518854832772771,0.518854832772771,0.589323992686027,0.589323992686027,0.589323992686027,0.589323992686027,0.57870555337651,0.57870555337651,0.57870555337651,0.57870555337651,0,0,0,0
-0.00854092743023227,-0.00854092743023227,-0.00854092743023227,-0.00854092743023227,0.522028256826427,0.522028256826427,0.522028256826427,0.522028256826427,0.593594456401143,0.593594456401143,0.593594456401143,0.593594456401143,0.582766644979153,0.582766644979153,0.582766644979153,0.582766644979153,0,0,0,0
0.388744446572871,0.5601093454703,0.5601093454703,0.5601093454703,0.344316509821686,0.388744446572871,0.388744446572871,0.388744446572871,0.128113911453484,0.227077201442916,0.227077201442916,0.227077201442916,0.469056080105172,0.469056080105172,0.469056080105172,0.469056080105172,0,0,0,0
0.410958414948464,0.582323313845893,0.582323313845893,0.582323313845893,0.372877326304591,0.417305263055776,0.417305263055776,0.417305263055776,0.1323843751686,0.243413690755356,0.243413690755356,0.243413690755356,0.497483721323667,0.497483721323667,0.497483721323667,0.497483721323667,0,0,0,0
0.417305263055776,0.582323313845893,0.582323313845893,0.582323313845893,0.385571022519215,0.436345807377713,0.436345807377713,0.436345807377713,0.1323843751686,0.25321558434282,0.25321558434282,0.25321558434282,0.513728087734236,0.513728087734236,0.513728087734236,0.513728087734236,0,0,0,0
0.432286291122373,0.432286291122373,0.432286291122373,0.432286291122373,0.730661368129966,0.730661368129966,0.730661368129966,0.730661368129966,0.644937902651724,0.644937902651724,0.644937902651724,0.644937902651724,0.483617634708003,0.483617634708003,0.483617634708003,0.483617634708003,0,0,0,0
0.411530565214964,0.411530565214964,0.411530565214964,0.411530565214964,0.704194836106886,0.704194836106886,0.704194836106886,0.704194836106886,0.648726210337636,0.648726210337636,0.648726210337636,0.648726210337636,0.485027601649364,0.485027601649364,0.485027601649364,0.485027601649364,0,0,0,0
0.401437763718481,0.401437763718481,0.401437763718481,0.401437763718481,0.698323430817604,0.698323430817604,0.698323430817604,0.698323430817604,0.642003999469977,0.642003999469977,0.642003999469977,0.642003999469977,0.461114216759251,0.461114216759251,0.461114216759251,0.461114216759251,0,0,0,0
0.359391729323217,0.544884234780361,0.544884234780361,0.544884234780361,0.692189192455872,0.692189192455872,0.692189192455872,0.692189192455872,0.662566139751454,0.662566139751454,0.662566139751454,0.662566139751454,0.521720785688804,0.521720785688804,0.521720785688804,0.521720785688804,0,0,0,0
0.312227009855709,0.533536507912576,0.533536507912576,0.585430636341763,0.598649262144159,0.607961540818807,0.607961540818807,0.607961540818807,0.60828536007818,0.60828536007818,0.60828536007818,0.60828536007818,0.536434204701119,0.536434204701119,0.536434204701119,0.536434204701119,0,0,0,0
0.123141217701112,0.474009344849485,0.46051441688224,0.46051441688224,0.425767556207513,0.419840032475341,0.419840032475341,0.419840032475341,0.4745488959692,0.4745488959692,0.4745488959692,0.4745488959692,0.56343690033945,0.56343690033945,0.56343690033945,0.56343690033945,0,0,0,0
-0.0818075661299503,-0.0818075661299503,-0.0818075661299503,-0.0818075661299503,0.556914783913347,0.556914783913347,0.556914783913347,0.556914783913347,0.462200072569579,0.462200072569579,0.462200072569579,0.462200072569579,0.440597461621068,0.440597461621068,0.440597461621068,0.440597461621068,0,0,0,0
