-0.461690258438319,-0.461690258438319,-0.461690258438319,-0.461690258438319,0.298603561076064,0.298603561076064,0.298603561076064,0.298603561076064,0.452437010113342,0.452437010113342,0.452437010113342,0.452437010113342,0.452437010113342,0.452437010113342,0.452437010113342,0.452437010113342,0,0,0,0
0.331366747831806,0.615395388830496,0.615395388830496,0.615395388830496,0.331366747831806,0.331366747831806,0.331366747831806,0.331366747831806,-0.521640530957301,-0.521640530957301,-0.521640530957301,-0.521640530957301,-0.521640530957301,-0.521640530957301,-0.521640530957301,-0.521640530957301,0,0,0,0
0,0,0,0,0.370389266335811,0.370389266335811,0.370389266335811,0.370389266335811,0.242977161220217,0.242977161220217,0.242977161220217,0.242977161220217,0.242977161220217,0.242977161220217,0.242977161220217,0.242977161220217,0,0,0,0
0,0,0,0,0.548821299948452,0.548821299948452,0.548821299948452,0.548821299948452,0,0,0,0,0,0,0,0,0,0,0,0
0.816496580927726,0.816496580927726,0.816496580927726,0.816496580927726,0.816496580927726,0.816496580927726,0.816496580927726,0.816496580927726,-0.198029508595335,-0.198029508595335,-0.198029508595335,-0.198029508595335,-0.198029508595335,-0.198029508595335,-0.198029508595335,-0.198029508595335,0,0,0,0
0.841625411530173,0.841625411530173,0.841625411530173,0.841625411530173,0.841625411530173,0.841625411530173,0.841625411530173,0.841625411530173,0.67700320038633,0.67700320038633,0.67700320038633,0.67700320038633,0.67700320038633,0.67700320038633,0.67700320038633,0.67700320038633,0,0,0,0
0.812523337976997,0.812523337976997,0.812523337976997,0.812523337976997,0.812523337976997,0.812523337976997,0.812523337976997,0.812523337976997,0.238977452346176,0.238977452346176,0.238977452346176,0.238977452346176,0.238977452346176,0.238977452346176,0.238977452346176,0.238977452346176,0,0,0,0
0,0,0,0,0,0,0,0,0.445521055606815,0.445521055606815,0.445521055606815,0.445521055606815,0.445521055606815,0.445521055606815,0.445521055606815,0.445521055606815,0,0,0,0
0.645239121334674,0.645239121334674,0.645239121334674,0.645239121334674,0.645239121334674,0.645239121334674,0.645239121334674,0.645239121334674,0,0,0,0,0,0,0,0,0,0,0,0
0.78399353208004,0.78399353208004,0.78399353208004,0.78399353208004,0.78399353208004,0.78399353208004,0.78399353208004,0.78399353208004,0.67005939426049,0.67005939426049,0.67005939426049,0.67005939426049,0.67005939426049,0.67005939426049,0.67005939426049,0.67005939426049,0,0,0,0
-0.363054099091447,-0.363054099091447,-0.363054099091447,-0.363054099091447,0.363054099091447,0.363054099091447,0.363054099091447,0.363054099091447,0.35724788371685,0.35724788371685,0.35724788371685,0.35724788371685,0.35724788371685,0.35724788371685,0.35724788371685,0.35724788371685,0,0,0,0
0.228802157661215,0.228802157661215,0.228802157661215,0.228802157661215,0.228802157661215,0.228802157661215,0.228802157661215,0.228802157661215,0,0,0,0,0,0,0,0,0,0,0,0
0,0.284028640998691,0.284028640998691,0.284028640998691,0.473381068331151,0.473381068331151,0.473381068331151,0.473381068331151,-0.15649215928719,-0.15649215928719,-0.15649215928719,-0.15649215928719,-0.15649215928719,-0.15649215928719,-0.15649215928719,-0.15649215928719,0,0,0,0
0.18935242733246,0.473381068331151,0.473381068331151,0.473381068331151,0.426042961498036,0.426042961498036,0.426042961498036,0.426042961498036,-0.365148371670111,-0.365148371670111,-0.365148371670111,-0.365148371670111,-0.365148371670111,-0.365148371670111,-0.365148371670111,-0.365148371670111,0,0,0,0
0.236690534165575,0.520719175164266,0.520719175164266,0.520719175164266,0.378704854664921,0.378704854664921,0.378704854664921,0.378704854664921,-0.417312424765841,-0.417312424765841,-0.417312424765841,-0.417312424765841,-0.417312424765841,-0.417312424765841,-0.417312424765841,-0.417312424765841,0,0,0,0
0,0.284028640998691,0.284028640998691,0.284028640998691,0.473381068331151,0.473381068331151,0.473381068331151,0.473381068331151,-0.15649215928719,-0.15649215928719,-0.15649215928719,-0.15649215928719,-0.15649215928719,-0.15649215928719,-0.15649215928719,-0.15649215928719,0,0,0,0
0.18935242733246,0.473381068331151,0.473381068331151,0.473381068331151,0.426042961498036,0.426042961498036,0.426042961498036,0.426042961498036,-0.365148371670111,-0.365148371670111,-0.365148371670111,-0.365148371670111,-0.365148371670111,-0.365148371670111,-0.365148371670111,-0.365148371670111,0,0,0,0
0.236690534165575,0.520719175164266,0.520719175164266,0.520719175164266,0.378704854664921,0.378704854664921,0.378704854664921,0.378704854664921,-0.417312424765841,-0.417312424765841,-0.417312424765841,-0.417312424765841,-0.417312424765841,-0.417312424765841,-0.417312424765841,-0.417312424765841,0,0,0,0
0.0361997950292964,0.0361997950292964,0.0361997950292964,0.0361997950292964,0.285014251068839,0.285014251068839,0.285014251068839,0.285014251068839,0.447766735594495,0.447766735594495,0.447766735594495,0.447766735594495,0.447766735594495,0.447766735594495,0.447766735594495,0.447766735594495,0,0,0,0
-0.0477954904692351,-0.0477954904692351,-0.0477954904692351,-0.0477954904692351,0.237670364408923,0.237670364408923,0.237670364408923,0.237670364408923,0.492664639082147,0.492664639082147,0.492664639082147,0.492664639082147,0.492664639082147,0.492664639082147,0.492664639082147,0.492664639082147,0,0,0,0
-0.0603329917154941,-0.0603329917154941,-0.0603329917154941,-0.0603329917154941,0.22501125084382,0.22501125084382,0.22501125084382,0.22501125084382,0.480934641934828,0.480934641934828,0.480934641934828,0.480934641934828,0.480934641934828,0.480934641934828,0.480934641934828,0.480934641934828,0,0,0,0
0.0361997950292964,0.0361997950292964,0.0361997950292964,0.0361997950292964,0.285014251068839,0.285014251068839,0.285014251068839,0.285014251068839,0.431182782424329,0.431182782424329,0.431182782424329,0.431182782424329,0.431182782424329,0.431182782424329,0.431182782424329,0.431182782424329,0,0,0,0
0.0264628062012482,0.168102237249826,0.168102237249826,0.168102237249826,0.417957003818573,0.417957003818573,0.417957003818573,0.417957003818573,0.429063935289892,0.429063935289892,0.429063935289892,0.429063935289892,0.429063935289892,0.429063935289892,0.429063935289892,0.429063935289892,0,0,0,0
-0.0524142418360959,0.0951302988308988,0.0951302988308988,0.0951302988308988,0.384353057392904,0.384353057392904,0.384353057392904,0.384353057392904,0.49029033784546,0.49029033784546,0.49029033784546,0.49029033784546,0.49029033784546,0.49029033784546,0.49029033784546,0.49029033784546,0,0,0,0
0.804399666539844,0.804399666539844,0.804399666539844,0.804399666539844,0.804399666539844,0.804399666539844,0.804399666539844,0.804399666539844,0.666666666666667,0.666666666666667,0.666666666666667,0.666666666666667,0.666666666666667,0.666666666666667,0.666666666666667,0.666666666666667,0,0,0,0
