0.327561934773579,0.327561934773579,0.327561934773579,0.327561934773579,0.183543681627628,0.183543681627628,0.183543681627628,0.183543681627628,0.558591576529314,0.558591576529314,0.558591576529314,0.558591576529314,0.273602448079584,0.273602448079584,0.273602448079584,0.273602448079584,0.277651532934885,0.277651532934885,0.277651532934885,0.277651532934885
0.555122486328595,0.463874949421819,0.463874949421819,0.463874949421819,0.522913579348233,0.463874949421819,0.463874949421819,0.463874949421819,0.555122486328595,0.463874949421819,0.463874949421819,0.463874949421819,0.38396310564358,0.38396310564358,0.38396310564358,0.38396310564358,0.31332379522012,0.31332379522012,0.31332379522012,0.31332379522012
0.343216127964697,0.343216127964697,0.343216127964697,0.343216127964697,0.200877845901829,0.200877845901829,0.200877845901829,0.200877845901829,0.574407570954906,0.574407570954906,0.574407570954906,0.574407570954906,0.270695146001855,0.270695146001855,0.270695146001855,0.270695146001855,0.289513525135674,0.289513525135674,0.289513525135674,0.289513525135674
0.332747547297584,0.332747547297584,0.332747547297584,0.332747547297584,0.401321346964514,0.401321346964514,0.401321346964514,0.401321346964514,0.473311535380039,0.473311535380039,0.473311535380039,0.473311535380039,0,0,0,0,0,0,0,0
0.309851578448008,0.860698829022245,0.860698829022245,0.860698829022245,0.860698829022245,0.860698829022245,0.860698829022245,0.860698829022245,0.840616555758737,0.840616555758737,0.840616555758737,0.840616555758737,0.296907847610082,0.296907847610082,0.296907847610082,0.296907847610082,0.421325044234743,0.421325044234743,0.421325044234743,0.421325044234743
0.340121152656629,0.87062458573112,0.87062458573112,0.87062458573112,0.87062458573112,0.87062458573112,0.87062458573112,0.87062458573112,0.87062458573112,0.87062458573112,0.87062458573112,0.87062458573112,0.032484915781493,0.032484915781493,0.032484915781493,0.032484915781493,-0.462049000380302,-0.462049000380302,-0.462049000380302,-0.462049000380302
0.353464683850389,0.895302762088112,0.895302762088112,0.895302762088112,0.895302762088112,0.895302762088112,0.895302762088112,0.895302762088112,0.895302762088112,0.895302762088112,0.895302762088112,0.895302762088112,0.220575021781143,0.220575021781143,0.220575021781143,0.220575021781143,-0.230352001128788,-0.230352001128788,-0.230352001128788,-0.230352001128788
0.288203531797988,0.459896271664195,0.459896271664195,0.459896271664195,0.163744435165089,0.163744435165089,0.163744435165089,0.163744435165089,0.425295453235617,0.425295453235617,0.425295453235617,0.425295453235617,0.363119898389032,0.363119898389032,0.363119898389032,0.363119898389032,0.324513930763695,0.324513930763695,0.324513930763695,0.324513930763695
0.31659075844768,0.847094191522171,0.847094191522171,0.847094191522171,0.847094191522171,0.847094191522171,0.847094191522171,0.847094191522171,0.840227983738657,0.840227983738657,0.840227983738657,0.840227983738657,0.323547825819131,0.323547825819131,0.323547825819131,0.323547825819131,0.418853908291695,0.418853908291695,0.418853908291695,0.418853908291695
0.283889385258915,0.809296605738101,0.809296605738101,0.809296605738101,0.809296605738101,0.809296605738101,0.809296605738101,0.809296605738101,0.665233335606711,0.665233335606711,0.665233335606711,0.665233335606711,0.0107242845469378,0.0107242845469378,0.0107242845469378,0.0107242845469378,-0.457610386436299,-0.457610386436299,-0.457610386436299,-0.457610386436299
0.0281569145916854,0.187712763944569,0.187712763944569,0.187712763944569,-0.186667393550307,-0.186667393550307,-0.186667393550307,-0.186667393550307,0.215008984039769,0.215008984039769,0.215008984039769,0.215008984039769,0.412356494780765,0.412356494780765,0.412356494780765,0.412356494780765,0.358084337394423,0.358084337394423,0.358084337394423,0.358084337394423
0.488053186255881,0.633530578312922,0.633530578312922,0.633530578312922,0.603855019005308,0.603855019005308,0.603855019005308,0.603855019005308,0.654176270589083,0.654176270589083,0.654176270589083,0.654176270589083,0,0,0,0,0,0,0,0
0.325723316654405,0.325723316654405,0.325723316654405,0.325723316654405,0.17516866023982,0.17516866023982,0.17516866023982,0.17516866023982,0.559954915878969,0.559954915878969,0.559954915878969,0.559954915878969,0.295419578350399,0.295419578350399,0.295419578350399,0.295419578350399,0.240587914186878,0.240587914186878,0.240587914186878,0.240587914186878
0.352774183366108,0.352774183366108,0.352774183366108,0.352774183366108,0.179902948354409,0.179902948354409,0.179902948354409,0.179902948354409,0.559954915878969,0.559954915878969,0.559954915878969,0.559954915878969,0.283110429252465,0.283110429252465,0.283110429252465,0.283110429252465,0.257373117502241,0.257373117502241,0.257373117502241,0.257373117502241
0.352774183366108,0.352774183366108,0.352774183366108,0.352774183366108,0.14181443628155,0.14181443628155,0.14181443628155,0.14181443628155,0.555043030651961,0.555043030651961,0.555043030651961,0.555043030651961,0.276955854703499,0.276955854703499,0.276955854703499,0.276955854703499,0.268563253045817,0.268563253045817,0.268563253045817,0.268563253045817
-0.0168681799789752,0.548215849316696,0.548215849316696,0.548215849316696,0.244588609695141,0.548215849316696,0.548215849316696,0.548215849316696,0.438572679453356,0.463874949421819,0.387968139516431,0.387968139516431,0.375429047486965,0.375429047486965,0.375429047486965,0.375429047486965,0.296538591904756,0.296538591904756,0.296538591904756,0.296538591904756
-0.00843408998948762,0.539781759327208,0.539781759327208,0.455440859432332,0.261456789674116,0.455440859432332,0.455440859432332,0.455440859432332,0.438572679453356,0.455440859432332,0.455440859432332,0.455440859432332,0.356965323840065,0.356965323840065,0.356965323840065,0.356965323840065,0.302133659676544,0.302133659676544,0.302133659676544,0.302133659676544
0,0.539781759327208,0.455440859432332,0.455440859432332,0.269890879663604,0.455440859432332,0.455440859432332,0.455440859432332,0.438572679453356,0.455440859432332,0.455440859432332,0.455440859432332,0.363119898389032,0.363119898389032,0.363119898389032,0.363119898389032,0.307728727448332,0.307728727448332,0.307728727448332,0.307728727448332
0.330308348037258,0.330308348037258,0.330308348037258,0.330308348037258,0.566209117648217,0.566209117648217,0.566209117648217,0.566209117648217,0.563184804127349,0.563184804127349,0.563184804127349,0.563184804127349,0.33490038111103,0.33490038111103,0.33490038111103,0.33490038111103,0.0372314585148174,0.0372314585148174,0.0372314585148174,0.0372314585148174
0.306384501888579,0.306384501888579,0.306384501888579,0.306384501888579,0.555147815478352,0.555147815478352,0.555147815478352,0.555147815478352,0.533198901114507,0.533198901114507,0.533198901114507,0.533198901114507,0.357954545454545,0.357954545454545,0.357954545454545,0.357954545454545,0.0232923747656228,0.0232923747656228,0.0232923747656228,0.0232923747656228
0.297919925456728,0.297919925456728,0.297919925456728,0.297919925456728,0.495104336550389,0.495104336550389,0.495104336550389,0.495104336550389,0.602961418478031,0.602961418478031,0.602961418478031,0.602961418478031,0.318492998518471,0.318492998518471,0.318492998518471,0.318492998518471,0.0466303091993777,0.0466303091993777,0.0466303091993777,0.0466303091993777
0.529642617324529,0.626743763834026,0.564952125146164,0.467850978636667,0.626743763834026,0.626743763834026,0.564952125146164,0.467850978636667,0.583350974978103,0.583350974978103,0.583350974978103,0.578592434726835,0.486045454466081,0.486045454466081,0.486045454466081,0.486045454466081,0.316883161053623,0.316883161053623,0.316883161053623,0.316883161053623
0.474166411647865,0.566445221874893,0.504002441510732,0.504002441510732,0.615248789877987,0.566445221874893,0.504002441510732,0.504002441510732,0.659778095966431,0.563456064812743,0.563456064812743,0.563456064812743,0.51483796615144,0.51483796615144,0.51483796615144,0.51483796615144,0.33962979734809,0.33962979734809,0.33962979734809,0.33962979734809
0,0.552398242016547,0.552398242016547,0.489008279817927,0.452785444275858,0.552398242016547,0.552398242016547,0.489008279817927,0.653964415963967,0.653964415963967,0.543162527088708,0.543162527088708,0.53766604309755,0.53766604309755,0.53766604309755,0.53766604309755,0.354632474739325,0.354632474739325,0.354632474739325,0.354632474739325
0.564438992306442,0.564438992306442,0.564438992306442,0.564438992306442,0.657352918490788,0.657352918490788,0.657352918490788,0.657352918490788,0.641015052568228,0.641015052568228,0.641015052568228,0.641015052568228,0.153409090909091,0.153409090909091,0.153409090909091,0.153409090909091,0.419262745781211,0.419262745781211,0.419262745781211,0.419262745781211
