0.31597847638371,0.31597847638371,0.31597847638371,0.31597847638371,0.472000265810258,0.472000265810258,0.472000265810258,0.472000265810258,0.184497751495897,0.184497751495897,0.184497751495897,0.184497751495897,0.239855464548076,0.239855464548076,0.239855464548076,0.239855464548076,0,0,0,0
0.448698006826308,0.572226203037599,0.572226203037599,0.572226203037599,0.470497100275359,0.550427109588548,0.550427109588548,0.550427109588548,0.0599475069848913,0.277938441475405,0.277938441475405,0.277938441475405,-0.347066888846335,-0.579695506235229,-0.579695506235229,-0.579695506235229,0,0,0,0
0.308942382135834,0.308942382135834,0.308942382135834,0.308942382135834,0.450411161096869,0.450411161096869,0.450411161096869,0.450411161096869,0.161593826626061,0.161593826626061,0.161593826626061,0.161593826626061,0.225208320985599,0.225208320985599,0.225208320985599,0.225208320985599,0,0,0,0
-0.177864708325125,-0.177864708325125,-0.177864708325125,-0.177864708325125,0.166693246152788,0.166693246152788,0.166693246152788,0.166693246152788,0.297934190935895,0.297934190935895,0.297934190935895,0.297934190935895,0,0,0,0,0,0,0,0
0.0259912535583131,0.0259912535583131,0.367590586038999,0.367590586038999,0.696267807520109,0.696267807520109,0.696267807520109,0.696267807520109,0.367590586038999,0.367590586038999,0.367590586038999,0.367590586038999,-0.368155367567566,-0.368155367567566,-0.368155367567566,-0.368155367567566,0,0,0,0
-0.0297042897809292,-0.0297042897809292,0.397294875819929,0.397294875819929,0.720150344453517,0.720150344453517,0.720150344453517,0.720150344453517,0.715257998672478,0.715257998672478,0.715257998672478,0.715257998672478,0.258959028529297,0.258959028529297,0.258959028529297,0.258959028529297,0,0,0,0
-0.0276465406550455,-0.0276465406550455,0.381522261039628,0.381522261039628,0.713122617046933,0.713122617046933,0.713122617046933,0.713122617046933,0.538033688053313,0.538033688053313,0.538033688053313,0.538033688053313,-0.339352507889056,-0.339352507889056,-0.339352507889056,-0.339352507889056,0,0,0,0
0.446093140590497,0.446093140590497,-0.0275366136166973,-0.0275366136166973,0.625150294579544,0.625150294579544,0.625150294579544,0.625150294579544,0.28346612820542,0.28346612820542,0.28346612820542,0.28346612820542,-0.233489044617486,-0.233489044617486,-0.233489044617486,-0.233489044617486,0,0,0,0
0.0976063897451137,0.0976063897451137,0.392267188975646,0.392267188975646,0.630545446836989,0.630545446836989,0.630545446836989,0.630545446836989,0.392267188975646,0.392267188975646,0.392267188975646,0.392267188975646,-0.367514402718973,-0.367514402718973,-0.367514402718973,-0.367514402718973,0,0,0,0
-0.121742211640217,-0.121742211640217,0.33571337149272,0.33571337149272,0.63520573561898,0.63520573561898,0.63520573561898,0.63520573561898,0.733278641896095,0.733278641896095,0.733278641896095,0.733278641896095,0.330112645886762,0.330112645886762,0.330112645886762,0.330112645886762,0,0,0,0
0.295559652819218,0.295559652819218,0.0532374529922815,0.0532374529922815,0.414677792940099,0.414677792940099,0.414677792940099,0.414677792940099,0.112003584172041,0.112003584172041,0.112003584172041,0.112003584172041,-0.108961554154827,-0.108961554154827,-0.108961554154827,-0.108961554154827,0,0,0,0
0.625999016219586,0.625999016219586,0.200099392281334,0.200099392281334,0.64488984786777,0.64488984786777,0.64488984786777,0.64488984786777,0.175272949501061,0.175272949501061,0.175272949501061,0.175272949501061,0,0,0,0,0,0,0,0
0.271239815680601,0.271239815680601,0.271239815680601,0.271239815680601,0.517373042221685,0.517373042221685,0.517373042221685,0.517373042221685,0.036785680759482,0.036785680759482,0.036785680759482,0.036785680759482,0.0956193230338275,0.0956193230338275,0.0956193230338275,0.0956193230338275,0,0,0,0
0.299202683276539,0.299202683276539,0.299202683276539,0.299202683276539,0.513637496790482,0.513637496790482,0.513637496790482,0.513637496790482,0.101701587982097,0.101701587982097,0.101701587982097,0.101701587982097,0.162330478638823,0.162330478638823,0.162330478638823,0.162330478638823,0,0,0,0
0.304795256795727,0.304795256795727,0.304795256795727,0.304795256795727,0.506166405928075,0.506166405928075,0.506166405928075,0.506166405928075,0.0202365273860686,0.0202365273860686,0.0202365273860686,0.0202365273860686,0.189014940880822,0.189014940880822,0.189014940880822,0.189014940880822,0,0,0,0
0.419632548894239,0.419632548894239,0.354235268547085,0.263405712509371,0.303370717165965,0.296104352682948,0.296104352682948,0.205274796645234,0.0454147780188571,0.248872983543337,0.0454147780188571,0.0454147780188571,-0.279529548314075,-0.407100080430566,-0.407100080430566,-0.407100080430566,0,0,0,0
0.466863918033851,0.459597553550833,0.379667544237645,0.379667544237645,0.292471170441439,0.459597553550833,0.459597553550833,0.459597553550833,0.0345152312943314,0.237973436818811,0.0345152312943314,0.237973436818811,-0.317050293054219,-0.474637420962825,-0.474637420962825,-0.474637420962825,0,0,0,0
0.488663011482902,0.481396646999885,0.386933908720662,0.386933908720662,0.292471170441439,0.481396646999885,0.481396646999885,0.481396646999885,0.0199825023282971,0.237973436818811,0.237973436818811,0.237973436818811,-0.332058590950277,-0.504654016754941,-0.504654016754941,-0.504654016754941,0,0,0,0
0.604420880362946,0.604420880362946,0.604420880362946,0.604420880362946,0.603587480018313,0.603587480018313,0.603587480018313,0.603587480018313,0.508913524816173,0.508913524816173,0.508913524816173,0.508913524816173,0.0991533835181988,0.0991533835181988,0.0991533835181988,0.0991533835181988,0,0,0,0
0.597811774205659,0.597811774205659,0.597811774205659,0.597811774205659,0.616458937498372,0.616458937498372,0.616458937498372,0.616458937498372,0.499480834501155,0.499480834501155,0.499480834501155,0.499480834501155,0.0624580126523539,0.0624580126523539,0.0624580126523539,0.0624580126523539,0,0,0,0
0.502421321667402,0.502421321667402,0.502421321667402,0.502421321667402,0.517228363633066,0.517228363633066,0.517228363633066,0.517228363633066,0.433721714931751,0.433721714931751,0.433721714931751,0.433721714931751,0.0558317717699168,0.0558317717699168,0.0558317717699168,0.0558317717699168,0,0,0,0
0.301166332226358,0.51179800016381,0.51179800016381,0.51179800016381,0.552446216783319,0.51179800016381,0.51179800016381,0.51179800016381,0.300612320579324,0.300612320579324,0.300612320579324,0.300612320579324,-0.222627784704989,-0.222627784704989,-0.222627784704989,-0.222627784704989,0,0,0,0
0.289172773440453,0.432814151097148,0.432814151097148,0.432814151097148,0.530512298603032,0.432814151097148,0.206011975849734,0.206011975849734,0.192907639963078,0.192907639963078,0.192907639963078,0.192907639963078,-0.349990107615885,-0.349990107615885,-0.349990107615885,-0.349990107615885,0,0,0,0
0.415444539591902,0.415444539591902,0.396210996092277,0.396210996092277,0.533936866027739,0.396210996092277,0.184642017596401,0.184642017596401,0.171042509898467,0.171042509898467,0.171042509898467,0.171042509898467,-0.392755363111971,-0.392755363111971,-0.392755363111971,-0.392755363111971,0,0,0,0
0.544830089341247,0.544830089341247,0.544830089341247,0.544830089341247,0.559954650137471,0.559954650137471,0.559954650137471,0.559954650137471,0.32151576477556,0.32151576477556,0.32151576477556,0.32151576477556,-0.338966218073842,-0.338966218073842,-0.338966218073842,-0.338966218073842,0,0,0,0
