0.41025641025641,0.41025641025641,0.41025641025641,0.41025641025641,0.581714049661224,0.581714049661224,0.581714049661224,0.581714049661224,0.635925221684094,0.635925221684094,0.635925221684094,0.635925221684094,0.635925221684094,0.635925221684094,0.635925221684094,0.635925221684094,0,0,0,0
0.709808249597152,0.709808249597152,0.709808249597152,0.709808249597152,0.34580401903451,0.709808249597152,0.709808249597152,0.709808249597152,0.709808249597152,0.709808249597152,0.709808249597152,0.709808249597152,0.310983160823523,0.310983160823523,0.310983160823523,0.310983160823523,0,0,0,0
0,0,0,0,0.591792820845702,0.591792820845702,0.591792820845702,0.591792820845702,0.700394407160277,0.700394407160277,0.700394407160277,0.700394407160277,0.700394407160277,0.700394407160277,0.700394407160277,0.700394407160277,0,0,0,0
0,0,0,0,0.451165961302137,0.451165961302137,0.451165961302137,0.451165961302137,0.692218655243173,0.692218655243173,0.692218655243173,0.692218655243173,0,0,0,0,0,0,0,0
0.850013803322613,0.850013803322613,0.850013803322613,0.850013803322613,0.850013803322613,0.850013803322613,0.850013803322613,0.850013803322613,0.850013803322613,0.850013803322613,0.850013803322613,0.850013803322613,0.430644337539164,0.430644337539164,0.430644337539164,0.430644337539164,0,0,0,0
0.881574678086592,0.881574678086592,0.881574678086592,0.881574678086592,0.881574678086592,0.881574678086592,0.881574678086592,0.881574678086592,0.881574678086592,0.881574678086592,0.881574678086592,0.881574678086592,0.0540964084268288,0.0540964084268288,0.0540964084268288,0.0540964084268288,0,0,0,0
0.853849035759066,0.853849035759066,0.853849035759066,0.853849035759066,0.853849035759066,0.853849035759066,0.853849035759066,0.853849035759066,0.853849035759066,0.853849035759066,0.853849035759066,0.853849035759066,0.152931401755846,0.152931401755846,0.152931401755846,0.152931401755846,0,0,0,0
0.177704663327728,0.177704663327728,0.177704663327728,0.177704663327728,0.463908508959244,0.463908508959244,0.463908508959244,0.463908508959244,0,0,0,0,-0.177704663327728,-0.177704663327728,-0.177704663327728,-0.177704663327728,0,0,0,0
0.859947957443059,0.859947957443059,0.859947957443059,0.859947957443059,0.859947957443059,0.859947957443059,0.859947957443059,0.859947957443059,0.859947957443059,0.859947957443059,0.859947957443059,0.859947957443059,0.480026595007916,0.480026595007916,0.480026595007916,0.480026595007916,0,0,0,0
0.835552270707086,0.835552270707086,0.835552270707086,0.835552270707086,0.743900863608758,0.743900863608758,0.743900863608758,0.743900863608758,0.835552270707086,0.835552270707086,0.835552270707086,0.835552270707086,0.0382270146989536,0.0382270146989536,0.0382270146989536,0.0382270146989536,0,0,0,0
-0.0592348877759092,-0.0592348877759092,-0.0592348877759092,-0.0592348877759092,0.287435799867184,0.287435799867184,0.287435799867184,0.287435799867184,0.0592348877759092,0.0592348877759092,0.0592348877759092,0.0592348877759092,0.0592348877759092,0.0592348877759092,0.0592348877759092,0.0592348877759092,0,0,0,0
0.310983160823523,0.310983160823523,0.310983160823523,0.310983160823523,0.335083126633356,0.335083126633356,0.335083126633356,0.335083126633356,0.310983160823523,0.310983160823523,0.310983160823523,0.310983160823523,0,0,0,0,0,0,0,0
0.297270121626158,0.758342147005504,0.758342147005504,0.612740454780447,0.370070967738686,0.758342147005504,0.758342147005504,0.612740454780447,0.612740454780447,0.612740454780447,0.612740454780447,0.612740454780447,0.414644214431365,0.414644214431365,0.414644214431365,0.414644214431365,0,0,0,0
0.746208672653416,0.72194172394924,0.72194172394924,0.72194172394924,0.357937493386598,0.72194172394924,0.72194172394924,0.72194172394924,0.72194172394924,0.72194172394924,0.72194172394924,0.72194172394924,0.325791882767501,0.325791882767501,0.325791882767501,0.325791882767501,0,0,0,0
0.709808249597152,0.709808249597152,0.709808249597152,0.709808249597152,0.34580401903451,0.709808249597152,0.709808249597152,0.709808249597152,0.709808249597152,0.709808249597152,0.709808249597152,0.709808249597152,0.310983160823523,0.310983160823523,0.310983160823523,0.310983160823523,0,0,0,0
0.297270121626158,0.758342147005504,0.758342147005504,0.612740454780447,0.370070967738686,0.758342147005504,0.758342147005504,0.612740454780447,0.612740454780447,0.612740454780447,0.612740454780447,0.612740454780447,0.414644214431365,0.414644214431365,0.414644214431365,0.414644214431365,0,0,0,0
0.746208672653416,0.72194172394924,0.72194172394924,0.72194172394924,0.357937493386598,0.72194172394924,0.72194172394924,0.72194172394924,0.72194172394924,0.72194172394924,0.72194172394924,0.72194172394924,0.325791882767501,0.325791882767501,0.325791882767501,0.325791882767501,0,0,0,0
0.709808249597152,0.709808249597152,0.709808249597152,0.709808249597152,0.34580401903451,0.709808249597152,0.709808249597152,0.709808249597152,0.709808249597152,0.709808249597152,0.709808249597152,0.709808249597152,0.310983160823523,0.310983160823523,0.310983160823523,0.310983160823523,0,0,0,0
0.49401265640346,0.49401265640346,0.49401265640346,0.49401265640346,0.713573837027219,0.713573837027219,0.713573837027219,0.713573837027219,0.572946312671307,0.572946312671307,0.572946312671307,0.572946312671307,0.564241787114568,0.564241787114568,0.564241787114568,0.564241787114568,0,0,0,0
0.42082559619554,0.42082559619554,0.42082559619554,0.42082559619554,0.640386776819299,0.640386776819299,0.640386776819299,0.640386776819299,0.572946312671307,0.572946312671307,0.572946312671307,0.572946312671307,0.463183556586585,0.463183556586585,0.463183556586585,0.463183556586585,0,0,0,0
0.433023439563526,0.433023439563526,0.433023439563526,0.433023439563526,0.676980306923259,0.676980306923259,0.676980306923259,0.676980306923259,0.572946312671307,0.572946312671307,0.572946312671307,0.572946312671307,0.496869633429246,0.496869633429246,0.496869633429246,0.496869633429246,0,0,0,0
0.519792613542605,0.519792613542605,0.642096757905571,0.688918931395225,0.666557586778164,0.666557586778164,0.666557586778164,0.666557586778164,0.54256086697466,0.54256086697466,0.54256086697466,0.54256086697466,0.582636456670634,0.582636456670634,0.582636456670634,0.582636456670634,0,0,0,0
0.600899143313268,0.723531621540465,0.723531621540465,0.699005125895026,0.748870394917413,0.699005125895026,0.699005125895026,0.699005125895026,0.584018688897072,0.584018688897072,0.584018688897072,0.584018688897072,0.61806728473426,0.61806728473426,0.61806728473426,0.61806728473426,0,0,0,0
0.496125733163045,0.699005125895026,0.699005125895026,0.674478630249586,0.699005125895026,0.674478630249586,0.674478630249586,0.674478630249586,0.576018432884783,0.576018432884783,0.576018432884783,0.576018432884783,0.592667259334222,0.592667259334222,0.592667259334222,0.592667259334222,0,0,0,0
0.833338883320402,0.833338883320402,0.833338883320402,0.833338883320402,0.833338883320402,0.833338883320402,0.833338883320402,0.833338883320402,0.833338883320402,0.833338883320402,0.833338883320402,0.833338883320402,0.0991269523555301,0.0991269523555301,0.0991269523555301,0.0991269523555301,0,0,0,0
