0 0 0 0 0,0001 0,0001 0 0 0 0 0 0 0 0 0 0 0 0 0 0 0 0 0 0 0 0 0 0 0 0 0 0 0 0 0 0 0 0 0 0 0 0 0
0 0 0 0 0,0003 0,0002 0 0 0 0 0 0 0 0 0 0 0 0 0 0 0 0 0 0 0 0 0 0 0 0 0 0 0 0 0 0 0 0 0 0 0 0 0
0 0,0004 0 0 0 0,0001 0 0 0 0 0 0 0 0 0 0 0 0 0 0 0,0026 0 0 0 0 0 0 0 0 0 0 0 0 0 0 0 0 0 0 0 0 0 0
0 0 0 0 0 0 0 0 0 0 0 0 0 0 0 0 0 0 0 0 0 0 0 0 0 0 0 0 0 0 0 0 0 0 0 0 0 0 0 0 0 0 0
0 0 0 0 0 0 0 0 0 0 0 0 0 0 0 0 0 0 0 0 0 0 0 0 0 0 0 0 0 0 0 0 0 0 0 0 0 0 0 0 0 0 0
0 0 0 0 0 0 0 0 0 0 0 0 0 0 0 0 0 0 0 0 0,0004 0 0 0 0 0 0 0 0 0 0 0 0 0 0 0 0 0 0 0 0 0 0
0 0 0 0 0,0002 0,0003 0 0 0 0 0 0 0 0 0 0 0 0 0 0 0 0 0 0 0 0 0 0 0 0 0 0 0 0 0 0 0 0 0 0 0 0 0
0 0 0 0 0,0001 0,0002 0 0 0 0 0 0,0073 0 0 0 0 0 0 0 0 0 0 0 0 0 0 0 0 0 0 0 0 0 0 0 0 0 0 0 0 0 0 0
0 0 0 0 0 0,0001 0 0 0 0 0,0045 0 0 0 0 0 0 0 0 0 0 0 0 0 0 0 0 0 0 0 0 0 0 0 0 0 0 0 0 0 0 0 0
0 0 0 0 0 0,0001 0 0 0 0 0,0113 0 0 0 0 0 0 0 0 0 0 0 0 0 0 0 0 0 0 0 0 0 0 0 0 0 0 0 0 0 0 0 0
0 0 0 0,0075 0,0023 0,0006 0 0 0 0 0 0,0043 0 0 0 0 0 0 0,0002 0 0 0 0 0 0 0 0 0 0 0 0 0 0 0 0 0 0 0 0 0 0 0 0
0 0 0 0 0 0 0 0 0 0,0014 0,0104 0 0 0 0 0 0 0 0 0 0 0 0 0 0 0 0 0 0 0 0 0 0 0 0 0 0 0 0 0 0 0 0
0 0 0 0 0,0007 0,0001 0,0004 0 0 0,0103 0,0057 0 0 0 0 0 0 0 0 0,0091 0,011 0 0 0 0 0 0 0 0 0 0 0 0 0 0 0 0 0,0675 0 0 0 0 0
0,0049 0,0127 0 0,0322 0,0024 0,0006 0,0024 0,0921 0,0056 0,045 0,0759 0,4964 0,2109 0 0,2338 0 0 0,0032 0,016 0 0,041 0 0,26 0 0 0 0 0,0089 0 0,1008 0,0266 0,0011 0 0 0 0,0112 0 0,2527 0 0 0 0 0
0,0049 0,0127 0 0,0202 0 0,0003 0,0012 0 0,0078 0,0135 0,0227 0,013 0,2109 0 0 0 0 0 0 0 0,0045 0 0 0 0 0 0 0 0 0 0 0 0 0 0 0 0 0,2527 0 0 0 0 0
0 0,0127 0 0,0347 0 0 0 0 0 0,0029 0,04 0 0,2109 0 0 0 0 0,0032 0 0,0091 0 0 0 0,0098 0 0 0,0263 0 0 0 0,0266 0 0 0 0 0 0 0 0 0 0 0 0
0,0049 0,0127 0 0,0153 0,0006 0,0001 0,0021 0,0584 0 0,0051 0,0072 0,1823 0,2109 0 0,0563 0 0 0,0032 0,0713 0 0,0013 0 0 0 0 0 0 0,0089 0 0,1008 0 0,0011 0 0,0221 0 0,0112 0 0,2527 0 0 0 0 0
0 0 0 0 0 0 0 0 0 0 0 0 0 0 0 0 0 0 0 0 0 0 0 0 0 0 0 0 0 0 0 0 0 0 0 0 0 0 0 0 0 0 0
0 0 0 0 0 0 0 0,0263 0 0 0 0 0 0 0 0 0 0 0 0 0 0 0 0 0 0 0 0 0 0 0 0 0 0 0 0 0 0 0 0 0 0 0
0 0 0 0 0 0,0002 0 0 0 0 0 0 0 0 0 0 0 0 0,0006 0 0,0037 0 0 0 0 0 0 0 0 0 0 0 0 0 0 0 0 0 0 0 0 0 0
0 0 0 0 0,0002 0,0003 0 0,0058 0,0001 0 0,0036 0,001 0 0 0 0 0 0 0,0034 0 0 0 0 0 0 0 0 0 0 0 0 0,0007 0 0 0 0 0 0 0 0 0 0 0
0 0 0 0 0 0 0 0 0 0 0 0 0 0 0 0 0 0 0 0 0 0 0 0 0 0 0 0 0 0 0 0 0 0 0 0 0 0 0 0 0 0 0
0 0 0 0 0 0,0004 0 0,0372 0,004 0 0,009 0,012 0 0 0 0 0 0 0,0001 0 0,0148 0 0 0 0 0 0 0 0 0 0 0 0 0 0 0 0 0 0 0 0 0 0
0 0 0 0,0099 0 0 0 0,0175 0 0 0 0 0 0 0 0 0 0 0 0 0 0 0 0 0 0 0 0 0 0 0 0 0 0 0 0 0 0 0 0 0 0 0
0 0 0 0 0 0,0001 0 0,0088 0 0 0 0 0 0 0 0 0 0,0032 0 0,0091 0 0 0 0 0 0 0 0 0 0 0 0 0 0 0 0 0 0 0 0 0 0 0
0 0,0306 0 0,0174 0 0 0 0 0 0,002 0,0085 0 0 0 0 0 0 0,0032 0 0,0091 0,0014 0 0 0 0 0 0 0 0 0 0 0 0 0 0 0 0 0 0 0 0 0 0
0 0 0 0 0 0,0002 0 0 0 0 0 0 0 0 0 0 0 0,0032 0,0082 0 0,0015 0 0,0411 0,0098 0 0 0 0 0 0 0 0 0 0 0 0 0 0 0 0 0 0 0
0 0,0048 0 0,0049 0,0002 0,0001 0 0,0075 0,0003 0 0,0037 0,0129 0 0 0 0 0 0,0032 0,0047 0 0,0034 0 0,0321 0,0098 0 0 0 0 0 0 0 0 0 0 0 0 0 0 0 0 0 0 0
0 0,0046 0 0,0048 0 0,0001 0 0,0124 0 0,0032 0 0 0 0 0 0 0 0,0006 0,0096 0,0091 0,0027 0 0,0321 0,0098 0 0 0 0,0002 0 0,0061 0,0169 0 0 0 0 0 0 0 0 0 0 0 0
0 0 0 0 0 0 0 0 0 0 0 0 0 0 0 0 0 0,0032 0,0067 0,0046 0,0015 0 0,0411 0,0098 0 0 0 0 0 0 0 0 0 0 0 0 0 0 0 0 0 0 0
0 0,0092 0 0,0047 0,001 0,0005 0,0002 0,0075 0,0003 0,0067 0,0048 0,0493 0 0 0 0 0 0,0005 0,012 0,0046 0,0036 0 0,0473 0,0098 0 0 0,0063 0,0019 0,0132 0 0 0 0 0 0 0 0 0,0674 0 0 0 0 0
0 0 0 0 0,0002 0,0005 0,0006 0 0 0 0 0 0 0 0 0 0 0 0 0 0,0003 0 0 0 0 0 0 0 0 0 0 0 0 0 0 0 0 0 0 0 0 0 0
0,0033 0,0306 0 0 0,0015 0 0,003 0 0 0 0 0 0 0 0 0 0 0 0 0 0,0031 0 0 0 0 0 0 0 0 0 0 0,0026 0 0 0 0 0 0 0 0 0 0 0
0 0 0 0 0,0002 0 0,0003 0,0337 0 0 0 0 0 0 0 0 0 0 0 0 0 0 0 0 0 0 0 0 0 0 0 0 0 0 0 0 0 0 0 0 0 0 0
0,0033 0 0 0 0 0 0,0003 0 0 0 0 0 0 0 0 0 0 0 0 0 0 0 0 0 0 0 0 0 0 0 0 0 0 0,0221 0 0 0 0 0 0 0 0 0
0,0033 0 0 0 0 0 0,0022 0 0,0007 0 0 0 0 0 0 0 0 0 0 0 0,0002 0 0 0 0 0 0 0 0 0 0 0,0021 0 0,0221 0 0 0 0 0 0 0 0 0
0,0066 0,0616 0 0 0,0009 0 0,0034 0,0672 0,0029 0 0 0 0 0 0 0 0 0 0 0 0,0161 0 0 0 0 0 0 0 0 0 0 0,0022 0 0,0221 0 0,1038 0 0,1213 0 0 0 0 0
0,0057 0,6598 0 0,0221 0,0066 0,0011 0,0053 0,0337 0,0069 0,0278 0,0652 0,1258 0 0,0642 0 0 0 0,0056 0,0107 0 0,0248 0 0,035 0 0 0 0 0,1244 0,0794 0 0 0,0025 0,0004 0,062 0 0 0,1152 0 0 0 0 0 0
0 0 0 0,0394 0,0027 0,0007 0,0015 0,0672 0,0001 0,0026 0,0763 0,044 0,8438 3,8294 0 0 0,4339 0,0179 0,4548 0,0548 0,082 0,0017 2,7461 0,1768 0,1026 0,0019 0,4728 0,278 0,4588 0,3974 0,2261 0,0029 0,0535 0,0354 0 0,0337 0,5929 4,7166 0 0 0 0 0
0 0,0469 0 0,1428 0,0036 0,0009 0 0,0672 0,0006 0,0039 0,0013 0,0052 0 1,7818 0,2394 0,8149 0 0 0 0 0,0971 0,0047 1,2678 0,1179 0,1026 0,028 0,1051 1,2036 0,5064 0 2,3729 0,0006 0,1471 0 0,2826 0 5,909 0,4178 38,4613 0 0 0 0
0,1131 0 0,0074 0,0123 0,0005 0,0001 0,0013 0,0337 0,0013 0,0039 0 0,0029 0 3,123 0 0 0,315 0 0 0 0,0057 0 0,2075 0 0,0552 0,2208 0 0,1072 0,0375 0 0,1664 0,0019 0,1506 0,0797 0,0707 0,0421 6,2207 0,3369 7,6923 0 0 0 0
0 0 0 0 0 0 0 0 0,0003 0,0051 0,0122 0,0025 0,8438 2,2582 4,0838 3,2596 4,1716 0 0 0 0,0005 0,002 0 0 0,0237 0,2218 0 0,051 0 0 0,2985 0,0002 0,021 0,0531 0,0707 0 21,0169 0 7,6923 47,7645 87,2206 0 0
0 0 0,0664 0 0 0 0 0 0 0 0 0 0 3,0513 0,8506 4,0746 1,5783 0 0 0 0,0009 0 0 0 0,0237 1,0042 0 0,1028 0 0 0,6598 0 0 0 0 0 0 0 0 9,5529 11,1821 848,2451 0
