0 0 0 0 0,769 0 232,065 0 0 19,036 0 0 0 0 0
0 0 0 1,8 0 0 0 23,031 7,166 0 0 0 0 0 0
0 0 0 1,8 0 0 0 2,879 2,559 0 0 0 0 0 0
0 0 0 0 0 0 0 0,173 0,102 0 0,238 0,558 0 0 0
0 0 0 0 0 0 0 0 0 2,176 0 0,046 0 0 0
0 0 0 0 0 0 0 0 5,119 9,246 0 0,139 0,23 0 0
0 0 0 0 0 0 0 0 14,844 6,527 0 0,093 0,667 0 0
0 0 0 0 0 0 0 0 0 2,176 0 0 0,759 0 0
0 0 0 0 0 0 0 0 0 0 0 0 0,046 0,003 0
0 0 0 0 0 0 0 0 5,119 0 0 0 0,506 0,002 0
0 0 0 0 0 0 0 0 0 0 0 0 0 0,017 0
0 0 0 0 0 0 0 0 0,102 0 0 0 0,069 0,006 0,005
0 0 0 0 0 0 0 0 0 0 0 0 0 0,061 0
0 0 0 0 0 0 0 0 0 0 0 0 0 0 0
0 0 0 0 0 0 0 0 0 0 0 0 0 0 0
