0 0 0 0 0 0 0 0 0 0 0 0 0 0 0 0 0 0 0 0 0 0 0 0 0 0 0 0 0 0 0 0 0 0 0 0 0 0 0 0 0 0 0 0 0 0 0 0 0 0 0 0 0 0 0
0 0 0 0 0 0 0 0 0 0 0 0 0 0 0 0 0 0 0 0 0 0 0 0 0 0 0 0 0 0 0 0 0 0 0 0 0 0 0 0 0 0 0 0 0 0 0 0 0 0 0 0 0 0 0
0 0 0 0 0 0 0 0 0 0 0 0 0 0 0 0 0 0 0 0 0 0 0 0 0 0 0 0 0 0 0 0 0 0 0 0 0 0 0 0 0 0 0 0 0 0 0 0 0 0 0 0 0 0 0
0 0 0 0 0 0 0 0 0 0 0 0 0 0 0 0 0 0 0 0 0 0 0 0 0 0 0 0 0 0 0 0 0 0 0 0 0 0 0 0 0 0 0 0 0 0 0 0 0 0 0 0 0 0 0
0 0 0 0 0 0 0 0 0 0,0047 0 0 0 0 0 0 0 0 0 0 0 0 0 0 0 0 0 0 0 0 0 0 0 0 0 0 0 0 0 0 0 0 0 0 0 0 0 0 0 0 0 0 0 0 0
0 0 0 0 0 0 0 0 0 0,0024 0 0 0 0 0 0 0 0 0 0 0 0 0 0 0 0 0 0 0 0 0 0 0 0 0 0 0 0 0 0 0 0 0 0 0 0 0 0 0 0 0 0 0 0 0
0 0 0 0 0,0052 0 0 0 0 0,0165 0 0 0 0 0 0 0 0 0 0 0 0 0 0 0 0 0 0 0 0 0 0 0 0 0 0 0 0 0 0 0 0 0 0 0 0 0 0 0 0 0 0 0 0 0
0 0 0 0 0,0062 0 0,0443 0 0 0 0 0 0 0 0 0 0 0 0 0 0 0 0 0 0 0,0081 0 0 0 0 0 0 0 0 0 0 0 0 0 0 0 0 0 0 0 0 0 0 0 0 0 0 0 0 0
0 0 0 0 0,0363 0 0 0 0 0 0 0 0 0 0 0 0 0 0 0 0 0 0 0 0,0031 0,0023 0 0 0 0 0 0 0 0 0 0 0 0 0 0 0 0 0 0 0 0 0 0 0 0 0 0 0 0 0
0,026 0 0 0 0,044 0 0,0074 0 0 0 0,0146 0 0 0 0 0 0 0 0 0 0 0 0 0 0,0055 0,0035 0 0 0 0,0025 0 0 0 0 0 0 0 0 0 0 0 0 0 0 0 0 0 0 0 0 0 0 0 0 0
0 0 0 0 0,0295 0 0,001 0 0,0128 0,0071 0 0 0 0 0 0 0 0 0 0 0 0 0 0 0 0 0 0 0 0 0 0 0 0 0 0 0 0 0 0 0 0 0 0 0 0 0 0 0 0 0 0 0 0 0
0,0232 0 0 0 0,0295 0 0,001 0 0,0256 0,0108 0 0 0 0 0 0 0 0 0 0 0 0 0 0 0 0 0 0 0 0 0 0 0 0 0 0 0 0 0 0 0 0 0 0 0 0 0 0 0 0 0 0 0 0 0
0,0817 0,0195 0 0 0,0378 0 0,0111 0 0,1279 0,353 0,6532 0,4629 0 0,0178 0,2809 0 0,0128 0,0665 0 0 0 0 0 0 0,0689 0,0284 0,0793 0 0 0,0037 0 0 0 0,1928 0 0 0 0 0 0 0 0 0 0 0 0 0 0 0 0 0 0 0 0 0
0 0 0 0 0,0477 0 0,0089 0 0,1279 0,1789 0 0 0 0 0 0 0 0 0 0 0 0 0 0 0 0 0 0 0 0 0 0 0 1,9279 0 0 0 0 0 0 0 0 0 0 0 0 0 0 0 0 0 0 0 0 0
0,025 0,004 0 0 0,0497 0,009 0,0088 0 0,1407 0,1465 0,164 0,2518 0 0,0178 0 0 0 0 0 0 0 0 0 0 0,0452 0,0073 0 0 0 0 0 0 0 0,1928 0 0 0 0 0 0 0 0 0 0 0 0 0 0 0 0 0 0 0 0 0
0 0 0 0 0 0 0 0 0 0,0139 0 0 0 0 0 0 0 0 0 0,0357 0 0 0 0 0 0 0 0 0 0,0025 0 0 0 0 0 0 0 0 0 0 0 0 0 0 0 0 0 0 0 0 0 0 0 0 0
0 0,0079 0 0 0 0 0 0 0 0 0,017 0 0 0 0 0 0 0 0 0,0357 0 0 0 0 0 0 0 0 0 0 0 0 0 0 0 0 0 0 0 0 0 0 0 0 0 0 0 0 0 0 0 0 0 0 0
0 0,0114 0 0 0,0078 0 0,0089 0 0 0,1898 0,0426 0,1652 0 0 0 0 0,0304 0 0 0 0 0,1817 0,0017 0 0,0243 0,0206 0 0 0 0,0095 0 0 0 0 0 0 0 0,0704 0,0739 0 0 0 0 0 0 0 0 0 0 0 0 0 0 0 0
0,3197 0,0079 0 0 0,0269 0 0 0 0 0,1321 0 0 0 0 0 0 0,0152 0,0111 0 0 0 0,1114 0 0 0,005 0,0322 0,0617 0 0 0,0017 0 0 0 0 0 0 0 0 0 0 0 0 0 0 0 0 0 0 0 0 0 0 0 0 0
0 0 0 0 0 0 0 0 0 0 0 0 0 0 0 0 0 0 0 0 0 0,0021 0 0 0,0012 0,0115 0,0044 0 0 0 0 0 0 0 0 0 0 0 0 0 0 0 0 0 0 0 0 0 0 0 0 0 0 0 0
0 0 0 0 0 0 0,001 0 0 0,0049 0 0 0 0 0 0 0 0 0 0,0713 0 0,0976 0 0 0,0108 0,0152 0,0211 0 0 0 0 0 0 0 0 0 0 0 0 0 0 0 0 0 0 0 0 0 0 0 0 0 0 0 0
0 0 0 0 0,0078 0 0,0119 0 0 0 0 0,0242 0 0 0 0 0 0,0111 0 0,0179 0 0 0,0017 0 0,0089 0,0111 0,0088 0 0 0 0 0 0 0 0 0 0 0 0 0 0 0 0 0 0 0 0 0 0 0 0 0 0 0 0
0,0014 0,0107 0 0 0,0083 0 0,0065 0,0828 0 0,0071 0 0 0 0 0 0 0,019 0,0665 0 0,0536 0 0,0422 0 0 0,0457 0,0108 0,0397 0 0 0,0015 0 0 0 0 0 0 0 0,1737 0,1478 0 0 0 0 0 0 0 0 0 0 0 0 0 0 0 0
0,0232 0 0 0 0,0508 0 0 0 0 0,0214 0,1379 0 0 0 0 0 0 0 0 0 0 0 0 0 0,0119 0 0 0 0 0 0 0 0 0 0 0 0 0 0 0 0 0 0 0 0 0 0 0 0 0 0 0 0 0 0
0 0 0 0 0,0073 0 0,0092 0 0 0 0,0334 0 0 0 0 0 0 0,0144 0 0 0 0 0 0 0 0,0118 0 0 0 0 0 0 0 0 0 0,0023 0 0 0 0 0 0 0 0 0 0 0 0 0 0 0 0 0 0 0
0 0 0 0 0,0026 0 0,0071 0 0 0 0 0 0 0 0 0 0 0 0 0 0 0 0 0 0 0 0 0 0 0 0 0 0 0 0 0 0 0 0 0 0 0 0 0 0 0 0 0 0 0 0 0 0 0 0
0 0 0 0 0,0057 0 0,0108 0 0 0,1462 0,0501 0,0506 0 0 0 0,0161 0 0,0133 0 0 0,1728 0,2057 0 0 0,1595 0,0419 0 0 0 0 0 0 0 0 0 0 0 0 0 0 0 0 0 0 0 0 0 0 0 0 0 0 0 0 0
0,0166 0 0 0 0,0067 0 0,0022 0,0423 0 0,1271 0 0 0 0 0 0,014 0,0148 0,0044 0 0 0 0 0 0 0,0873 0,0231 0,0652 0 0 0 0 0 0 0 0 0,0023 0 0 0 0 0 0 0 0 0 0 0 0 0 0 0 0 0 0 0
0 0 0 0 0 0 0 0 0 0 0 0 0 0 0 0 0 0 0 0 0 0 0 0 0,0523 0,0305 0 0 0 0 0 0 0 0 0 0,0023 0 0 0 0 0 0 0 0 0 0 0 0 0 0 0 0 0 0 0
0,0028 0,0025 0 0 0,0021 0 0,0033 0 0 0 0 0 0 0 0 0 0 0 0 0 0 0 0 0 0 0 0 0 0 0 0 0 0 0 0 0 0 0 0 0 0 0 0 0 0 0 0 0 0 0 0 0 0 0 0
0,0353 0,0095 0 0 0 0 0 0 0 0,0104 0,0187 0 0 0 0 0 0 0 0 0 0 0 0 0 0 0,0176 0 0 0 0,0055 0 0 0 0 0 0,0023 0 0 0 0 0 0 0 0 0 0 0 0 0 0 0 0 0 0 0
0,2011 0,005 0 0 0 0 0,0061 0,0423 0 0,4335 0,1751 0,1134 0 0 0,1755 0 0,152 0,5745 0 0 0 0,2735 0,0017 0,1397 0,0309 0,0124 0,1119 0 0 0,0095 0 0 0 1,9279 0 0 0 0 0 0 0 0 0 0 0 0 0 0 0 0 0 0 0 0 0
0,1177 0 0 0 0,0171 0 0,0267 0,0276 0,1279 0,0235 0,0501 0 1,6859 0 0,6319 0 0,0167 0,5789 0,1175 0,0357 0 0,1481 0,6212 0,1061 0,0199 0,0018 0,3155 0,0471 0,0099 0,0262 0 0 0 0 0 0 0 0 0 0 0 0 0 0 0 0 0 0 0 0 0 0 0 0 0
0,6159 0 0 0 0,0637 0,005 0,0263 0,1876 0,3646 0,1741 0,082 0,0659 0 0 0,2457 0 0,0456 0,0133 0 0 0 0,1439 0 0 0,0713 0,0308 0,2732 0 0 0,01 0 0 0,2723 0 0,0846 0 0 0 0,4434 0 0 0 0 0 0 0 0 0 0 0 0 0 0 0 0
0 0 0 0 0,0026 0 0,003 0,0184 0,0064 0,0235 0,0234 0 0,0291 0 0,0088 0,0071 0,0076 0,4435 0,1059 0,0036 0,1199 0,0205 0,6958 0 0,0356 0,0098 0,4398 0 0 0,001 0 0,0353 0 0 0 0 0,0599 0 0,739 0 0 0 0 0 0 0 0 0 0 0 0 0 0 0 0
0,0011 0 0 0 0 0 0 0,0037 0 0 0 0 0 0 0 0 0 0,0011 0 0 0 0 0 0 0 0,001 0,0088 0 0 0 0 0 0,0027 0 0 0 0 0 0 0 0 0 0 0 0 0 0 0 0 0 0 0 0 0 0
0,0011 0 0,0056 0 0,0078 0 0,0089 0,1838 0 0,0235 0 0 0,0291 0 0 0,0284 0 0,3326 0,1059 0,0107 0,0899 0,0616 0,1739 0 0,1783 0,0734 0,2639 0 0 0,009 0 0 0,0272 0 0 0,0428 0 0,0043 0,2217 0 0 0 0 0 0 0 0 0 0 0 0 0 0 0 0
0,0011 0 0 0 0,0083 0 0,0145 0,0368 0 0 0 0 0 0 0 0 0,0076 0 0 0 0 0 0 0 0,0389 0,049 0,0617 0 0 0 0 0 0 0 0 0 0 0 0 0 0 0 0 0 0 0 0 0 0 0 0 0 0 0 0
0 0 0 0 0 0 0 0,0092 0 0,0085 0 0 0 0 0 0,014 0 0,1442 0,0423 0 0,1197 0,0206 0,087 0 0,0119 0,0098 0,0791 0 0 0 0 0 0 0 0,0032 0 0 0 0 0 0 0 0 0 0 0 0 0 0 0 0 0 0 0 0
0,0011 0 0 0 0 0,0037 0,0053 0,2904 0 0 0 0 0 0 0 0,0389 0 0,9482 0,4975 0 0,2993 0,1315 0,6956 0 0,0251 0,0073 0,8793 0,0076 0,0018 0 0 0 1,3616 0 0,0634 0,052 0,2457 0,0486 0,0739 0 0 0 0 0 0 0 0 0 0 0 0 0 0 0 0
0,0017 0 0,0052 0 0 0 0,0118 0,2205 0 0 0 0 0 0 0 0 0 0,0333 0 0 0,06 0,0411 0,7304 0 0 0 0,4398 0 0 0 0 0 4,3597 0 0 0,0412 2,1816 0,2041 0,8129 0,7121 0 0 0 0 0 0 0 0 0 0 0 0 0 0 0
0 0 0,0054 0 0 0 0 0,0775 0 0 0 0 0,4941 0 0 0,0284 0 0,9282 3,2096 0 0,018 0 0,6088 0 0 0,0073 1,4512 1,6263 0,008 0 0 0 3,8148 0 0,8668 0,0131 0,917 0,1042 0 7,2634 0 0 0 0 0 0 0 0 0 0 0 0 0 0 0
0 0 0 0 0 0 0,0036 0,2738 0 0,0071 0 0 0,494 0 0 0,3114 0,0046 1,519 0,8257 0,0322 0,8065 0,2835 1,4786 0,0676 0,0594 0 1,4953 0,2279 0,041 0 0 0 0 0,7712 2,0718 0,0085 0,893 0,1364 1,1086 3,4893 0 1,9691 0 13,6933 0 0 0 0 0 0 0 0 0 0 0
0 0 0 0 0 0 0,0044 0,3124 0 0,1012 0,0015 0 1,4528 0 1,1936 0,2511 0,1178 3,5482 1,6196 0,0607 0,896 0,2651 3,0615 0,2965 0,1271 0,0098 1,9348 0,4235 0,0825 0,0129 0,0182 3,1756 8,0887 5,7009 2,4523 0,0046 0,1139 0,0869 1,3303 1,4242 0 39,3817 3,0261 0 0 0 0 0 0 0 0 0 0 0 0
0 0 0 0 0 0 0 0 0 0 0 0 0,9302 0 0 0 0 0,0311 0,0032 0 0 0 0 0 0 0 0,0079 0 0 0 0 0,3527 0 0,7712 1,3107 0 0,1738 0,0087 0 2,2075 11,1771 59,1304 30,2609 23,9633 0 0 0 0 0 0 0 0 0 0 0
0 0 0 0 0 0,0181 0 0 0 0 0 0 9,4178 0 2,1064 0 0 0,2883 0,0011 0 0 0 0 0 0,0214 0 0,1339 0 0,099 0 0 12,1129 1,0899 0,7712 0 0 0 0 0 0 0 1,9707 0 0 0 0 40,2 51,8412 2,2198 4,2432 0 0 0 0 0
0 0 0 0 0 0,0181 0 0 0,064 0,1184 0 0 6,0431 0 4,6517 0 0,0379 0,5124 0,2022 0 0,0839 0 0 0,0091 0,0264 0 0,2247 0,0509 0,1762 0 0 12,508 1,0899 12,724 0 0 0 0 0 0 0 1,9707 0 0 0 0 0 43,1994 1,5856 9,9715 0 0 0 0 0
0,0171 0 0 0 0 0,0181 0 0 0,064 0,04 0 0 1,7434 10,4229 5,2512 0 0,0016 0,4991 0,1175 0 0,2486 0,0023 0,4958 0 0 0 0,3518 0,1414 0,0805 0,0039 0 2,9637 5,0682 12,6721 0 0 0 0 0 0 0 0 0 0 0 0 0 0 0,2537 2,1216 0 0 0 0 0
0 0 0 0 0 0 0 0 0,1279 0 0 0 0 0,1776 0 0 0 0,0554 0 0 0 0 0 0 0 0 0,0132 0 0 0 0 0 0,2723 0,0385 0 0 0 0 0 0 0 0,1971 0 0 0 0 0 0,8646 0 0 0 0 0 0 0
0 0 0,0024 0 0 0,0037 0 0 0 0 0 0 0 7,1025 0 0 0 0 0 0 0 0 0 0 0 0 0 0 0 0 0 0 0 0,7712 0 0 0 0 0 0 0 1,969 0 0 0 0 0 0 0 0 0 0 0 0 0
0 0 0 0 0 0 0 0 0 0 0 0 0 0 0 0 0 0 0 0 0 0 0 0 0 0 0 0 0 0 0 0 0 0 0 0,0497 0,6293 0 1,4781 7,1922 111,7708 593,2429 45,3913 65,0432 113,75 53,95 134 276,4761 0,3171 4,8797 0 0 0 0 0
0 0 0,0026 0,0292 0 0 0 0 0 0 0 0 0,8284 0 0 0 0 0,0699 1,3201 0 0,0839 0 0 0 0 0 0 4,0951 0 0 0,1816 0 0,5446 0 0,0317 0,0085 0 0 0,0739 8,6876 0 0 0 41,0799 0 0 0 0 0 0 0 0 0 0 0
0 0 0,0026 0 0 0 0,0038 0,0285 0 0 0 0 0,0581 0 0 0 0,0016 0,0122 0,529 0 0 0 0,0382 0 0 0 0 0 0 0 0,0363 0 0 0 1,0561 0 0,2278 0 0,4434 7,0498 134,125 78,851 27,2348 27,3866 65 16,6 16,75 0 0,3171 0 64,5 0 0 0 0
0 0 0 0 0 0 0 0 0 0 0 0 0 0 0 0 0 0 0 0 0 0 0 0 0 0 0 0 0 0 0,0182 1,1005 0 0 0 0 0 0 0 1,9939 257,0728 456,8272 66,5739 34,2333 0 332 123,95 43,201 0,9513 0 64,5 0 0 0 0
0 0 0 0 0 0,0014 0 0 0 0 0 0 2,619 0 2,8437 0 0 0 0 0 0 0 0 0,5431 0 0 0,0256 0,0555 0 0 0 0 0,2723 0 0 0 0 0 0 3,3469 0 0 0 17,1166 0 0 0 0 0 0 0 0 0 0 0
