0 0 0 0 0 0 0,092 0 0 0 0 0 0 0 0 0 0 0 0 0
0,049 0 0,254 0,548 0 0 0 0 0 0,12 0 0 0 0 0 0 0 0 0 0
0,074 2,741 0 2,19 0 0 0 0 0 0,48 0 6,084 0 0 0 0 0 0 0 0
0,686 4,895 0 0 0 0,896 4,526 0 0 0,108 0 0,936 0 6 0 0 0 0 0 0
0,358 8,341 10,16 16,425 0 0,256 0 0 0 0,36 0 6,084 0 6 0 0 0 0 0 0
0,412 3,133 0 5,475 0 0 0 0 0 0,049 0 0,468 0 2,4 0 0 0 0 0 0
0,167 0 0 0 0 0 0 0 0 0 0 0 0 0 0 0 0 0 0 0
0,049 8,694 0 4,38 0 2,048 0 0 0 0,002 0 0 0 1,2 0 0 0 0 0 0
0,588 7,44 5,334 49,275 0 0 0,883 0 0 0,02 0 0 0 38,4 0 0 0 0 0 0
0,015 0 0 0 0 0 0 0 0 0 0 0 0 0 0 0 0 0 0 0
0 0 0 0 0 0 0 0 0 0 0 0 0 0 0 0 0 0 0 0
0,118 0,822 0 5,475 0 0 0 0 0 0 0 0 0 2,4 0 0 0 0 0 0
0,103 0 0 65,7 0 5,504 0 0,375 0 0 0,01 0 0 156 6,02 0 0 0 0 0
0,784 1,566 1,27 38,325 7,218 10,24 3,698 0 2,28 0 0,031 11,7 7,2 0 30,1 0 0 0 0 0
1,318 0,705 49,784 180,675 0 28,16 0 0,375 0 0 0,011 39,312 124,8 384 0 0 0 0 0 0
0,054 0 0 38,325 3,609 6,4 0 0 11,4 0 0,098 0 472,8 42 177,59 0 0 0 0 0
0 0,783 182,88 65,7 585,861 20,48 0 1,498 0 0,06 0 18,72 7,2 84 18,06 225 0 0 0 0
0 0 0 0 1,203 0 0 0 0 0 0 0 52,8 60 511,7 171 3960 0 0 0
0 0 0 0 1,203 0 0 0 0 0 0 0 7,2 6 252,84 99 990 0 0 0
0 0 3,81 47,633 0 27,648 0 370,006 2065,68 0 0,096 0 1329,6 240 538,79 756 0 0 0 0
