0 0,004 0,004 0 0 0 0 0 0 0 0 0 0 0 0 0 0 0 0
0,007 0 0,004 0,007 0,007 0,001 0,006 0 0 0 0 0 0 0 0 0 0 0 0
0 0 0 0 0,039 0 0 0 0 0 0 0 0 0 0 0 0 0 0
0 0 0 0 0 0 0 0 0 0 0 0 0 0 0 0 0 0 0
0 0 0 0,003 0 0 0 0 0 0 0 0 0 0 0 0 0 0 0
0 0 0 0,001 0 0 0 0 0 0 0 0 0 0 0 0 0 0 0
0 0 0 0,001 0,001 0 0 0 0 0 0 0 0 0 0 0 0 0 0
0 0 0 0,001 0,001 0 0 0 0 0 0 0 0 0 0 0 0 0 0
0 0 0,007 0,001 0,001 0 0 0 0 0 0 0 0 0 0 0 0 0 0
0,067 0,006 0,207 0,212 0,182 0,03 0 0,009 0,363 0 0 0 0 0,066 0 0 0 0 0
0,133 0,071 0,161 0,052 0,163 0,034 0,165 0,004 0,002 0,426 0 0 0 0,082 0 0 0 0 0
0,267 0,167 0,172 0,064 0,227 0,041 0,074 0,148 0 0,203 0,046 0 0 0,182 0 0 0 0 0
0 0,005 0,537 0,032 0,041 0,004 0,113 0,521 0,649 2,164 0 0 0 0,973 0 0 0 0 0
0 0,017 0,122 0,001 0,035 0,065 0,698 0 0,348 0,778 0 0 0 0 0 0 0 0 0
0,04 0,363 0,397 0,176 0,003 0 0,199 0,094 0,002 0,149 4,709 0 0 0,825 0 5,318 0 0 0
0,214 0,045 0,34 0,203 0 0 0 0,02 0 0 8,779 0,384 1,662 0,841 7,251 0 0 0 0
2,523 0,026 0,072 0,27 0 0 0,448 0,034 0 0 1,006 0 0,76 1,683 0 0,253 0 0 0
0,047 0,026 0,1 0,015 0 0 1,759 0,014 0,002 3,337 6,767 2,015 3,348 2,392 5,006 5,064 0 0 0
2,016 0,002 0 0 0 0 0 0 0 0 0 0 1,116 0,792 0 0 64,892 0 0
