0 0 0 0 0 0 0 0 0 0 0 0 0 0 0 0 0 0 0 0 0 0 0 0 0 0 0 0 0 0 0 0 0 0 0 0 0 0 0 0 0 0 0 0 0 0 0 0 0 0 0 0 0 0 0 0 0 0 0 0 0 0 0
0 0 0 0 0 0 0 0 0 0 0 0 0 0 0 0 0 0 0 0 0 0 0 0 0 0 0 0 0 0 0 0 0 0 0 0 0 0 0 0 0 0 0 0 0 0 0 0 0 0 0 0 0 0 0 0 0 0 0 0 0 0 0
0 0 0 0 0 0 0 0 0 0 0 0 0 0 0 0 0 0 0 0 0 0 0 0 0 0 0 0 0 0 0 0 0 0 0 0 0 0 0 0 0 0 0 0 0 0 0 0 0 0 0 0 0 0 0 0 0 0 0 0 0 0 0
0 0 0 0 0 0 0 0 0 0 0 0 0 0 0 0 0 0 0 0 0 0 0 0 0 0 0 0 0 0 0 0 0 0 0 0 0 0 0 0 0 0 0 0 0 0 0 0 0 0 0 0 0 0 0 0 0 0 0 0 0 0 0
0 0 0 0 0 0 0 0 0 0 0 0 0 0 0 0 0 0 0 0 0 0 0 0 0 0 0 0 0 0 0 0 0 0 0 0 0 0 0 0 0 0 0 0 0 0 0 0 0 0 0 0 0 0 0 0 0 0 0 0 0 0 0
0 0 0 0 0 0 0 0 0 0 0 0 0 0 0 0 0 0 0 0 0 0 0 0 0 0 0 0 0 0 0 0 0 0 0 0 0 0 0 0 0 0 0 0 0 0 0 0 0 0 0 0 0 0 0 0 0 0 0 0 0 0 0
0 0 0 0 0 0 0 0 0 0 0 0 0 0 0 0 0 0 0 0 0 0 0 0 0 0 0 0 0 0 0 0 0 0 0 0 0 0 0 0 0 0 0 0 0 0 0 0 0 0 0 0 0 0 0 0 0 0 0 0 0 0 0
0 0 0 0 0 0 0 0 0 0 0 0 0 0 0 0 0 0 0 0 0 0 0 0 0 0 0 0 0 0 0 0 0 0 0 0 0 0 0 0 0 0 0 0 0 0 0 0 0 0 0 0 0 0 0 0 0 0 0 0 0 0 0
0 0 0 0 0 0 0 0 0 0 0 0 0 0 0 0 0 0 0 0 0 0 0 0 0 0 0 0 0 0 0 0 0 0 0 0 0 0 0 0 0 0 0 0 0 0 0 0 0 0 0 0 0 0 0 0 0 0 0 0 0 0 0
0 0 0 0 0 0 0 0 0 0 0 0 0 0 0 0 0 0 0 0 0 0 0 0 0 0 0 0 0 0 0 0 0 0 0 0 0 0 0 0 0 0 0 0 0 0 0 0 0 0 0 0 0 0 0 0 0 0 0 0 0 0 0
0 0,0075 0,0068 0,0021 0 0 0 0,0052 0 0 0 0,0068 0,0014 0,0088 0 0 0 0 0 0 0 0,0045 0 0 0,007 0 0 0 0 0,0114 0 0 0 0 0 0 0 0 0,0072 0 0,0011 0 0 0 0 0 0,0171 0 0 0 0 0 0 0 0 0 0 0 0 0 0 0 0
0 0 0,0137 0 0 0 0 0 0 0 0 0 0 0 0 0 0 0 0 0 0 0 0 0 0 0 0 0 0 0 0 0 0 0 0 0 0 0 0 0 0 0 0 0 0 0 0 0 0 0 0 0 0 0 0 0 0 0 0 0 0 0 0
0,0014 0,0062 0 0 0 0 0 0 0 0 0,002 0,0024 0 0,004 0 0 0 0 0 0 0 0 0 0 0,002 0 0 0 0 0,0057 0 0 0 0 0 0 0 0 0,0014 0 0,0053 0 0 0 0 0 0,0014 0 0 0 0 0 0 0 0 0 0 0 0 0 0 0 0
0 0,0191 0,0148 0 0,004 0 0 0 0 0 0 0,056 0 0 0 0 0 0,0165 0 0 0 0 0 0,0093 0 0 0 0 0 0 0 0 0 0 0 0 0 0 0 0 0 0 0 0 0 0 0 0 0 0 0 0 0 0 0 0 0 0 0 0 0 0 0
0 0 0 0 0 0 0 0 0 0 0,0011 0 0 0,0013 0 0 0 0 0 0 0 0 0 0 0 0 0 0 0 0,0018 0 0 0 0 0 0 0 0 0 0 0,001 0 0 0 0 0 0 0 0 0 0 0 0 0 0 0 0 0 0 0 0 0 0
0 0,0011 0,0025 0 0 0 0 0 0 0 0 0,0119 0 0 0 0 0 0,0017 0 0 0 0 0 0,0053 0 0 0 0 0 0 0 0 0 0 0 0 0 0 0 0 0 0 0 0 0 0 0 0 0 0 0 0 0 0 0 0 0 0 0 0 0 0 0
0 0,0167 0 0 0 0 0 0 0 0 0 0 0 0 0 0 0 0 0 0 0 0 0 0 0 0 0 0 0 0,0022 0 0 0 0 0 0 0 0 0 0 0 0 0 0 0 0 0,0171 0 0 0 0 0 0 0 0 0 0 0 0 0 0 0 0
0 0,0038 0,0067 0 0 0 0 0 0 0 0 0 0 0 0 0 0 0 0 0 0 0,0044 0 0 0 0 0 0 0 0 0 0 0 0 0 0 0 0 0 0 0 0 0 0 0 0 0 0 0 0 0 0 0 0 0 0 0 0 0 0 0 0 0
0 0,0017 0 0 0 0 0 0 0 0 0 0 0 0 0 0 0 0 0 0 0 0 0 0 0 0 0 0 0 0 0 0 0 0 0 0 0 0 0 0 0 0 0 0 0 0 0 0 0 0 0 0 0 0 0 0 0 0 0 0 0 0 0
0 0 0 0 0 0 0 0 0 0 0 0,0116 0 0 0 0 0 0,0287 0,01 0 0 0,0067 0 0 0 0 0 0 0,0015 0,0341 0 0 0 0 0 0 0 0 0 0,0057 0 0 0 0 0 0 0,017 0 0 0 0 0 0 0 0 0 0 0 0 0 0 0 0
0,0036 0,0671 0 0 0,0033 0 0,0048 0,0205 0 0,0049 0,1262 0,0415 0,0521 0,3936 0,001 0,0416 0,2761 0,2716 0,0033 0,0681 0 0,0181 0 0,0105 0,0175 0 0 0 0,028 0,4543 0 0 0 0,0064 0,0352 0 0 0 0,0142 0,0253 0,0211 0 0 0 0 0 0,017 0 0 0 0 0 0 0 0 0 0 0 0 0 0 0 0
0 0,0043 0,015 0 0 0 0 0 0 0 0 0 0 0 0 0,0018 0 0 0 0 0 0 0 0 0 0 0 0 0 0 0 0 0 0 0 0 0 0 0 0 0 0 0 0 0 0 0 0 0 0 0 0 0 0 0 0 0 0 0 0 0 0 0
0 0,0142 0,006 0,0016 0,0044 0 0,0068 0,0087 0,005 0,006 0,0368 0,0127 0,005 0,0398 0 0,0017 0,0242 0,0305 0,0015 0 0 0,0024 0 0 0,0185 0 0 0 0,0339 0,0691 0 0 0 0,0317 0 0 0 0 0,0042 0,0239 0,0031 0 0 0,0011 0 0 0 0 0 0 0 0 0 0 0 0 0 0 0 0 0 0 0
0 0 0,0022 0 0 0 0 0 0 0 0 0 0 0 0 0 0 0 0 0 0 0 0 0 0 0 0 0 0 0 0 0 0 0 0 0 0 0 0 0 0 0 0 0 0 0 0 0 0 0 0 0 0 0 0 0 0 0 0 0 0 0 0
0 0 0 0 0 0 0 0 0 0 0,0021 0,0036 0 0 0 0 0 0 0 0 0 0 0 0 0 0 0 0 0 0,01 0 0 0 0 0 0 0 0 0 0 0 0 0 0 0,0137 0 0 0 0 0 0 0 0 0 0 0 0 0 0 0 0 0 0
0 0 0 0,0012 0 0 0 0 0 0,0012 0,0504 0,0012 0 0,0094 0 0 0 0,0033 0 0 0 0,0049 0 0 0 0 0 0 0,003 0,0081 0 0 0 0 0 0 0 0 0 0 0 0 0 0 0 0 0,0014 0 0 0 0 0 0 0 0 0 0 0 0 0 0 0 0
0 0,001 0,0013 0,01 0,0063 0 0 0,0016 0 0 0,0021 0,0347 0 0 0 0 0 0,1603 0 0 0 0,0256 0 0,0095 0 0 0 0 0 0 0 0 0 0 0 0 0 0 0 0 0 0 0 0 0 0 0 0 0 0 0 0 0 0 0 0 0 0 0 0 0 0 0
0,0069 0,0313 0 0,0227 0,0014 0 0 0 0,0029 0 0,0304 0,0082 0,0055 0,3368 0 0 0,1334 0,0478 0,0033 0,0074 0 0 0,0047 0 0,0038 0 0 0 0,1797 0,0124 0 0 0 0 0 0 0 0 0,0212 0,0356 0,0105 0 0 0 0,0018 0 0,0171 0 0 0 0 0 0 0 0 0 0 0 0 0 0 0 0
0,0643 0,0059 0 0,01 0,0027 0 0 0 0 0 0 0,0076 0 0 0 0 0 0,0032 0,0053 0 0 0 0 0,0054 0 0 0 0 0 0 0 0 0 0 0 0 0 0 0 0 0 0 0 0 0 0 0 0 0 0 0 0 0 0 0 0 0 0 0 0 0 0 0
0 0,0037 0,0027 0,0046 0 0 0 0 0 0 0 0,0017 0 0,0213 0 0 0 0 0,0058 0 0 0 0 0 0 0 0 0 0,0187 0 0 0 0 0 0 0 0 0 0 0 0 0 0 0 0 0 0,0171 0 0 0 0 0 0 0 0 0 0 0 0 0 0 0 0
0,4485 0,0818 0,0647 0,1493 0,0013 0 0,1804 0,0915 0,0055 0,0351 0,1514 0,0302 0,1173 0,6966 0,0123 0,1352 0,011 0,017 0 0 0 0,0626 0,0012 0,0136 0,1112 0 0 0 0,7897 0,086 0 0,018 0 0,0277 0 0 0 0 0,0226 0,0019 0,0422 0 0 0 0,4454 0 0,0683 0 0 0 0 0 0 0 0 0 0 0 0 0 0 0 0
0 0 0,0132 0 0,0016 0 0 0 0,0014 0 0 0,0108 0 0 0 0 0 0 0 0 0 0 0 0 0 0 0 0 0 0 0 0 0 0 0 0 0 0 0 0 0 0 0 0 0 0 0,0086 0 0 0 0 0 0 0 0 0 0 0 0 0 0 0 0
0 0 0,0106 0 0 0 0,0013 0,0051 0 0 0,0064 0,1046 0 0 0 0 0 0 0 0 0 0 0,0061 0,0024 0,0023 0 0 0 0 0 0 0 0 0,0451 0,0485 0 0 0 0,0086 0 0 0 0 0 0,0503 0 0,0086 0 0 0 0 0 0 0 0 0 0 0 0 0 0 0 0
0 0 0,0023 0 0 0 0 0,0036 0 0 0,0226 0,0316 0,0016 0,0129 0,002 0,0015 0 0 0 0 0 0,0028 0 0,0036 0,0041 0 0 0 0 0 0 0 0 0 0,0352 0 0 0 0 0 0 0 0 0 0 0 0,0086 0 0 0 0 0 0 0 0 0 0 0 0 0 0 0 0
0 0 0,0024 0 0 0 0 0 0 0 0 0,002 0 0 0 0 0 0 0 0 0 0 0 0 0 0 0 0 0 0 0 0 0 0 0 0 0 0 0 0 0 0 0 0 0 0 0,0086 0 0 0 0 0 0 0 0 0 0 0 0 0 0 0 0
0 0 0,0079 0 0 0 0 0 0 0,0025 0,0038 0,0106 0 0,0065 0 0 0 0 0 0 0 0 0 0 0 0 0 0 0 0 0 0,006 0 0 0 0 0 0 0 0 0 0 0 0 0 0 0,0086 0 0 0 0 0 0 0 0 0 0 0 0 0 0 0 0
0 0 0,0052 0 0 0 0 0 0 0 0 0 0 0 0 0 0 0 0 0 0 0 0 0 0 0 0 0 0 0 0 0 0 0 0,0352 0 0 0 0 0 0 0 0 0 0 0 0,0086 0 0 0 0 0 0 0 0 0 0 0 0 0 0 0 0
0 0 0,0054 0 0 0 0 0 0 0 0 0 0 0 0 0 0 0 0 0 0 0 0 0 0 0 0 0 0 0 0 0 0 0 0 0 0 0 0 0 0 0 0 0 0 0 0,0086 0 0 0 0 0 0 0 0 0 0 0 0 0 0 0 0
0 0 0,0023 0 0 0 0 0 0 0 0 0 0 0 0 0 0 0 0 0 0 0 0 0 0 0 0 0 0 0 0 0 0 0 0 0 0 0 0 0 0 0 0 0 0 0 0 0 0 0 0 0 0 0 0 0 0 0 0 0 0 0 0
0 0 0,0024 0 0 0 0 0 0 0 0 0 0 0 0 0 0 0 0 0 0 0 0 0 0 0 0 0 0 0 0 0 0 0 0 0 0 0 0 0 0 0 0 0 0 0 0 0 0 0 0 0 0 0 0 0 0 0 0 0 0 0 0
0 0 0 0 0 0 0 0 0 0 0 0 0 0 0 0 0 0 0 0 0 0 0 0 0 0 0 0 0 0 0 0 0 0 0 0 0 0 0 0 0 0 0 0 0 0 0 0 0 0 0 0 0 0 0 0 0 0 0 0 0 0 0
0 0 0,0023 0 0 0 0 0,001 0 0,0072 0,0053 0,0086 0 0 0 0 0 0 0 0 0 0 0,0061 0 0,0058 0 0 0 0 0 0 0 0 0 0 0 0 0 0,0089 0,0032 0 0 0 0 0,0072 0 0 0 0 0 0 0 0 0 0 0 0 0 0 0 0 0 0
0 0 0 0 0 0 0 0 0 0 0 0 0 0 0 0 0 0 0 0 0 0 0 0 0 0 0 0 0 0 0 0 0 0 0 0 0 0 0 0 0 0 0 0 0 0 0 0 0 0 0 0 0 0 0 0 0 0 0 0 0 0 0
0 0 0 0 0 0 0 0 0 0 0 0 0 0 0 0 0 0 0 0 0 0 0 0 0 0 0 0 0 0 0 0 0 0 0 0 0 0 0 0 0 0 0 0 0 0 0 0 0 0 0 0 0 0 0 0 0 0 0 0 0 0 0
0 0 0,0222 0 0 0 0 0,0017 0,0106 0,0011 0,07 0,0089 0,0106 0,0269 0 0 0 0 0 0 0 0,0011 0,0167 0,0033 0,0047 0 0 0 0 0,0136 0 0 0 0,0447 0,0081 0,0063 0,009 0,002 0,0141 0 0 0 0 0,0028 0 0 0,0086 0 0 0 0 0 0 0 0 0 0 0 0 0 0 0 0
0,0173 0 0 0 0 0 0 0 0 0 0 0 0 0,006 0 0 0,0123 0,0087 0 0,0074 0 0 0 0 0 0 0 0 0 0 0 0 0 0 0 0 0 0 0 0,0026 0 0 0 0 0 0 0,0339 0 0 0 0 0 0 0 0 0 0 0 0 0 0 0 0
0,0173 0,0328 0 0 0 0 0 0 0 0 0,0045 0,0014 0,0081 0,0161 0,0013 0,0011 0,0075 0,002 0 0 0 0,0083 0,001 0,0072 0,004 0 0 0 0,0506 0 0 0 0 0,0036 0 0 0 0 0 0 0,0085 0 0 0 0,0346 0,0017 0 0 0 0 0 0 0 0 0 0 0 0 0 0 0 0 0
0 0 0 0 0 0 0 0 0 0 0 0 0 0 0 0 0 0 0 0 0 0 0 0 0 0 0 0 0 0,2423 0 0 0 0 0 0 0 0 0 0 0 0 0 0 0 0 0,0165 0 0,9543 0 0,0027 0 0 0 0 0 0 0 0 0 0 0 0
0,0345 0 0 0,0318 0 0 0,0037 0 0 0 0,0053 0 0,0388 0,0975 0,0096 0,0272 0,3898 0,1048 0 0,4386 2,0112 0,0018 0,1217 0 0,0026 0,292 2,6391 0 0,5106 0,888 1,9897 0 0 0 0,0413 0 0 0 0 0 0 0 0 0,0292 0 0,045 0,3492 0 0 0 0,0024 0 0 0 0 0,25 0 0 0 0 0 0 0
0 0 0 0,0592 0 0 0 0 0 0 0,0738 0 0,0272 0 0,0048 0 0,2688 0,0873 0 0,095 3,3523 0,0033 0,3636 0 0 0,7209 5,7176 2,7792 0,3407 0 19,2473 0 0,126 0 0 0 0 0 0 0 0 0,0012 0 0,0033 0,1234 0,2102 0,4625 4,9121 28,1355 0 0,0024 0 0 0 0 0,5 0 0 0 0 0 0 0
0,069 0 0 0 0,0013 0 0 0 0 0 0 0 0 0 0 0 0 0 0 0 0 0 0 0 0 0 0 0 0 0 0 0,0082 0 0 0,057 0 0 0 0 0 0 0 0 0 0 0,01 0 0 0 0 0 0 0 0 0 0 0 0 0 0 0 0 0
0 0 0 0 0 0 0,0437 0,0119 0,0581 0,0057 0,04 0,0577 0,0077 0,0304 0 0,0092 0 0 0 0 0 0,0019 0,0199 0 0,0166 0 0 0 0 0 0 0,0382 0,1008 0,0507 0,0391 0 0 0 0 0,0029 0,0103 0,0022 0,0012 0 0,0671 0 0 0 0 0 0 0 0 0 0 0 0 0 0 0 0 0 0
0 0 0 0 0 0 0 0 0 0 0,002 0,029 0 0,0012 0 0,023 0 0 0 0 0 0 0,0484 0 0 0 0 0 0 0,0681 0 0 0 0,0165 0,0976 0 0 0 0 0 0 0 0 0 0 0 0 0 0 0 0 0,0743 0 0 0 0 0 0 0 0 0 0 0
0 0 0 0 0 0,0018 0,0299 0,0087 0,0312 0,0019 0,1289 0,0407 0,0388 0,0457 0,0109 0,0922 0 0 0 0,035 0 0 0,1574 0 0,0025 0 0 0 0,0134 0 0,0252 0,2481 2,6027 0,2505 0,1792 0,0063 0,0542 0,0608 0,0085 0 0 0,025 0,0186 0 0,1814 0,008 0 0 0 0 0 1,0833 0 0 0 0 0 0 0 0 0 0 0
0 0 0 0 0 0,0011 0,0015 0 0 0 0,1 0,0147 0,031 0,0761 0,0241 0,0691 0,0084 0 0 0 1,3411 0 0,2059 0 0 0 0 0 0 0,0285 0,1766 0,4131 2,4162 0,3238 0,057 0,0565 0,1308 0,0086 0,007 0 0 0,0371 0,0027 0,0011 0,0816 0 0 0 0 0 0 1,1069 0,5088 30,2947 0 0 0 0 0 0 0 0 0
0 0 0 0 0 0 0,024 0,002 0,0177 0,0089 0,0526 0,0051 0,0116 0,054 0,0038 0,004 0,006 0,001 0 0,0731 0 0,007 0,0012 0 0,0073 0 0 0 0 0 0 0,0358 0,0101 0,0483 0,0053 0 0 0 0,0062 0,0022 0 0,0217 0 0,0027 0,0272 0,0044 0,0331 0 0 0 0 0,0038 0 0 0 0 0 0 0 0 0 0 0
0 0 0 0 0 0 0,1091 0,0151 0,0147 0,0078 0,0245 0 0,0083 0,0058 0,0039 0,0043 0,0164 0,0048 0 0 0,3351 0,0014 0,0334 0 0,0345 0,0554 0,1758 0 0,0952 0 0,4887 0,4645 3,3143 0,0039 0,1221 0 0 0 0 0 0 0,0595 0 0 0,178 0,0037 0,2569 0 3,9147 0 0 0,0743 0,3053 7,5737 18,1333 0,25 0 0 0 0 0 0 0
0 0 0 0 0 0 0,0463 0,006 0,0018 0,0047 0,05 0 0,0126 0,0248 0,0211 0,0391 0,0013 0 0 0 0 0,002 0,2048 0 0 0 0 0 0,3583 0 5,9123 1,1299 1,39 0,3366 0 0,2072 0,8665 0,1686 0 0 0 0,1185 0 0 0,0532 0,0034 0,0339 0 0 0 0 0,3912 0,407 37,8684 49,8667 0,5 0 0 0 0 0 0 0
0 0 0 0 0 0 0 0 0 0 0,0011 0 0 0 0 0,0033 0 0 0 0 0 0 0 0 0 0 0 0 0,0077 0 0 0,0337 0,1109 0 0,0391 0 0,2572 0,006 0 0 0 0 0 0 0 0 0 0 0 0 0 0,2644 0,2035 0 0 0 0 0 0 0 0 0 0
0 0 0 0 0 0 0,0019 0 0 0 0 0 0 0 0 0 0 0 0 0 0 0 0 0 0 0 0 0 0 0 1,5072 0,0082 0,0091 0 0 0,2135 0 0 0 0 0 0,0047 0 0 0,0396 0 0 0 0 0 0 0 0 0 22,6667 0,5 24,4286 67,5 0 0 0 0 0
0 0 0 0 0 0 0 0 0 0 0 0 0 0 0 0 0 0 0 0 0 0 0 0 0 0 0 0 0 0 0 0 0 0 0 0 0 0 0 0 0 0 0 0 0 0 0 0 0 0 0 0,1857 0,2035 15,1474 136 0,75 32,5714 180 0 385,8279 0 33,3464 0
0 0 0 0 0 0 0 0 0 0 0 0 0 0 0 0 0 0 0 0 0 0 0 0 0 0 0 0,3474 0,5421 0,0967 1,5009 0 0 0 0 0 0 0 0 0 0 0 0 0 0 0 0 0 3,9654 24 0,0012 0,1857 0,1018 15,1474 45,3333 0,6 24,4286 22,5 95,55 0 198,87 0 0
0 0 0 0 0 0 0 0 0 0 0 0 0 0 0 0 0 0 0 0 0 0 0 0 0 0 0 0,3474 0 0 0,6842 0 0 0 0 0 0 0 0 0 0 0 0 0 0 0 0,0853 1,228 0 432 0,0012 0 0,2035 7,5737 0 0 0 0 13,65 0 0 0 0
