0 0 0 0 0 0 0,0104 0 0 0 0 0 0 0 0 0 0 0 0 0 0 0 0 0 0 0 0 0 0 0 0 0 0 0 0 0
0 0 0 0 0 0 0 0 0 0 0 0 0 0 0 0 0 0 0 0 0 0 0 0 0 0 0 0 0 0 0 0 0 0 0 0
0,0013 0 0 0 0 0 0,0021 0 0 0 0 0 0 0 0 0 0 0 0 0 0 0 0 0 0 0 0 0 0 0 0 0 0 0 0 0
0,0013 0 0 0 0,0068 0 0,001 0,0022 0,0095 0,0011 0,0137 0 0 0 0 0 0 0 0 0 0 0 0 0,0097 0 0 0 0 0 0 0 0 0 0 0 0
0,9764 0 0,0013 0,071 0 0,0893 0,0604 0 0 0 0 0 0,0517 0 0 0,0015 0,038 0 0 0 0 0 0 0 0 0 0 0 0 0 0 0 0 0 0 0
0,8748 0,0115 0,0275 0,0106 0,8381 0 0,0421 0 0 0 0 0,7868 0,0213 0,1225 0 0 0,0228 0 0 0 0 0,0084 0 0 0 0 0 0 0 0 0 0 0 0 0 0
0 0 0 0 0 0 0 0 0 0 0 0 0 0 0 0 0 0 0 0 0 0 0 0 0 0 0 0 0 0 0 0 0 0 0 0
0 0 0 0 0 0,5583 0,0021 0 0 0 0 0 0 0 0 0 0 0 0 0 0 0 0 0 0 0 0 0 0 0 0 0 0 0 0 0
0,0256 0 0 0,0471 0,0613 0,5583 0,0489 0 0 0,0573 0 0 0,0089 0 0 0 0,0184 0 0 0 0 0 0 0 0 0 0 0 0 0 0 0 0 0 0 0
0 0 0 0 0,0477 0 0,0021 0 0,149 0 0 0 0 0 0 0 0 0 0 0 0 0 0 0 0 0 0 0 0 0 0 0 0 0 0 0
0 0,1165 0 0 0,8173 1,1167 0 0,0221 1,0166 0,0132 0 0 0,0104 0,0567 0 0 0,0346 0 0 0 0 0 0,0078 0 0 0 0 0 0 0 0 0 0 0 0 0
0,0026 0 0,0148 0,0027 0 0,4467 0,0196 0,053 0 0 0 0 0 0 0,346 0 0 0 0 0 0 0 0,0078 0 0 0 0 0 0 0 0 0 0 0 0 0
0 0 0,0012 0 0 0,0335 0,0021 0,011 0,0161 0 0,0673 0 0 0,0099 0 0 0 0 0 0 0 0 0,0078 0 0 0 0 0 0 0 0 0 0 0 0 0
0,0256 0 0 0,012 0,0926 0 0,0047 0 0,1909 0,0408 0,0337 0 0,0024 0 0 0 0,0242 0,0765 0 0 0 0 0,0155 0 0 0 0 0 0 0 0 0 0 0 0 0
0,0013 0 0 0 0 0,8933 0,0011 0 0 0 0 0 0 0 0 0 0 0 0 0 0 0 0 0 0 0 0 0 0 0 0 0 0 0 0 0
0,0127 0 0 0 0 0 0,0083 0 0,0047 0 0 0 0 0 0 0 0 0 0 0 0 0 0 0 0 0 0 0 0 0 0 0 0 0 0 0
0,0353 0 0 0 0 0,335 0,0347 0 0,0566 0 0 0 0 0 0 0,001 0 0 0 0 0 0 0 0 0 0 0 0 0 0 0 0 0 0 0 0
0,1265 0 0 0 0,0906 0 0,0208 0 0 0,0661 0,4082 0 0 0 0 0 0,0691 0 0 0 0 0 0,0777 0 0 0 0 0 0 0 0 0 0 0 0 0
0,0026 0 0,0098 0 0 0,0893 0 0,0441 0,359 0,022 0,7914 0 0 0 0 0 0 0 0 0 0 0 0,0311 0 0 0 0 0 0 0 0 0 0 0 0 0
0,0026 0 0 0 0 0,067 0 0,0441 0 0,0088 0,1731 0 0 0 0 0 0 0 0 0 0 0 0,0311 0 0 0 0 0 0 0 0 0 0 0 0 0
0 0 0 0,0048 0 0,8933 0 0,2869 0,133 0 1,2978 0,7867 0 0 0 0 0 0 0 0 0 0 0,0078 0 0 0 0 0 0 0 0 0 0 0 0 0
0,0013 0 0,0012 0,0021 0,1362 0 0,0047 0,0221 0,1405 0,2203 0,0673 0 0,0028 0,0285 0 0 0,0346 0,0957 0 0 0 0 0,0155 0 0 0 0 0 0 0 0 0 0 0 0 0
0,0189 0 0 0,1169 0 0 0,3136 0 0,1727 0,0055 0,371 0 0 0 0 0 0 0 0 0 0 0 0 0 0 0 0 0 0 0 0 0 0 0 0 0
0,0603 0,014 0,0296 0 0,3406 0,5583 0,0425 0,1103 0,4124 0,033 0,371 0 0,0575 0,092 0 0,0076 0,0346 0 0 0 0 0 0,0777 0 0 0,0137 0 0 0 0 0 0 0 0 0 0
0,0026 0 0,0296 0 0,8854 0,536 0,2009 0,0883 0,0095 0,0991 0,0884 0 0,004 0,2454 0 0,0018 0,0348 0,0957 0 0 0 0 0,0155 0 0 0,0071 0 0 0 0 0 0 0 0 0 0
0,3548 0 0,0874 0 2,3158 0,335 0,659 0,2869 0,878 0,1652 0,371 0 0,0213 0,0018 0 0,0372 0,0691 0 0 0 0 0 0,0777 0 0 0 0 0 0 0 0 0 0 0 0 0
0 0 0,0326 0,0818 0 0,5583 0 0,0883 0,1331 0 1,8548 1,5735 0,038 0,3681 0,346 0 0 0 1,0241 0,0429 3,5504 0,1564 0 0 0 0 0 0 0 0 0 0 0 0 0 0
0 0 0,0013 0,1041 0,4768 1,8313 0,2263 0,2207 0,5055 0 3,1535 1,5735 0,0304 0,6502 1,384 0 0 0 1,8933 0,0911 2,7984 0 0,0078 0 0 0 15,8077 0 1,8988 0 0 0 0 0 0 0
0 0 0,0013 0,051 0,2384 1,005 0,2084 0,8385 3,8577 0,1267 1,2978 1,1801 0,2607 1,1344 0,346 0,0164 0,6392 0,5967 0,8027 0,7619 0 0,581 0 3,9245 3,0253 4,2256 0 0 0 0 0 0 0 0 0 0
0 0 0 0 0,1362 0,0893 0,0833 0 0 0,2203 0 0 0 0 0 0,067 1,4167 2,4412 0 0,096 3,883 0,6074 0 0,1461 0,1326 5,1597 0 0 4,6014 0 0 0 0 0 0 0
0 0,0237 0 0 0 0,5583 0 0 0 0,022 0,4635 0 0,152 0 0 0,0163 0,6565 1,1934 0 0 7,1012 1,6539 2,4095 5,6384 10,0981 17,8965 0 0 9,2007 2,1081 0 0 0 0 0 0
0 0 0,0533 0 0 0,335 0 0,0883 0,705 0 1,8546 0,7868 0,038 0,3564 0,346 0 0,0173 0,0543 2,346 0,3383 1,1165 0 0,0805 0,0097 0 0 2,6346 4,2437 1,0464 0 0 0 0 0 0 0
0 0,0127 0 0 0 0 0 0 0 0 0,4635 0 0 0 0 0 0,3455 1,2477 0 0 3,5504 0 1,1114 0,0097 0 0 0 18,0731 44,436 20,0269 12,5694 0 0 0 0 0
0 0 0,0033 0 0 0,0558 0 0 0 0 0 0,3934 0 0 0,346 0 0 0 0 0 0 0 0,0078 0 0 0 26,3462 58,0577 0 0 0 0 0 0 0 0
0 0 0 0 0 0 0 0 0 0 0 0,3934 0 0 0,346 0 0 0 0 0 0 0 0 0 0 0 0 23,2235 0 0 0 0 0 0 0 0
0 0 0 0 0 0 0 0 0 0 0 0 0 0 0 0 0 0 0 0 0 0 0 0 0 0,1792 0 0 42,1954 50,4679 200,4722 83,2467 479,2778 211,68 3,2781 0
