0 377,1508 2,86951 10,0966 0 0 0 0 0 0 0 0 0 0 0 0 0 0 0 0 0 0 0 0 0 0 0 2,08507 0,00679 0 0 0 0 0 0 0
0 0 22,95605 111,0626 5,49036 0 0 0 0 0 0 0 0 0 0 0 0 0 0 0 0 0 0 0 0 0,64495 18,90619 25,35007 5,28597 1,29909 0,60433 0 0 0 0 0
0 0 0 0 0 0 0 0 0 0 0,0148 0 0 0 0 0,00829 0 0 0 0,00132 0 0 0 0,08264 0 1,63663 0 0 1,32315 1,67138 0,04317 0 0 0 0 0
0 0 0 0 0 0 0 0 0 0 0 0 0 0 0 0 0 0 0 0 0 0 0 0 0 0 0 0 0 0 0 0 0 0 0 0
0 0 0 0 0 0 0 0,21039 0,0122 0,02112 0,19649 0 0 0,00145 0 0,20991 0 0 0 0,10263 0 0 0,00203 0,44471 0,00316 0,11881 0 0 0 1,47058 1,5378 0 0 0 0 0
0 0 0 0 0 0 0 0,00749 0 0,0153 1,3793 0,00458 0 0 0 0,00663 0,28433 0 0 0,01483 0 0 0 0,05326 0,00507 0 0 0 0 0,06351 0 0 0 0 0 0
0 0 0 0 0 0 0 1,00076 0,04398 0,12624 0,21568 0,51988 0 0,05275 0 0 0,133 0 0 0 0 0,01099 0 0,24131 0,15112 0 0 0 0 0 0 0 0 0 0,07968 0
0 0 0 0 0 0 0 0 0,03049 0,02112 0,07043 0 0,00432 0,00808 0 0,02325 0 0,01148 0,00165 0,02187 0 0,01015 0,00638 0,00112 0,01146 0 0 0 0 0,04886 0,21313 0,00182 0,00651 0 0 0
0 0 0 0 0 0 0 0 0 0 0 0,0017 0 0 0 0 0 0 0,00621 0,01474 0 0,00588 0 0 0 0 0 0 0 0 0 0 0 0 0 0
0 0 0 0 0 0 0 0 0 0 0 0 0 0 0 0 0 0 0 0 0 0 0 0 0 0 0 0 0 0 0 0 0 0 0 0
0 0 0 0 0 0 0 0,01423 0,1353 0,03221 0 0,11601 0,00627 0,07175 0,03223 0,05792 0,09622 0,01174 0 0,05144 0 0,00304 0,00209 0,11049 0,01064 0 0 0 0 0,01808 0,01889 0 0 0 0 0
0 0 0 0 0 0 0 0 0,00145 0 0 0 0,07217 0 0,02327 0 0 0 0,0017 0 0 0,01713 0,00235 0,00468 0,00482 0 0 0 0 0 0 0 0 0 0 0
0 0 0 0 0 0 0 0 0 0 0 0 0 0 0 0 0 0 0,00306 0 0 0 0 0 0 0 0 0 0 0 0 0 0,04502 0,00475 0 0
0 0 0 0 0 0 0 0 0 0 0 0 0 0 0 0 0 0 0 0 0 0 0 0 0 0 0 0 0 0 0 0 0 0 0 0
0 0 0 0 0 0 0 0 0 0 0 0 0 0 0 0 0 0 0 0 0 0 0 0 0 0 0 0 0 0 0 0 0 0 0 0
0 0 0 0 0 0 0 0 0 0 0 0 0 0 0 0 0 0 0,00275 0 0 0 0 0 0 0 0 0 0 0 0 0 0 0 0 0
0 0 0 0 0 0 0 0 0 0 0 0 0 0 0 0 0 0 0 0 0,00632 0 0 0 0 0 0 0 0 0 0 0 0 0 0 0
0 0 0 0 0 0 0 0 0 0 0 0 0 0 0 0 0 0 0 0 0 0 0 0 0 0 0 0 0 0 0 0 0 0,00213 0 0
0 0 0 0 0 0 0 0 0 0 0 0 0 0 0 0 0 0 0 0 0 0 0 0 0 0 0 0 0 0 0 0 0 0 0 0
0 0 0 0 0 0 0 0 0 0 0 0 0 0 0 0 0 0 0,00151 0 0,00167 0 0 0 0 0 0 0 0 0 0 0 0 0 0 0
0 0 0 0 0 0 0 0 0 0 0 0 0 0 0 0 0 0 0 0 0 0 0,00113 0 0 0 0 0 0 0 0 0 0 0 0 0
0 0 0 0 0 0 0 0 0 0 0 0 0 0 0 0 0 0 0 0 0 0 0 0 0 0 0 0 0 0 0 0 0 0 0 0
0 0 0 0 0 0 0 0 0 0 0 0 0 0 0 0 0 0 0 0 0 0 0 0 0 0 0 0 0 0 0 0 0 0 0 0
0 0 0 0 0 0 0 0 0,0082 0,00895 0 0,02616 0,02795 0,01884 0,00256 0 0 0 0,01054 0,02313 0,01853 0,00542 0,00249 0 0,01609 0 0 0 0 0 0 0 0 0,01952 0 0,00589
0 0 0 0 0 0 0 0 0 0 0 0 0 0,01253 0,00601 0,00232 0 0 0 0,04332 0 0,00423 0 0,02287 0 0 0 0 0 0 0 0 0 0 0 0,00262
0 0 0 0 0 0 0 0 0 0 0 0 0,00991 0,01253 0,00601 0 0 0,00766 0,00408 0,03283 0 0,00524 0,0018 0,00539 0,01884 0 0 0 0 0,05716 0,14029 0 0 0 0 0,00396
0 0 0 0 0 0 0 0 0 0 0 0 0,16975 0,22903 0,08793 0 0 0,00929 0 0 0,02109 0,0015 0 0 0 0 0 0 0 0,18321 0 0,04783 0,0706 0,00581 0 0,01957
0 0 0 0 0 0 0 0 0,00867 0 0 0 0,35762 0,03665 0,05296 0 0 0 0 0 0,01425 0,01403 0 0,00976 0,02326 0 0 0 0 0,04006 0,14029 0,56398 0,01461 0,03134 0 0,02167
0 0 0 0 0 0 0 0 0 0 0 0 0 0,07403 0,04552 0 0 0 0 0 0,00602 0 0 0,0124 0,01293 0 0 0 0 0,0342 0 0,12196 0,02415 0 0 0
0 0 0 0 0 0 0 0 0 0 0 0 0,09851 0 0 0 0 0 0 0 0 0 0 0 0,03581 0 0 0 0 0 0 0 0 0,03134 0 0
0 0 0 0 0 0 0 0 0 0 0 0 0,10054 0 0 0 0 0 0 0 0 0 0 0 0,00413 0 0 0 0 0 0 0,06569 0 0,03134 0 0
0 0 0 0 0 0 0 0 0 0 0 0 0 0 0 0 0 0 0 0 0 0 0 0 0 0 0 0 0 0 0 0 0 0 0 0
0 0 0 0 0 0 0 0 0 0 0 0 0 0 0 0 0 0 0 0 0 0 0 0 0 0 0 0 0 0 0 0 0 0 0 0
0 0 0 0 0 0 0 0 0 0 0 0 0 0 0 0 0 0 0 0 0 0 0 0 0 0 0 0 0 0 0 0 0 0 0 0
0 0 0 0 0 0 0 0 0 0 0 0 0 0 0 0 0 0 0 0 0 0 0 0 0 0 0 0 0 0 0 0 0 0 0 0
0 0 0 0 0 0 0 0 0 0 0 0 0 0 0 0 0 0 0 0 0 0 0 0 0 0 0 0 0 0 0 0 0 0 0 0
