0 0 0 0 0 0 0 0 0 0 0 0 0 0
2,145 0 0 0 0 0 0 0 0 0 0 0 0 0
0,375 0,439 0 0 0 0 0 0 0,313 0 0 0 0 0
1,448 0 0 0 0 0 0 0 0 0 0 0 0 0
0,697 0 0 2,486 0 0 0 0,18 0,313 0 0 0 0 0
0 0 0 0 0 0 0 0 0 0 0 0 0 0
0 0 0 0 0 0 0 0 0,939 0 0 0 0 0
0 0 0 0 0 0 0 0 0 0 0 0 0 0
0,375 0 0 0 0 0 0 0 0 0 0 0 0 0
0 0 0 0,829 1,342 0 0 0 0 0 1,56 0 0 0
0 0 0,66 0 1,901 0 0 0 0,282 2,75 0 0 0 0
0 0 0 0,527 0,895 0 0 0 0,313 0 0 0 0 0
0 3,655 1,65 0,603 1,677 15 1,75 5,04 0 8,25 0 6,72 0 0
0 2,266 0,99 0,678 2,684 12 1,4 5,04 0 22 0 0 1350 0
