0 0 13,516 0,546 0,4 0,015 0 0 0 0 0 0 0 0
0 0 0 40,395 17,6 0 0 0 0 0 0 0 0 0
0 0 0 0 0 1,463 0 2,736 0,68 0,02 0,215 0,123 0 0
0 0 0 0 0 0 4,367 0,442 0 0 0,189 0,616 0 0
0 0 0 9,826 0 0 4,367 0 0 0 0,065 0,041 0 0
0 0 0 0 0 0 0 0,028 0 0,002 0,001 0 0 0
0 0 0 0 0 0 0 0,302 0 0 0,038 0,041 0 0
0 0 0 0 0 0 0 0 0 0,005 0,098 0 0 0
0 0 0 0 0 0 0 0 0 0,005 0,039 0 0 0
0 0 0 0 0 0 0 0 0 0 0,007 0 0 0
0 0 0 0 0 0 0 0 0 0 0 0 0 0
0 0 0 0 0 0 0 0 0 0 0 0 0 0
542,032 0 256,802 0 0 0 0 0 0 0 0 0 0 0
0 18,333 0 2,729 2 0 0 0 0 0 0 0 0 0
