0 0 0 0 0 0 0 0 0 0 0 0 0 0 0 0 0 0 0 0 0 0 0 0 0 0 0 0 0
0 0 0 0 0 0 0 0 0 0 0 0 0 0 0 0 0 0 0 0 0 0 0 0 0 0 0 0 0
0 0 0 0 0 0 0 0 0 0 0 0 0 0 0 0 0 0 0 0 0 0 0 0 0 0 0 0 0
0 0 0 0 0 0 0 0 0 0 0 0 0 0 0 0 0 0 0 0 0 0 0 0 0 0 0 0 0
0 0 0 0 0 0 0 0 0 0 0 0 0 0 0 0 0 0 0 0 0 0 0 0 0 0 0 0 0
0 0 0 0 0 0 0 0 0 0 0 0 0 0 0 0 0 0 0 0 0 0 0 0 0 0 0 0 0
0 0,027 0,008 0,177 0,001 0 0 0 0 0 0 0 0 0 0 0 0 0 0 0 0 0 0 0 0 0 0 0 0
0,002 0,018 0,008 0,045 0,001 0 0,062 0 0 0 0 0 0 0 0,001 0,008 0 0 0 0 0 0 0 0 0 0 0 0 0
0 0 0,001 0,002 0 0,001 0 0 0 0 0 0 0 0 0,002 0 0 0 0 0 0 0 0 0 0 0 0 0 0
0 0,095 0 0,063 0 0,001 0,699 0,036 0 0 0 0 0 0 0,002 0,117 0 0 0 0 0 0 0 0 0 0 0 0 0
0 0,003 0 0,053 0 0 0 0 0 0 0 0 0 0 0 0 0 0 0 0 0 0 0 0 0 0 0 0 0
0 0,009 0,013 0,204 0 0,001 0,036 0,027 0 0 0 0 0 0 0,002 0,056 0 0,01 0 0 0 0 0 0 0 0 0 0 0
0 0 0 0,006 0 0,001 0 0 0 0 0 0 0 0 0 0 0 0 0 0 0 0 0 0 0 0 0 0 0
0,003 0 0,002 0 0 0 0 0 0 0 0 0 0 0 0 0 0 0 0 0 0 0 0 0 0 0 0 0 0
0 0,018 0 0,055 0 0 0 0 0 0 0 0 0 0 0 0 0 0 0 0 0 0 0 0 0 0 0 0 0
0 0,014 0 0,055 0 0,006 0 0 0,001 0 0 0 0,001 0 0,003 0 0 0,003 0 0 0 0 0 0 0 0 0 0 0
0,119 1,377 0,006 0,189 0,001 0,033 0,167 0,027 0,021 0 0 0 0 0,002 0 0,002 0 0 0,44 0 0 0 0 0 0 0 0 0 0
0,004 0 0 0,014 0,002 0 0 0 0 0 0 0 0 0 0 0 0 0 0 0 0 0 0 0 0 0 0 0 0
0,068 0,038 0,003 0,039 0,006 0,016 0,033 0 0 0 0 0 0 0 0,013 0 0 0 0 0 0 0 0 0 0 0 0 0 0
0,115 0,081 0,007 0,138 0,005 0,061 0,257 0,05 0,002 0 0 0,043 0,021 0,008 0,217 0,019 0 0,131 0,137 0 0 0 0 0 0 0 0 0 0
0,002 0,028 0 0 0,001 0,001 0,26 0,234 0,006 0,555 0,036 0,074 0,003 0,021 0,006 0,045 0 0 0,289 0,137 0 0,183 0 0 0 0 0 0 0
0 0,004 0 0,001 0 0 0,028 0,028 0 0,015 0,008 0,015 0,012 0 0,002 0,035 0 0 0 0 0 0 0 0 0 0 0 0 0
0 0 0 0 0 0 0,059 0,003 0 0,297 0,156 0,835 0 0 0 0,001 0 0 0 0 0 0,862 0 0 0 0 0 0 0
0 0 0 0 0 0 0,784 0,061 0 0,574 0,056 0,988 0 0 0 0,003 0 0 0 0 0 1,219 0 0 0 0 0 0 0
0 0 0 0 0 0 0,149 0,291 0 0,728 0,077 0,531 0,004 0 0,011 0,052 0 0,006 0 0 0,213 0,638 0 0 0 0 0 0 0
0 0,004 0 0 0 0,001 0,12 0,146 0 2,384 0,017 0,558 0 0 0,002 0,004 0 0 0,021 0,006 0,188 0,248 0 0 0 0 0 0 0
0,006 0,099 0 0 0 0 0,326 0,347 0,005 5,048 0,228 0,019 0 0,015 0 0,034 1,672 0,002 1,03 6,533 1,61 0,11 0 0 0 0 0 0 0
0 0 0 0 0 0 0,007 0,029 0 0,01 0 0 0 0,002 0 0 23,622 0 1,444 13,403 3,869 0 0 0 0 0 83,074 0 0
0 0 0 0 0 0 0 0 0 0 0 0 0 0 0 0 0 0 0 0 1,506 0 0 97,211 62,822 0 97,693 723,884 0
