0 0 306,077 0 0 0 0 0,062 0 0,039 0 0 0 0
0 0 0 0 0 0 0 0,275 1,102 0,194 0 0 0 0
0 0 0 9,541 15,06 1,903 0,261 0 0 0 0,016 0 0,049 0
0 0 0 0 0 1,81 0,137 0 0 0 0,007 0,006 0,025 0
0 0 0 0 0 0 0,029 0 0 0 0,001 0,012 0,002 0
0 0 0 0 0 0 0,056 0 0 0 0,003 0,019 0,008 0
0 0 0 0 0 0 0 0 0 0 0 0,004 0,001 0
0 0 0 0 0 0 0 0 0 0,005 0,006 0 0,018 0,098
0 0 0 0 0 0 0 0 0 0,027 0,027 0 0,069 0,276
0 0 0 0 0 0 0 0 0 0 0,003 0,016 0,011 0,048
0 0 0 0 0 0 0 0 0 0 0 0 0 0
0 0 0 0 0 0 0 0 0 0 0 0 0 0
0 0 0 0 0 0 0 0 0 0 0 0 0 0
0 0 0 0 0 0 0 0 0 0 0 0 0 0
