1.059	1.675	1.015	1.229	0.731	1.142	1.415	1.159	0.703	0.916	0.755	0.980	0.689	0.870	0.660	
0.457	1.288	0.823	1.284	1.728	1.057	1.645	0.832	1.057	1.006	0.738	1.111	0.679	0.596	0.701	
1.239	1.484	0.641	3.285	0.897	0.825	0.779	0.990	0.443	0.818	0.621	0.640	0.928	0.714	0.697	
0.822	1.452	1.297	1.585	0.570	1.239	1.003	1.191	0.615	0.755	1.168	0.641	1.406	0.588	0.669	
0.861	1.575	0.927	1.286	1.006	0.839	1.641	1.112	0.784	1.012	0.941	0.859	0.883	0.532	0.743	
0.854	0.799	1.429	1.857	0.920	1.172	1.369	1.003	0.655	0.705	0.978	0.741	0.993	0.801	0.724	
1.048	1.635	0.910	1.166	0.884	2.128	0.883	1.029	0.962	0.496	1.401	0.805	0.618	0.537	0.498	
0.863	0.880	0.750	2.267	0.797	0.451	1.200	1.310	1.331	0.795	1.200	0.965	0.786	0.702	0.703	
0.889	0.925	0.879	1.994	1.258	1.554	0.759	1.003	1.120	0.349	1.114	1.111	0.551	0.815	0.679	
0.991	1.619	1.712	0.831	1.325	1.140	1.155	0.576	0.703	1.093	0.793	0.761	1.050	0.646	0.604	
0.700	1.541	1.325	1.471	1.141	1.170	1.869	0.779	0.680	0.957	0.668	0.596	0.889	0.646	0.568	
1.257	1.279	0.574	2.819	1.341	1.129	0.680	0.771	1.177	1.031	0.255	0.698	0.826	0.432	0.731	
1.494	0.792	0.722	2.801	0.461	1.446	0.667	0.818	0.589	1.956	0.472	0.524	0.807	0.826	0.626	
1.744	1.195	1.091	1.763	1.469	1.364	0.552	0.681	0.908	0.634	0.697	0.787	0.857	0.680	0.578	
0.889	0.745	0.956	1.389	1.090	1.337	1.497	0.915	1.204	0.655	1.152	0.736	0.836	0.911	0.687	
0.571	1.528	0.806	1.256	2.088	0.863	0.488	1.669	1.125	0.555	0.867	0.970	1.037	0.528	0.650	
1.158	0.652	2.298	0.876	0.830	1.164	1.156	0.809	0.900	0.716	0.745	1.102	0.939	0.983	0.671	
0.523	0.974	1.070	1.371	1.609	0.957	1.614	0.571	0.966	0.861	0.958	0.761	0.947	1.064	0.754	
0.872	1.129	1.204	1.481	0.997	1.038	1.600	1.224	1.273	0.876	0.774	0.786	0.573	0.608	0.566	
1.431	1.348	1.214	1.423	1.307	1.221	0.851	0.752	0.585	0.928	0.742	1.060	0.907	0.591	0.639	
0.775	0.938	0.669	1.791	1.461	1.223	1.177	0.943	0.943	0.861	1.148	0.763	0.675	1.045	0.589	
0.417	1.153	1.530	1.071	1.198	1.280	0.870	2.164	1.039	0.629	1.032	0.831	0.330	0.824	0.632	
0.918	0.762	0.822	2.299	1.241	0.950	0.832	1.116	0.926	0.765	1.034	1.072	0.740	0.789	0.732	
1.423	1.251	1.378	1.672	1.374	0.844	1.626	0.678	0.751	0.662	0.745	0.728	0.627	0.657	0.585	
1.760	1.048	0.760	1.070	0.839	1.597	0.964	1.061	1.038	0.951	0.940	0.523	0.944	0.861	0.644	
1.021	1.033	0.888	1.734	1.680	1.475	1.026	1.060	0.996	0.896	0.807	0.620	0.517	0.626	0.620	
2.114	1.828	1.001	0.817	1.003	1.198	1.581	0.651	0.673	0.962	0.557	0.837	0.436	0.745	0.597	
0.756	1.124	1.595	1.266	0.764	0.746	1.401	0.911	0.876	0.854	0.984	1.753	0.866	0.649	0.455	
1.065	0.772	0.679	2.094	0.779	1.340	1.101	1.139	1.076	1.016	0.771	0.597	1.141	0.838	0.592	
1.283	0.658	1.192	0.911	1.977	1.176	0.990	1.774	0.894	0.816	0.744	0.913	0.629	0.509	0.534	
0.753	1.272	0.923	1.652	1.042	1.286	1.537	0.977	0.884	0.815	1.099	0.591	0.916	0.538	0.713	
1.320	1.171	0.908	1.573	1.040	1.149	1.008	1.115	1.005	1.131	0.802	0.593	0.933	0.560	0.691	
0.834	0.893	1.398	1.749	0.697	0.852	1.321	1.145	0.902	1.064	0.979	0.860	0.758	0.879	0.669	
1.255	1.146	1.150	1.732	1.254	1.117	1.262	0.695	0.616	0.859	0.893	1.103	0.723	0.647	0.549	
2.090	0.873	1.824	1.414	0.924	0.987	0.646	1.176	0.837	0.939	0.779	0.708	0.588	0.565	0.649	
0.811	0.637	1.690	0.824	1.622	0.971	1.096	1.275	1.203	0.995	1.005	0.957	0.782	0.623	0.508	
1.629	0.520	1.467	1.393	0.871	0.804	1.539	0.801	1.729	0.748	0.910	0.936	0.621	0.606	0.427	
1.421	0.828	1.242	1.962	0.807	1.180	1.116	0.759	1.072	0.563	0.998	0.890	0.609	0.888	0.663	
0.539	1.197	0.511	1.367	0.962	1.831	1.147	1.373	0.684	1.508	0.888	0.951	0.581	0.894	0.567	
1.743	1.544	1.005	1.446	0.544	0.627	0.933	0.911	1.070	0.804	0.814	0.966	0.988	0.961	0.643	
1.637	0.520	1.707	1.460	1.349	1.340	0.658	0.793	1.294	0.684	0.686	0.695	1.033	0.562	0.583	
1.456	0.894	0.431	1.908	0.695	1.786	0.504	1.152	1.025	1.328	0.883	0.989	0.652	0.712	0.586	
1.298	1.587	0.885	1.462	1.417	1.181	1.533	0.852	0.753	0.798	0.771	0.763	0.564	0.585	0.550	
1.429	1.569	1.212	1.101	1.397	1.286	0.841	1.279	0.731	0.736	0.613	0.669	0.619	0.888	0.632	
1.265	1.315	0.700	1.901	1.131	1.159	0.992	0.671	0.694	1.426	0.571	0.973	0.914	0.667	0.621	
0.674	0.374	2.050	1.567	1.419	0.861	0.796	1.107	0.844	0.653	0.866	1.443	0.598	1.145	0.602	
1.236	1.444	1.747	0.857	0.803	1.107	1.178	0.766	0.872	1.321	0.898	0.912	0.602	0.616	0.642	
0.838	2.372	0.488	0.747	1.286	1.540	0.789	0.937	0.761	0.526	1.227	1.204	0.841	0.867	0.578	
1.635	1.263	0.951	1.044	0.887	1.091	1.350	0.753	1.022	1.259	0.718	0.758	1.020	0.545	0.704	
0.662	1.541	0.809	1.797	1.052	1.053	0.893	0.862	1.552	0.731	0.810	0.654	1.106	0.810	0.668	
0.628	1.523	0.642	1.271	1.614	0.608	1.312	1.353	0.472	1.489	0.978	0.869	1.025	0.583	0.632	
1.842	2.209	0.735	0.763	0.996	1.351	0.877	0.533	1.140	0.794	1.077	1.039	0.428	0.623	0.593	
1.943	0.624	0.866	0.827	1.193	0.979	0.751	1.745	1.156	0.755	0.781	1.191	0.933	0.630	0.626	
0.852	0.919	1.348	1.452	1.212	1.638	0.817	0.864	1.300	1.157	0.673	0.778	0.505	0.771	0.714	
1.255	0.859	0.929	2.291	2.003	0.696	1.160	1.137	0.502	0.788	0.652	0.707	0.629	0.682	0.710	
1.121	1.035	1.019	0.910	1.569	1.008	0.944	1.409	1.466	0.697	1.000	0.767	0.587	0.862	0.607	
0.997	1.376	1.688	0.872	1.210	1.361	0.952	0.856	0.807	1.114	1.110	0.631	0.855	0.638	0.531	
1.347	0.979	0.957	1.341	1.060	1.768	0.762	0.911	1.377	0.842	0.764	0.808	0.826	0.628	0.630	
1.494	0.584	1.449	0.969	1.397	0.851	1.294	1.160	0.723	1.273	1.073	0.757	0.767	0.647	0.564	
1.752	1.123	0.985	0.868	0.896	0.913	2.351	0.976	0.793	1.017	0.714	0.653	0.807	0.555	0.597	
1.245	0.457	1.507	1.097	0.676	1.078	1.129	1.716	1.207	1.062	1.034	0.810	0.824	0.672	0.487	
1.363	0.527	0.974	1.464	0.952	0.666	1.099	1.733	1.421	0.841	0.732	0.927	0.742	0.754	0.805	
1.532	2.402	0.533	0.482	1.234	1.493	0.795	0.899	0.546	1.298	0.632	0.677	1.346	0.458	0.672	
0.977	0.708	1.242	1.530	1.342	1.248	1.226	0.867	0.868	0.930	0.924	1.201	0.554	0.778	0.606	
1.669	0.187	0.738	1.625	1.155	1.393	0.692	1.110	1.041	1.981	0.707	0.481	0.672	0.901	0.647	
0.747	1.107	0.791	1.184	1.651	1.526	1.674	0.919	1.247	0.934	0.874	0.499	0.758	0.501	0.589	
1.382	1.136	1.290	1.549	1.020	0.997	0.654	0.921	0.930	1.246	0.609	0.778	1.203	0.698	0.586	
1.702	0.667	0.978	1.311	1.062	1.733	1.326	1.520	0.581	0.469	0.814	0.843	0.872	0.553	0.567	
1.172	1.402	0.754	1.636	0.862	1.362	0.857	1.148	1.176	1.127	0.972	0.820	0.647	0.548	0.517	
0.635	1.414	1.599	1.060	0.751	1.665	0.895	0.973	1.183	1.030	0.902	0.897	0.580	0.752	0.664	
1.059	1.607	0.810	1.021	1.529	1.130	0.628	1.278	0.764	1.156	1.189	0.694	0.687	0.768	0.680	
1.170	0.976	1.676	1.169	0.734	0.934	1.112	0.771	0.786	1.096	1.533	0.619	1.289	0.536	0.597	
0.814	1.038	1.337	0.900	1.838	1.781	0.827	0.768	1.155	0.744	0.758	0.641	0.815	0.906	0.678	
0.549	0.938	0.496	3.214	1.020	1.255	0.820	1.756	0.531	0.939	0.474	0.950	0.568	0.730	0.759	
0.730	1.310	1.296	1.408	0.821	0.787	1.105	1.231	1.489	0.729	1.021	0.678	0.786	0.891	0.719	
0.422	1.522	0.933	1.153	1.095	1.976	0.445	0.772	1.258	1.216	0.736	1.046	1.077	0.716	0.632	
0.546	1.832	1.675	0.821	1.723	0.896	1.358	0.774	0.979	0.521	0.651	1.189	0.602	0.867	0.565	
1.199	0.497	1.408	1.658	1.603	1.095	1.115	1.089	0.727	0.978	0.747	0.888	0.825	0.536	0.637	
0.944	1.308	1.489	1.437	1.002	1.288	1.033	0.663	0.998	0.839	0.710	1.080	0.857	0.670	0.683	
0.286	1.326	0.599	1.791	1.176	1.217	1.008	1.108	0.840	1.687	0.842	1.136	0.893	0.628	0.465	
0.854	0.931	1.420	1.478	1.474	0.851	1.165	1.408	1.098	0.858	0.908	0.707	0.500	0.678	0.672	
0.536	1.849	1.474	1.081	0.949	0.919	1.032	0.634	1.203	0.783	1.144	0.717	0.994	1.018	0.667	
1.132	0.916	0.909	1.731	1.663	0.882	1.381	0.532	0.716	0.806	1.299	0.556	0.788	1.017	0.672	
1.427	0.486	0.695	1.903	0.928	1.012	1.308	0.806	1.193	1.094	1.524	0.712	0.741	0.672	0.500	
1.232	1.050	0.863	1.466	1.233	1.899	0.957	0.776	1.208	0.850	0.633	0.926	0.773	0.589	0.546	
0.880	1.130	1.864	0.958	1.664	1.066	0.798	0.670	1.195	1.093	0.994	0.546	0.787	0.710	0.644	
2.013	0.564	1.429	1.530	1.944	0.563	0.590	0.854	1.352	0.825	0.734	0.668	0.644	0.598	0.690	
1.489	0.564	0.557	2.494	1.598	1.043	1.152	0.923	0.769	0.895	0.760	0.962	0.444	0.755	0.596	
1.064	0.505	1.238	1.291	2.689	0.375	0.840	1.207	1.104	1.034	0.854	0.800	0.859	0.552	0.586	
0.637	1.251	0.807	2.069	1.572	0.894	0.630	1.467	1.460	0.807	0.685	0.814	0.509	0.721	0.677	
1.202	1.566	0.612	2.156	0.875	1.151	0.720	0.921	1.046	0.880	1.166	0.808	0.536	0.656	0.705	
0.969	1.073	0.645	2.256	1.789	0.784	1.791	0.842	0.947	0.408	0.803	0.795	0.658	0.609	0.632	
1.201	1.625	0.440	1.645	1.214	1.394	1.050	0.607	1.050	0.973	0.877	0.759	0.745	0.808	0.612	
1.441	1.135	0.773	1.922	1.080	0.887	0.912	1.578	0.915	0.667	0.858	1.172	0.571	0.466	0.624	
0.927	0.400	0.785	2.129	1.137	1.217	0.989	1.043	1.128	1.038	0.761	0.665	0.979	1.256	0.548	
1.361	0.708	1.021	1.792	1.457	0.919	1.402	1.016	1.021	0.827	1.023	0.532	0.815	0.583	0.524	
1.664	1.132	1.780	0.963	1.302	0.733	1.045	0.733	0.715	1.039	0.993	0.831	0.808	0.652	0.611	
1.585	0.713	0.771	1.063	1.412	1.729	1.454	0.888	1.129	0.789	0.601	0.864	0.729	0.743	0.530	
1.740	1.312	0.666	1.132	1.227	1.112	1.218	0.997	0.736	0.716	1.073	0.625	0.886	0.803	0.756	
1.138	1.145	0.506	1.330	2.103	0.972	0.670	1.267	0.848	1.203	0.862	0.767	0.602	0.964	0.623	
1.255	0.874	0.989	1.747	1.481	0.744	1.424	0.847	1.003	0.895	0.748	0.870	0.603	0.838	0.681	
1.452	1.187	0.980	1.505	0.879	0.831	1.192	0.738	0.997	1.516	1.058	0.535	0.500	0.962	0.667	
1.141	1.395	1.370	1.054	1.095	1.045	0.845	0.682	1.247	1.268	0.962	0.778	0.816	0.629	0.673	
0.603	0.451	1.534	0.678	1.308	0.969	1.860	1.136	1.373	0.713	0.918	1.634	0.577	0.713	0.534	
1.337	0.486	1.211	1.322	2.301	0.851	1.674	0.885	0.972	0.676	0.836	0.735	0.503	0.516	0.693	
0.783	1.052	1.372	1.593	2.097	1.462	0.852	0.764	1.416	0.641	0.725	0.468	0.510	0.604	0.662	
1.247	0.647	1.136	1.158	1.000	1.119	1.118	1.541	1.110	0.910	0.715	0.900	0.818	0.870	0.712	
1.591	0.651	1.198	1.170	1.677	0.912	1.399	0.818	0.922	0.785	0.694	1.081	0.878	0.565	0.658	
1.049	1.101	0.706	1.428	1.610	1.563	0.899	0.829	1.125	1.091	0.582	0.731	0.985	0.698	0.603	
0.563	0.896	1.209	1.742	1.892	1.350	1.082	1.692	0.870	0.646	0.358	0.635	0.757	0.668	0.640	
1.404	2.008	0.863	0.883	1.088	0.970	0.867	1.398	0.937	0.981	0.549	0.788	1.013	0.597	0.655	
0.865	1.382	1.011	1.159	1.345	1.089	1.250	0.770	0.841	0.962	0.854	0.942	0.920	0.874	0.737	
1.185	1.247	1.381	1.258	1.799	0.672	0.876	0.947	1.103	1.011	0.685	0.774	0.589	0.790	0.685	
1.029	0.511	1.464	1.614	0.630	1.357	1.206	1.869	0.940	0.700	0.616	0.766	0.910	0.699	0.688	
1.490	1.368	0.784	1.395	0.948	1.882	1.079	0.657	0.856	1.131	0.619	0.839	0.751	0.641	0.559	
1.122	1.142	1.054	1.206	1.385	1.834	0.589	0.913	0.771	0.844	0.689	0.874	0.826	1.124	0.627	
1.506	1.002	0.773	1.284	2.435	1.372	0.648	0.728	1.016	1.205	0.444	0.677	0.571	0.696	0.643	
1.300	0.722	1.429	1.818	0.837	1.169	1.169	0.942	0.771	1.408	0.507	0.650	0.857	0.760	0.661	
1.336	1.438	0.858	1.001	1.423	1.804	0.750	0.808	1.057	1.020	0.644	0.832	0.910	0.527	0.592	
1.330	1.557	1.178	1.563	0.770	1.024	1.009	0.784	0.905	0.930	0.791	1.027	0.902	0.582	0.648	
0.394	1.133	1.016	1.684	1.749	1.172	0.713	0.949	1.530	0.421	1.347	0.875	0.856	0.608	0.554	
1.539	0.258	0.992	0.945	2.536	0.940	0.999	1.012	1.157	1.162	0.706	0.569	0.731	0.748	0.706	
0.989	1.344	0.730	1.993	0.993	1.162	1.696	0.535	0.735	0.518	0.952	0.694	0.909	0.907	0.845	
1.212	0.583	0.785	1.975	1.435	0.907	1.059	1.011	1.010	0.884	1.004	0.920	0.601	1.086	0.527	
1.302	1.389	0.603	1.673	1.275	0.774	1.414	1.216	0.981	0.543	0.986	0.819	0.562	0.940	0.521	
1.459	1.504	1.251	1.685	0.646	1.236	1.162	0.989	0.816	0.473	0.872	0.862	0.617	0.850	0.578	
0.934	1.654	0.834	1.551	0.901	1.707	1.149	0.818	0.683	1.012	0.635	1.172	0.700	0.572	0.678	
1.080	0.807	1.341	1.342	1.501	1.189	0.854	1.334	0.779	0.998	1.238	0.737	0.650	0.616	0.535	
1.096	0.920	1.522	0.931	0.913	0.753	2.010	1.032	1.102	0.659	1.135	1.004	0.897	0.426	0.601	
1.170	0.655	1.679	1.143	1.822	1.242	0.913	1.206	0.947	0.682	0.734	0.834	0.886	0.557	0.530	
0.618	1.364	0.848	1.725	1.214	1.359	0.931	1.068	0.709	0.756	1.312	1.145	0.806	0.590	0.553	
0.633	0.937	1.509	1.488	1.943	1.140	0.935	1.134	0.889	0.364	1.056	0.939	0.524	0.904	0.606	
1.079	1.111	1.352	0.777	1.442	1.248	0.952	0.971	0.889	1.162	1.318	0.893	0.687	0.549	0.569	
1.127	0.650	0.857	2.139	1.284	1.110	0.807	0.954	0.900	1.408	0.916	0.764	0.778	0.607	0.700	
1.745	1.103	1.391	0.963	1.163	1.973	0.996	0.932	0.877	0.740	0.810	0.404	0.796	0.626	0.482	
0.927	2.532	0.798	0.872	0.786	1.039	1.108	2.152	0.749	0.954	0.497	0.450	0.771	0.682	0.683	
0.450	0.879	1.341	2.277	0.991	0.683	1.189	0.433	0.559	0.683	1.430	1.347	0.900	1.099	0.740	
0.911	0.945	0.421	1.058	2.176	1.040	2.067	1.247	0.935	1.010	0.592	0.762	0.500	0.836	0.500	
0.685	1.274	1.060	1.317	1.305	1.121	0.758	1.108	1.351	1.149	1.017	0.958	0.577	0.684	0.636	
0.738	1.563	0.695	2.020	2.067	0.803	0.613	0.684	1.066	0.686	0.995	0.451	1.112	0.735	0.773	
0.651	0.479	1.562	1.483	1.985	1.602	1.226	0.793	0.719	0.611	1.484	0.798	0.593	0.503	0.512	
1.388	1.322	0.935	1.967	0.785	1.369	0.747	0.723	0.684	0.727	0.999	1.083	0.995	0.608	0.669	
1.357	0.616	0.649	2.257	0.749	0.952	0.865	1.584	0.845	0.749	1.048	1.354	0.744	0.546	0.683	
0.790	0.960	0.704	1.709	1.301	1.453	0.799	0.787	1.211	0.870	1.090	0.759	1.009	0.868	0.688	
0.901	1.005	1.534	1.075	0.949	1.329	1.110	1.172	0.927	0.954	0.913	0.669	0.816	0.921	0.725	
0.934	1.130	1.159	1.352	1.701	1.238	1.081	0.500	1.514	0.750	0.954	0.854	0.665	0.579	0.590	
1.303	1.688	1.002	0.932	0.971	1.869	1.133	1.221	0.686	0.821	0.724	0.535	0.820	0.711	0.586	
0.817	0.515	1.075	1.610	2.178	1.287	0.981	0.875	0.353	0.907	1.119	0.992	0.795	0.882	0.614	
0.892	1.295	0.788	1.273	1.757	0.958	1.350	0.722	1.070	1.054	0.736	0.732	1.135	0.689	0.549	
1.141	0.558	0.641	2.131	1.332	1.234	0.657	0.689	0.967	1.332	0.974	1.064	0.923	0.682	0.676	
0.868	1.065	1.184	1.252	1.708	1.057	1.329	1.010	0.698	0.897	0.865	0.850	0.944	0.593	0.679	
1.491	0.845	1.454	1.249	0.826	1.606	0.753	1.053	1.053	1.146	1.020	0.790	0.612	0.560	0.543	
0.960	0.638	0.914	1.876	1.955	1.464	0.701	0.408	1.174	0.904	0.842	0.989	0.575	0.896	0.705	
1.590	0.278	1.572	2.092	0.616	0.978	1.376	1.011	0.516	0.475	1.500	0.781	0.734	0.856	0.625	
1.501	0.663	1.008	1.356	0.926	0.810	1.175	0.919	0.840	1.036	1.138	1.219	0.773	0.950	0.686	
2.289	0.686	1.255	1.649	1.314	1.300	0.624	0.754	0.495	0.794	0.927	0.829	0.981	0.535	0.569	
0.693	1.201	0.568	1.733	1.099	1.329	1.048	2.427	0.748	0.530	0.772	0.758	1.008	0.568	0.517	
1.398	0.839	1.547	1.084	0.833	1.568	1.172	0.722	0.838	0.645	1.070	0.887	0.664	1.008	0.725	
1.511	1.326	0.956	1.232	1.069	2.016	0.679	0.998	1.078	0.701	0.694	0.984	0.608	0.581	0.566	
1.333	1.093	0.888	1.177	1.356	1.243	0.756	1.081	1.224	0.914	1.027	0.819	0.826	0.606	0.658	
0.864	0.905	1.197	1.658	1.879	1.042	1.305	1.031	0.599	0.796	0.756	0.698	0.787	0.738	0.745	
1.235	1.740	1.127	0.804	1.138	1.017	1.678	0.964	0.669	1.148	0.755	0.797	0.714	0.604	0.609	
0.863	0.905	0.998	1.827	1.729	0.965	1.051	1.040	0.739	1.246	0.883	1.022	0.528	0.595	0.610	
1.101	0.650	0.764	1.951	1.629	1.538	1.489	0.864	0.745	1.190	0.518	0.604	0.858	0.592	0.506	
1.066	1.011	1.586	1.125	1.520	0.770	1.208	0.845	0.708	1.066	1.250	0.802	0.822	0.567	0.653	
1.165	0.989	1.433	1.174	1.519	0.979	1.102	0.835	1.219	0.910	0.598	0.782	0.730	0.943	0.622	
1.011	0.311	0.809	2.103	2.076	1.061	1.342	1.238	0.947	0.999	0.764	0.640	0.484	0.498	0.717	
1.648	0.859	0.611	1.655	0.777	1.191	1.032	1.046	0.646	0.726	1.557	1.196	0.753	0.592	0.711	
1.099	0.769	2.827	0.450	1.336	0.921	1.254	0.672	0.966	1.052	0.386	0.781	1.055	0.755	0.678	
1.131	0.965	1.137	1.078	0.935	1.415	1.347	1.153	0.988	1.670	0.741	0.589	0.670	0.592	0.590	
1.361	1.206	1.218	0.837	1.830	1.110	1.155	0.992	1.144	0.669	0.660	0.728	0.666	0.841	0.583	
1.451	0.900	1.311	1.628	1.126	1.479	0.920	0.675	0.663	0.820	1.303	0.768	0.775	0.508	0.672	
0.971	1.033	2.252	0.771	0.660	0.790	1.008	1.058	1.264	1.162	1.237	1.002	0.634	0.663	0.495	
0.731	1.879	1.612	1.431	1.458	1.178	1.056	0.632	1.220	0.599	0.436	0.753	0.945	0.492	0.582	
1.459	0.654	1.712	1.101	0.947	0.828	1.520	0.590	1.453	1.008	0.830	0.901	0.753	0.563	0.682	
0.880	0.401	0.823	1.849	0.715	2.231	0.706	1.425	1.221	1.511	0.389	0.719	0.947	0.584	0.598	
0.521	1.426	1.380	2.106	0.790	1.284	0.906	0.644	0.768	1.230	1.239	0.819	0.760	0.570	0.557	
1.075	1.451	1.053	1.237	0.868	0.970	1.185	0.897	0.973	0.963	1.161	0.764	1.137	0.685	0.581	
0.641	1.214	1.655	1.910	0.659	1.262	0.947	1.225	0.793	0.975	0.730	0.794	0.780	0.814	0.602	
2.144	0.904	0.654	0.936	1.476	1.289	0.819	1.519	0.392	0.772	0.949	0.871	0.781	0.844	0.650	
1.191	1.249	1.284	1.416	1.581	1.089	0.750	1.049	0.844	0.782	0.537	0.976	0.788	0.801	0.663	
1.949	0.956	1.198	0.913	1.083	1.289	0.970	0.786	0.773	1.227	0.880	0.722	0.939	0.687	0.627	
0.693	1.599	0.758	1.128	1.052	1.849	1.296	1.206	0.620	0.906	0.737	1.182	0.915	0.528	0.531	
1.482	1.245	1.940	0.675	1.301	0.711	0.894	1.293	1.120	0.845	0.601	0.639	0.851	0.741	0.661	
1.202	1.788	1.294	1.035	1.211	2.261	0.578	0.654	0.929	0.907	0.482	0.800	0.545	0.688	0.627	
0.715	1.397	1.065	1.663	0.852	1.407	0.789	1.554	1.019	0.754	1.354	0.578	0.768	0.543	0.543	
0.625	0.714	1.891	0.663	0.978	1.347	1.970	0.726	1.147	0.914	1.110	0.857	0.557	0.811	0.691	
0.877	0.722	1.507	1.375	1.377	1.120	1.514	1.200	0.821	0.965	0.897	0.838	0.505	0.716	0.567	
1.316	0.956	0.227	2.136	1.663	1.004	0.921	1.439	0.625	0.928	0.837	0.669	0.742	0.849	0.686	
0.760	0.991	1.257	1.565	1.733	0.735	1.051	1.280	1.111	0.473	0.942	0.694	0.922	0.825	0.660	
0.399	0.733	1.112	2.213	1.682	0.968	0.810	1.066	1.801	0.886	0.589	0.845	0.784	0.652	0.461	
1.567	1.661	1.323	1.744	1.279	0.953	0.640	0.767	0.469	0.656	0.961	1.057	0.751	0.557	0.613	
0.937	1.266	0.859	2.004	1.689	0.971	1.025	1.131	0.706	1.018	0.634	0.689	0.806	0.642	0.623	
0.775	0.547	0.561	2.173	1.700	2.226	1.016	0.474	1.129	1.102	0.599	0.737	0.862	0.510	0.590	
0.866	0.677	0.793	1.483	2.091	1.434	0.739	1.049	1.614	0.807	0.462	1.014	0.793	0.668	0.511	
1.043	0.920	1.410	1.391	1.915	0.632	0.907	0.738	1.291	0.969	1.027	0.811	0.943	0.617	0.387	
1.464	0.873	1.590	1.019	1.511	1.290	0.915	0.790	0.892	1.609	0.558	0.586	0.455	0.847	0.602	
0.748	1.411	1.186	1.143	1.810	1.317	1.300	0.511	0.747	0.821	0.923	0.656	0.922	0.736	0.768	
1.051	0.691	1.145	1.062	1.214	1.758	0.875	1.150	1.021	0.882	0.970	0.995	0.900	0.658	0.627	
1.000	1.643	0.810	1.300	0.949	0.979	1.032	1.243	1.618	0.746	1.343	0.571	0.528	0.616	0.623	
1.122	0.821	0.925	2.076	1.446	1.125	0.792	0.762	1.143	1.027	1.208	0.801	0.677	0.455	0.618	
1.432	1.740	0.197	1.286	2.311	0.888	1.426	0.845	0.820	0.608	0.620	0.710	0.905	0.636	0.576	
1.466	0.567	1.872	1.300	0.705	0.888	1.478	0.998	0.862	1.144	0.873	0.619	0.635	0.877	0.717	
1.309	1.828	1.318	1.026	0.943	0.675	1.197	0.656	0.797	1.823	0.958	0.823	0.417	0.689	0.541	
0.672	0.886	1.570	1.221	1.153	0.847	1.398	1.403	1.015	1.307	0.674	0.502	0.789	0.872	0.691	
0.575	2.197	1.054	1.073	0.601	1.814	0.979	0.940	0.507	1.093	0.615	1.165	0.963	0.625	0.798	
0.635	1.161	2.192	1.123	0.720	1.067	1.127	1.139	0.665	0.720	0.865	1.196	0.840	0.914	0.637	
0.707	0.702	1.218	1.781	1.468	1.201	1.647	0.713	1.465	0.455	0.723	0.751	0.897	0.608	0.664	
0.681	0.683	1.543	1.994	1.156	1.228	1.216	1.414	0.796	0.505	0.632	0.872	0.859	0.726	0.695	
1.035	1.105	1.272	1.022	1.483	1.291	0.897	0.932	1.348	1.001	0.805	0.834	0.544	0.819	0.610	
1.390	0.318	1.275	1.375	0.948	1.186	1.627	0.820	0.647	1.441	1.126	0.781	0.864	0.599	0.601	
0.747	0.476	1.467	2.689	2.077	0.499	1.047	1.438	0.900	0.661	0.640	0.935	0.536	0.610	0.279	
1.838	1.404	1.174	1.102	1.402	0.812	1.031	0.890	0.650	0.717	0.775	0.973	0.846	0.674	0.712	
1.113	0.594	1.339	1.399	1.658	1.044	0.969	1.105	1.038	0.526	1.062	0.840	0.765	0.790	0.758	
2.073	0.601	1.996	0.733	1.443	0.876	1.299	0.828	0.503	0.916	0.679	0.921	0.975	0.575	0.583	
1.041	1.329	0.941	1.388	0.974	1.220	1.077	1.176	0.953	0.735	0.680	0.803	1.006	0.975	0.703	
1.729	0.978	0.961	1.567	1.647	0.566	0.837	0.861	0.937	1.043	0.734	0.770	0.798	0.840	0.732	
1.451	1.603	0.533	0.869	2.424	0.801	0.768	0.680	1.178	0.908	1.022	0.794	0.895	0.480	0.591	
2.610	0.863	1.017	1.257	1.032	0.705	0.638	0.727	1.093	0.734	0.826	0.881	0.921	0.981	0.714	
0.730	1.576	1.309	1.115	1.227	0.690	1.171	0.879	1.256	0.878	1.101	0.815	0.672	0.857	0.723	
0.828	1.670	0.926	1.719	0.721	1.374	0.917	1.053	0.977	1.073	0.828	0.885	0.787	0.673	0.572	
1.228	1.079	1.012	1.506	1.235	0.688	1.680	0.934	0.770	1.250	0.591	1.018	0.741	0.612	0.654	
0.611	0.800	1.034	1.619	1.176	1.923	1.602	1.072	0.783	0.630	0.809	0.841	0.797	0.601	0.703	
0.813	1.191	1.107	1.544	0.980	2.028	0.779	0.506	1.110	0.836	0.840	0.729	0.933	0.891	0.712	
1.129	0.736	1.050	1.269	1.444	1.362	1.105	0.930	1.369	0.879	0.682	1.137	0.520	0.734	0.654	
0.377	2.175	0.989	1.161	1.237	0.720	0.654	1.566	0.761	0.740	1.322	0.850	1.312	0.560	0.575	
1.010	1.453	0.604	1.007	1.518	1.006	1.220	1.127	1.142	1.058	1.080	0.656	0.900	0.653	0.565	
1.407	1.489	1.061	1.789	1.195	0.626	1.345	0.729	0.929	0.884	0.698	0.868	0.628	0.676	0.675	
1.092	1.067	0.895	1.931	0.914	1.282	0.924	1.185	0.839	0.890	1.079	0.851	0.672	0.780	0.598	
1.390	1.753	1.222	1.318	0.859	0.740	1.356	0.827	0.595	1.121	0.766	0.682	0.872	0.836	0.664	
0.767	1.095	1.945	1.054	0.654	0.950	1.294	2.331	0.731	0.845	0.825	0.485	0.569	0.848	0.607	
0.786	0.958	0.608	1.836	1.072	1.361	1.400	1.116	1.192	0.704	1.006	0.756	0.801	0.771	0.631	
0.971	1.188	1.672	1.630	0.960	1.267	1.368	0.704	0.830	0.932	0.782	0.686	0.510	0.801	0.699	
1.421	0.461	0.417	2.162	1.856	1.004	0.960	0.616	1.136	0.521	1.216	0.811	0.986	0.789	0.645	
1.422	1.457	0.864	1.936	1.413	1.344	0.614	0.824	0.652	0.769	1.048	0.798	0.696	0.593	0.570	
1.493	0.635	1.041	1.578	1.499	1.110	0.767	1.629	0.704	0.910	0.616	0.881	0.879	0.620	0.638	
0.900	1.023	1.001	2.843	0.571	1.559	0.831	0.997	0.922	1.013	0.553	0.745	0.727	0.666	0.649	
1.188	1.080	1.039	1.412	1.069	1.310	0.965	1.490	0.607	0.673	1.406	0.850	0.688	0.584	0.637	
0.844	0.533	1.929	1.274	2.368	0.713	1.245	1.370	0.673	0.604	0.508	0.763	0.624	0.629	0.924	
0.780	1.791	1.017	1.637	1.504	0.800	0.781	0.910	0.967	1.202	0.685	0.716	0.798	0.747	0.666	
0.607	1.242	1.325	1.733	1.122	1.255	0.514	0.955	0.690	1.122	1.051	0.878	1.000	0.789	0.717	
0.727	1.036	1.904	1.486	1.154	0.852	1.031	0.864	0.824	1.503	0.585	0.845	0.655	0.898	0.636	
1.914	1.028	1.012	3.071	0.499	0.923	1.017	0.884	0.610	0.694	0.618	0.928	0.637	0.642	0.524	
1.095	1.926	1.076	0.476	1.367	1.269	1.136	1.003	0.761	1.038	0.988	0.846	0.730	0.587	0.701	
1.429	0.942	0.986	1.043	1.534	1.646	0.941	1.016	0.751	0.984	1.060	0.831	0.644	0.466	0.729	
1.330	0.700	0.948	1.720	1.188	1.336	1.480	0.830	1.165	1.018	0.596	0.800	0.678	0.618	0.592	
1.003	0.879	0.619	2.167	0.969	1.149	1.514	1.584	0.660	0.755	0.895	0.850	0.885	0.672	0.401	
0.965	1.263	0.753	1.180	1.669	1.409	0.908	1.066	1.685	0.700	0.761	0.608	0.818	0.520	0.695	
1.156	1.514	1.567	1.417	1.460	0.722	0.838	0.947	0.873	0.992	0.789	0.637	0.760	0.709	0.618	
1.581	1.423	0.950	1.451	1.159	1.308	1.630	0.854	0.689	0.733	0.825	0.440	0.842	0.620	0.495	
0.666	1.037	1.227	1.631	0.948	1.252	0.822	1.618	0.899	0.699	0.995	1.096	0.723	0.723	0.663	
0.520	0.695	1.458	0.982	1.764	0.946	2.557	0.951	1.064	0.888	0.808	0.353	0.586	0.672	0.756	
1.080	0.816	0.833	1.134	1.222	1.809	1.567	1.202	0.750	1.155	1.084	0.543	0.629	0.529	0.648	
0.867	1.393	1.238	0.825	0.948	1.952	1.908	0.682	0.468	0.624	0.788	1.498	0.748	0.500	0.560	
1.441	0.731	0.855	1.945	0.991	0.632	1.270	0.723	1.016	1.080	1.148	1.201	0.830	0.530	0.606	
1.710	1.383	0.986	1.454	0.981	1.107	0.803	1.163	0.874	0.800	1.095	0.505	0.888	0.595	0.654	
1.825	0.806	0.569	1.206	1.977	0.835	0.745	0.724	1.411	0.774	0.883	0.792	0.861	0.912	0.680	
1.302	0.920	0.666	2.468	0.514	0.954	0.774	1.437	1.079	1.023	0.763	0.997	0.883	0.562	0.657	
1.619	0.536	1.479	0.871	1.352	1.424	1.041	1.364	0.997	0.853	0.811	0.589	0.764	0.665	0.635	
0.506	1.200	1.460	1.108	2.107	0.959	1.059	0.914	0.706	0.993	0.952	1.217	0.508	0.682	0.629	
0.700	1.428	0.689	1.467	1.257	1.313	0.608	1.330	0.969	1.113	1.111	0.534	0.896	0.892	0.694	
0.723	0.911	0.628	2.412	1.823	0.330	0.963	1.166	1.131	0.624	0.824	0.793	1.150	0.953	0.570	
1.422	0.734	1.086	1.120	1.518	0.873	1.169	1.319	1.384	0.477	1.094	0.838	0.896	0.551	0.518	
1.543	0.989	1.184	1.617	0.781	0.836	0.759	0.853	1.349	1.063	0.972	0.617	0.926	0.874	0.637	
1.700	2.074	0.855	1.228	1.933	0.856	0.841	0.927	0.658	0.879	0.748	0.765	0.512	0.660	0.365	
1.037	0.931	1.160	1.128	1.820	1.617	1.353	0.738	0.520	0.729	0.704	0.949	0.832	0.720	0.764	
0.791	1.198	0.922	1.489	1.816	1.018	0.996	0.682	1.348	0.650	1.213	0.784	0.843	0.566	0.684	
1.409	1.121	0.877	1.593	0.944	0.937	0.976	0.932	0.895	1.360	1.446	0.752	0.628	0.573	0.557	
1.044	1.774	0.398	1.399	1.124	2.041	1.036	1.085	0.978	0.719	0.645	0.589	0.738	0.734	0.696	
1.799	1.650	0.809	0.951	1.336	0.775	0.882	0.681	1.116	0.988	0.765	0.818	1.050	0.760	0.619	
0.823	0.757	1.381	1.266	1.351	1.217	0.814	1.548	0.717	1.262	0.667	0.843	0.859	0.770	0.725	
1.163	0.900	0.931	1.229	1.198	1.462	0.842	1.306	1.352	0.911	0.787	0.854	0.814	0.544	0.707	
0.911	1.259	1.852	0.677	1.408	1.374	0.934	0.797	0.889	1.255	0.760	0.843	0.758	0.682	0.601	
1.144	0.682	0.996	1.691	1.298	1.308	0.824	0.991	0.964	0.744	0.973	0.896	0.991	0.814	0.684	
0.750	1.631	1.768	1.206	1.522	0.894	0.538	1.226	1.015	1.242	0.791	0.779	0.429	0.687	0.521	
1.178	0.766	1.401	0.869	1.251	1.075	1.613	0.974	0.630	0.771	1.228	0.716	0.949	0.831	0.748	
1.543	0.841	1.567	1.015	0.727	1.273	0.841	0.818	0.976	1.655	1.061	0.655	0.714	0.618	0.698	
0.788	1.154	0.933	1.581	1.147	1.278	1.624	0.830	1.463	0.701	0.772	0.628	0.799	0.651	0.650	
1.116	1.056	1.362	1.359	1.333	2.404	0.716	0.948	0.861	0.360	0.666	0.888	0.511	0.763	0.659	
0.628	1.724	1.035	0.975	1.163	1.779	0.828	0.888	0.934	0.712	1.126	0.847	0.746	0.792	0.825	
0.928	0.907	0.800	1.329	1.475	0.813	1.155	1.584	1.103	0.938	0.648	1.296	0.847	0.641	0.534	
1.112	0.923	1.835	2.010	0.863	1.103	0.723	1.111	0.896	0.832	1.093	0.934	0.537	0.531	0.498	
0.920	0.769	0.725	2.268	1.497	0.900	0.790	1.044	0.792	0.946	0.896	1.014	0.903	0.805	0.732	
1.703	1.104	0.929	1.260	1.222	0.839	0.965	0.783	1.389	0.970	0.803	0.869	0.658	0.847	0.660	
0.869	1.153	1.100	1.105	1.496	1.210	1.042	1.921	0.570	1.021	0.658	0.766	0.686	0.751	0.650	
0.541	1.311	1.634	1.596	1.503	1.510	0.941	0.693	0.904	1.120	0.699	0.595	0.830	0.483	0.641	
1.849	1.393	1.343	1.022	1.448	0.926	0.869	0.592	0.815	1.026	0.749	0.995	0.796	0.569	0.606	
1.116	1.092	0.602	1.699	0.888	1.975	1.692	0.511	0.921	0.730	0.742	0.901	0.980	0.606	0.545	
0.963	0.959	0.699	1.668	1.015	1.305	1.112	1.517	0.964	0.752	0.731	1.118	0.755	0.769	0.672	
1.824	0.883	0.698	1.349	1.066	0.673	1.545	1.770	0.950	0.711	1.048	0.763	0.582	0.683	0.455	
1.444	1.458	1.332	1.499	0.786	0.968	1.041	1.154	0.644	0.884	0.639	0.936	0.960	0.616	0.638	
0.758	0.614	1.047	2.216	0.802	1.416	1.126	0.947	0.822	2.056	0.561	0.426	0.677	0.908	0.625	
0.732	1.383	0.984	1.057	1.449	1.759	1.181	0.846	0.762	0.930	0.907	0.636	0.841	0.877	0.656	
0.786	1.843	1.176	1.374	1.249	0.779	1.112	0.958	0.657	1.334	0.967	0.979	0.641	0.507	0.640	
1.345	1.286	0.168	1.884	1.272	1.990	0.763	0.506	0.908	0.965	0.788	0.949	0.766	0.841	0.569	
0.508	0.948	1.235	1.792	1.427	1.388	0.960	0.759	0.764	0.921	0.696	1.100	0.806	1.057	0.638	
0.791	1.231	0.912	1.178	1.401	1.458	1.834	0.806	0.912	0.748	0.962	0.621	0.734	0.722	0.690	
1.737	1.568	1.123	0.674	1.495	1.146	0.783	1.165	1.005	0.951	1.025	0.608	0.615	0.594	0.510	
0.471	0.787	1.425	2.100	1.936	0.549	0.726	1.356	0.890	0.857	0.911	0.896	0.789	0.669	0.637	
1.035	0.685	1.686	0.975	1.575	1.584	0.873	1.035	0.918	0.682	0.726	1.044	0.833	0.611	0.738	
1.011	0.570	1.521	1.006	1.584	1.477	1.086	1.288	1.089	0.743	1.062	0.535	0.907	0.574	0.547	
1.761	1.090	0.976	1.061	0.845	1.176	1.641	0.718	1.039	0.692	0.870	0.749	0.938	0.870	0.571	
0.660	0.792	0.900	2.074	1.123	1.063	1.234	0.817	1.595	0.950	0.911	0.895	0.749	0.613	0.624	
1.113	1.718	1.433	2.181	1.301	1.131	0.653	1.047	0.740	0.438	0.652	0.797	0.508	0.697	0.591	
1.923	0.858	0.976	1.055	1.151	1.346	1.486	1.239	0.669	0.642	1.051	0.758	0.444	0.801	0.599	
1.221	1.266	1.047	1.089	1.697	0.988	1.223	1.026	1.002	0.682	0.806	0.738	0.698	0.836	0.681	
1.294	2.088	1.188	1.301	0.684	1.140	1.272	1.069	0.700	0.691	0.893	0.535	0.814	0.686	0.645	
0.937	1.472	1.440	1.163	0.968	1.055	1.083	0.840	0.723	1.446	0.804	0.838	0.972	0.671	0.590	
1.338	0.816	1.011	1.759	1.372	0.397	1.696	1.025	1.053	1.211	0.662	0.773	0.671	0.635	0.581	
2.013	0.690	1.274	1.600	1.345	0.783	0.557	1.152	1.707	0.462	0.733	0.603	0.816	0.599	0.666	
0.974	1.288	1.303	1.502	1.163	1.253	1.129	0.911	0.780	0.935	0.755	0.900	0.814	0.582	0.712	
1.093	1.090	1.094	1.120	1.263	0.984	1.085	1.262	0.840	1.174	0.896	0.778	1.015	0.667	0.640	
0.931	0.973	0.167	1.138	1.885	2.098	0.523	0.598	0.751	2.112	0.963	0.698	1.003	0.536	0.624	
0.458	1.101	0.631	2.349	2.070	1.668	0.846	0.649	0.802	0.813	0.755	0.960	0.697	0.578	0.623	
0.789	1.049	1.500	1.315	1.460	1.134	0.678	1.449	0.712	1.223	0.817	0.844	0.526	0.857	0.646	
0.695	0.948	1.033	1.801	1.149	1.916	0.704	1.119	0.936	0.903	1.009	0.868	0.807	0.557	0.553	
1.495	0.459	0.624	2.848	1.197	1.253	0.950	0.720	1.389	0.762	0.828	0.463	0.819	0.614	0.579	
0.649	1.073	1.202	2.934	1.350	0.758	0.774	1.312	0.624	0.549	0.711	1.289	0.563	0.553	0.660	
0.846	1.293	0.447	1.406	1.402	1.988	1.443	1.529	0.700	0.502	0.691	0.735	0.630	0.705	0.683	
0.739	1.160	1.317	1.266	1.104	1.171	1.248	0.748	0.935	1.405	0.804	0.943	0.624	0.965	0.570	
0.580	0.923	1.104	1.390	2.761	1.006	0.786	1.168	1.046	1.138	0.670	0.801	0.559	0.455	0.612	
2.136	0.467	1.464	1.374	1.307	0.730	1.088	1.145	0.814	0.747	0.873	0.544	0.857	0.833	0.621	
1.552	1.353	0.895	1.203	1.295	0.821	0.973	0.985	1.372	0.793	0.801	0.946	0.762	0.628	0.619	
1.241	2.570	0.732	0.849	1.257	1.222	0.935	0.639	1.368	0.544	0.903	0.690	0.844	0.618	0.586	
1.612	1.286	0.720	2.129	1.183	0.509	1.182	1.057	0.940	0.696	0.859	0.873	0.827	0.489	0.636	
0.460	1.081	1.348	1.366	1.993	0.770	1.481	1.481	0.663	0.818	0.698	0.676	0.735	0.925	0.506	
0.489	0.446	0.925	1.920	2.441	1.548	1.197	0.708	0.951	0.820	0.562	1.100	0.547	0.744	0.601	
1.048	0.572	0.922	1.355	1.436	1.185	1.115	1.433	1.184	1.462	0.901	0.719	0.462	0.593	0.612	
1.683	1.161	0.956	1.470	1.140	0.795	1.109	1.304	0.779	0.945	0.772	0.764	0.804	0.581	0.737	
1.675	0.930	0.708	0.694	1.085	1.459	1.053	1.316	1.164	1.178	0.595	0.538	1.026	0.863	0.718	
0.555	0.977	1.568	1.772	1.115	1.652	0.949	0.959	1.288	0.637	0.659	0.864	0.832	0.594	0.579	
0.469	1.401	1.155	2.165	0.848	1.973	0.593	0.658	0.797	1.078	0.333	0.995	1.391	0.574	0.572	
0.448	1.317	1.634	0.697	0.911	0.989	1.664	1.069	0.992	0.647	1.001	1.230	0.868	0.900	0.635	
0.441	0.991	0.800	2.039	1.699	1.094	1.314	0.843	0.764	1.440	0.675	0.692	0.854	0.770	0.585	
0.810	1.665	0.814	1.992	1.144	1.201	0.938	0.814	1.027	0.455	1.254	0.834	0.844	0.650	0.559	
1.277	1.510	0.769	1.423	1.692	1.385	1.203	0.690	0.665	1.086	0.739	0.601	0.764	0.677	0.518	
0.694	1.406	0.999	1.522	1.290	1.013	0.688	0.947	1.272	1.091	0.862	0.860	0.784	0.840	0.733	
0.747	1.199	0.751	1.238	1.983	1.187	0.970	1.450	1.079	1.052	0.894	0.822	0.577	0.631	0.420	
0.788	1.180	1.083	1.251	1.084	1.168	1.325	1.179	1.420	0.844	0.784	0.548	0.761	0.942	0.643	
1.145	0.789	0.702	1.798	1.170	1.321	1.710	0.630	1.220	0.727	1.170	0.868	0.661	0.625	0.464	
2.187	0.473	1.506	1.346	0.511	1.375	1.105	1.072	1.105	0.668	1.064	1.084	0.567	0.449	0.487	
0.513	0.826	0.875	2.517	1.339	1.523	1.540	0.880	0.360	1.071	0.579	0.780	0.800	0.696	0.701	
0.850	0.552	1.305	2.158	1.002	1.770	0.795	1.176	0.509	1.316	1.044	0.627	0.693	0.687	0.516	
0.882	0.935	0.999	2.538	0.657	1.552	1.106	0.793	0.711	0.956	0.814	0.661	0.800	0.984	0.612	
1.475	0.792	1.116	1.583	1.247	1.362	0.761	0.934	1.067	0.699	0.993	0.683	0.765	0.879	0.645	
1.437	0.787	1.977	1.334	0.551	0.739	1.152	1.273	1.190	0.864	0.637	1.042	0.856	0.569	0.592	
1.308	2.099	1.275	1.237	1.214	1.075	0.884	0.894	0.950	0.588	0.691	0.768	0.724	0.606	0.687	
1.076	0.446	0.949	1.171	1.762	0.886	2.164	0.829	0.607	0.974	1.236	0.872	0.860	0.487	0.683	
1.180	0.706	1.678	1.248	1.640	1.317	1.042	0.456	0.656	1.226	0.928	0.782	0.614	0.767	0.759	
1.384	1.271	0.854	2.130	1.127	1.220	0.948	0.839	0.667	0.839	1.213	0.729	0.518	0.680	0.581	
1.566	0.973	0.865	1.772	1.747	0.889	1.016	1.019	0.784	0.741	0.822	0.585	0.944	0.691	0.587	
0.768	1.163	0.816	2.195	1.162	0.890	0.953	1.845	0.781	0.631	1.022	0.623	0.818	0.564	0.768	
1.042	0.390	0.794	1.861	2.204	1.329	0.876	0.732	0.652	0.828	0.964	0.882	1.259	0.488	0.698	
1.180	2.336	0.893	1.224	0.896	1.425	1.277	0.773	0.897	0.646	0.707	1.086	0.597	0.609	0.456	
0.582	1.399	1.238	2.286	1.686	1.333	0.879	0.687	0.735	0.808	0.811	0.791	0.592	0.644	0.530	
1.070	0.549	1.177	1.699	1.268	1.170	1.253	0.682	0.914	1.079	1.435	0.633	0.859	0.650	0.563	
1.425	1.228	0.879	0.804	1.605	1.150	1.600	0.971	0.765	0.906	0.711	0.860	0.625	0.704	0.767	
0.860	0.880	1.206	1.506	1.461	1.087	0.766	1.779	0.931	1.023	0.878	0.591	0.895	0.601	0.534	
1.600	0.903	1.514	1.825	0.618	1.202	0.621	0.868	1.133	0.911	0.812	0.672	0.919	0.718	0.684	
1.054	1.054	1.680	0.600	1.126	1.338	1.609	1.321	0.994	0.675	0.710	0.797	0.800	0.641	0.602	
1.451	0.999	1.030	0.903	0.999	1.668	1.569	0.821	1.136	0.706	0.888	0.842	0.620	0.719	0.648	
0.624	1.900	0.414	0.893	1.171	1.280	1.672	0.924	1.161	0.834	0.927	0.896	1.257	0.586	0.462	
1.142	0.944	1.609	1.517	1.319	0.890	1.458	0.699	0.772	1.097	0.679	0.756	0.818	0.623	0.678	
0.862	0.803	0.556	1.920	1.636	2.301	1.305	0.748	0.766	0.370	1.001	0.551	0.785	0.754	0.640	
0.877	0.899	2.009	1.121	0.701	1.412	1.170	1.366	0.921	0.927	0.784	0.658	0.690	0.882	0.582	
1.343	1.069	1.256	0.912	1.952	0.809	1.569	0.752	0.825	0.768	0.822	0.596	0.702	0.874	0.750	
1.247	0.656	1.430	1.920	1.366	1.038	0.883	1.144	0.637	0.857	0.927	0.832	0.570	0.821	0.672	
1.425	0.481	1.248	1.441	0.852	1.648	1.048	0.810	1.617	0.477	0.703	0.721	0.974	0.936	0.619	
0.994	0.398	1.427	1.607	1.596	0.914	1.607	1.777	0.759	0.766	0.678	0.616	0.759	0.715	0.387	
1.348	0.928	0.844	1.274	1.727	1.345	1.547	0.729	1.015	0.719	0.879	0.898	0.653	0.440	0.654	
1.362	0.461	0.895	1.666	1.143	1.379	1.107	0.673	1.340	1.636	0.577	0.452	0.924	0.725	0.661	
2.170	0.874	0.424	1.292	1.093	0.369	1.727	0.765	1.282	1.266	0.655	0.784	0.807	0.820	0.672	
1.299	0.846	0.926	1.529	1.521	1.161	0.689	1.204	1.327	1.287	0.777	0.861	0.493	0.586	0.495	
1.813	0.863	1.763	1.155	1.152	0.978	1.049	1.236	0.691	0.903	0.921	0.709	0.626	0.704	0.435	
1.032	0.790	1.827	1.175	1.592	0.503	0.878	1.053	1.216	0.954	0.806	0.800	0.977	0.760	0.637	
1.174	0.735	1.765	1.612	1.015	1.021	0.912	0.881	0.982	0.935	0.787	1.044	0.864	0.585	0.688	
2.104	1.308	0.852	0.747	0.990	0.825	1.099	1.110	0.992	0.745	1.110	0.932	0.872	0.608	0.707	
1.136	1.057	0.941	1.721	1.120	1.334	0.736	0.639	0.911	0.828	1.068	1.493	0.593	0.735	0.688	
1.002	1.025	1.413	1.348	1.921	1.127	0.919	0.879	0.971	0.973	0.745	0.722	0.613	0.648	0.693	
0.812	0.842	0.682	1.923	1.138	1.527	0.680	1.263	0.703	0.716	0.949	1.006	1.050	0.879	0.830	
1.436	0.609	1.657	2.443	0.923	1.148	0.761	0.659	1.153	0.902	0.589	0.868	0.627	0.584	0.641	
0.786	0.920	0.885	1.508	1.454	1.353	0.968	1.614	0.964	0.695	0.952	0.793	0.640	0.864	0.603	
1.282	0.498	1.055	1.005	1.952	1.333	1.051	1.246	0.859	0.968	1.047	0.774	0.646	0.744	0.541	
0.625	1.363	0.647	1.789	1.358	0.578	1.590	1.517	0.958	0.899	0.944	0.769	0.451	0.974	0.538	
1.087	1.539	1.012	1.227	1.633	1.059	1.182	0.754	0.931	0.733	0.813	0.900	0.851	0.621	0.658	
1.244	1.153	1.026	2.276	0.938	1.124	0.761	0.800	1.264	0.729	0.938	0.584	0.967	0.696	0.500	
0.958	0.808	0.616	1.675	2.428	0.949	0.646	1.352	0.994	1.433	0.440	0.440	0.693	0.980	0.588	
0.999	1.429	1.379	1.445	1.720	0.995	1.234	0.629	0.817	0.722	0.574	1.118	0.710	0.595	0.634	
1.004	1.465	1.136	1.201	0.867	1.271	0.940	0.668	1.013	0.815	1.572	0.765	0.662	0.860	0.762	
0.968	0.461	1.523	1.344	1.375	1.544	0.952	0.930	1.176	0.682	1.032	0.750	0.683	0.816	0.763	
1.642	0.574	1.373	2.161	1.209	1.236	1.224	0.702	0.704	0.769	0.621	0.859	0.573	0.727	0.625	
1.103	1.111	0.690	2.111	1.379	1.819	0.833	0.752	0.545	0.795	0.763	0.851	0.851	0.636	0.761	
1.597	1.358	0.609	1.027	1.349	1.326	1.258	1.153	0.709	1.013	0.747	0.741	0.862	0.665	0.587	
0.456	0.675	1.125	1.958	0.865	0.480	1.319	1.075	1.573	1.315	1.195	0.667	0.763	0.863	0.671	
0.981	0.845	1.107	1.315	1.240	0.829	1.412	1.118	0.982	1.501	0.938	0.765	0.761	0.584	0.624	
1.166	1.320	1.210	0.952	1.010	1.876	0.690	1.229	0.850	0.887	0.956	0.842	0.623	0.754	0.634	
1.141	1.259	0.942	1.746	1.118	1.158	0.692	0.644	1.417	1.053	0.663	0.992	0.833	0.671	0.670	
0.974	0.522	0.584	2.371	0.678	1.140	2.084	0.983	1.006	0.935	1.244	0.744	0.756	0.509	0.468	
1.279	1.169	1.130	1.115	1.457	0.961	1.056	1.478	0.553	0.967	0.802	0.999	0.794	0.612	0.630	
1.324	1.625	0.894	2.077	1.350	0.830	0.884	0.930	1.023	0.655	0.789	0.573	0.750	0.673	0.624	
0.990	1.913	1.461	0.888	2.015	0.978	0.573	0.631	1.125	1.066	0.716	0.589	0.660	0.808	0.585	
0.755	1.163	0.583	1.259	1.380	2.050	1.296	0.770	0.889	0.876	0.698	1.053	0.761	0.937	0.531	
1.295	1.848	1.040	1.318	0.964	1.296	0.980	0.740	1.062	0.510	0.689	0.702	1.072	0.835	0.649	
1.616	0.709	1.096	0.986	0.895	1.690	0.917	1.402	1.403	0.888	0.783	0.840	0.564	0.646	0.567	
0.700	1.512	0.862	2.719	0.453	0.744	1.161	0.694	1.082	0.778	1.246	0.920	0.698	0.780	0.652	
0.722	0.381	0.868	1.993	1.553	1.726	0.743	1.402	0.900	0.939	0.945	0.647	1.017	0.651	0.512	
1.623	0.783	0.853	1.196	1.011	1.534	1.002	1.183	1.409	0.894	1.007	0.530	0.819	0.553	0.604	
0.866	0.621	1.015	1.840	1.187	1.985	0.892	0.670	1.000	1.082	0.678	1.088	0.698	0.561	0.816	
1.021	1.460	1.090	0.977	1.081	1.617	1.177	1.035	0.875	0.903	0.807	0.659	0.731	0.867	0.703	
0.994	0.326	0.812	1.581	1.574	1.542	0.778	1.886	0.695	0.922	0.953	1.081	0.759	0.561	0.538	
0.654	2.890	1.371	0.768	1.108	1.282	1.072	0.654	0.994	0.533	0.867	0.654	0.747	0.541	0.865	
0.694	1.076	1.562	1.168	1.339	1.583	0.939	0.572	0.686	0.865	1.150	0.939	1.064	0.603	0.760	
1.491	0.774	1.445	0.960	1.326	1.122	1.068	0.929	0.914	1.320	0.720	0.771	0.975	0.624	0.560	
0.860	1.270	1.484	1.242	0.778	0.700	1.053	1.728	1.046	0.797	0.865	0.875	0.963	0.692	0.648	
1.056	0.871	0.808	1.521	1.312	0.895	1.369	0.977	0.779	1.139	1.329	0.886	0.639	0.843	0.576	
0.510	1.003	1.148	1.233	1.384	2.075	0.906	0.950	0.841	1.005	0.925	1.096	0.503	0.788	0.634	
1.176	1.001	0.603	1.052	1.325	1.744	1.389	1.274	1.098	0.811	0.825	0.986	0.480	0.654	0.584	
1.425	2.031	1.402	1.327	1.024	0.979	0.949	0.718	1.246	0.724	0.703	0.619	0.745	0.530	0.579	
0.795	1.204	1.005	1.648	1.705	1.420	1.002	1.181	0.979	0.431	0.921	0.581	0.829	0.634	0.665	
1.453	1.016	1.066	1.505	0.729	0.973	0.980	1.235	0.946	0.747	0.994	1.194	0.800	0.686	0.677	
1.255	1.161	0.573	0.995	1.773	1.343	1.589	0.725	1.021	0.792	0.549	0.832	0.921	0.855	0.614	
1.174	0.831	1.277	1.148	1.057	2.150	0.893	0.833	0.713	0.875	0.647	1.469	0.840	0.661	0.432	
1.576	0.846	0.899	1.252	1.385	2.360	0.496	0.774	0.735	0.757	1.023	0.563	0.946	0.840	0.547	
0.916	0.406	1.264	2.375	2.335	0.727	1.177	0.977	0.645	1.076	0.675	0.832	0.609	0.552	0.432	
0.505	1.323	0.861	1.474	1.078	1.304	0.976	1.722	1.236	0.730	0.637	0.838	0.702	1.081	0.534	
1.529	0.960	1.405	1.318	0.685	1.005	1.701	0.649	0.721	1.244	0.476	0.746	0.992	0.927	0.641	
0.345	1.988	1.137	1.299	1.515	1.285	1.207	1.190	0.565	1.085	0.773	0.458	0.553	0.984	0.615	
0.868	1.231	2.027	1.087	1.102	1.274	1.073	0.760	1.116	0.896	0.585	0.850	0.629	0.950	0.553	
0.694	1.120	1.298	0.962	1.761	1.661	1.039	1.248	1.310	0.847	0.687	0.566	0.750	0.602	0.455	
1.360	0.702	0.464	1.636	2.274	0.845	1.048	0.824	0.983	1.355	0.359	0.785	0.824	0.921	0.620	
1.653	0.692	1.179	1.116	1.388	1.008	0.939	0.717	1.352	0.906	0.963	0.679	0.821	0.945	0.642	
1.860	0.543	1.307	2.013	1.275	0.894	0.999	0.742	0.375	0.747	0.717	1.192	0.626	0.887	0.822	
0.847	1.137	0.873	1.804	1.043	1.339	1.440	0.627	0.749	0.991	0.961	1.179	0.778	0.707	0.524	
1.515	0.584	0.809	2.481	0.883	0.954	0.763	1.394	1.187	0.929	0.739	0.719	0.721	0.680	0.642	
0.553	0.972	1.186	1.334	1.634	1.471	1.176	0.936	1.200	0.936	0.848	0.475	0.699	0.983	0.595	
1.505	0.698	0.738	1.418	1.196	0.767	1.289	1.702	0.725	0.940	1.175	0.659	0.978	0.662	0.547	
2.487	0.945	0.476	1.352	1.708	0.740	0.744	0.895	1.155	0.531	0.517	0.834	1.116	0.873	0.627	
1.232	0.785	0.952	1.329	1.591	0.770	1.573	0.783	1.600	0.963	0.745	0.579	0.753	0.808	0.535	
0.974	0.621	2.244	0.714	1.059	1.057	1.414	0.971	0.918	0.973	0.803	0.810	0.918	0.854	0.669	
0.840	1.077	1.548	1.890	1.507	1.153	0.875	0.514	0.835	1.207	0.886	0.775	0.719	0.592	0.581	
0.728	1.161	1.970	1.321	1.210	0.984	0.845	0.854	0.888	1.049	0.785	1.132	0.813	0.616	0.642	
1.705	2.016	1.043	0.831	0.525	0.863	1.061	1.011	1.589	0.874	0.752	0.784	0.637	0.617	0.691	
0.544	1.143	1.104	1.743	1.780	1.155	0.495	0.792	0.559	1.372	1.146	1.009	0.615	0.857	0.688	
1.144	1.157	1.479	1.330	1.390	1.459	0.966	0.891	0.975	0.682	0.629	0.612	0.983	0.667	0.637	
1.329	0.679	1.275	2.174	0.937	1.138	0.880	1.068	0.877	1.040	0.513	0.640	1.225	0.635	0.590	
1.194	1.044	1.174	1.172	1.181	1.479	1.267	0.976	0.853	1.115	0.798	0.704	0.739	0.639	0.664	
1.276	1.440	0.936	1.398	0.949	0.738	0.808	1.168	1.005	1.386	1.312	0.826	0.557	0.591	0.610	
0.937	0.853	0.939	1.194	1.668	1.643	1.106	1.403	0.736	0.733	0.758	0.663	0.904	0.851	0.612	
1.017	0.731	0.734	2.226	1.883	0.455	1.431	0.915	0.858	0.711	0.916	0.724	1.060	0.746	0.594	
1.868	1.012	1.141	1.374	1.056	1.152	0.624	1.398	0.912	0.776	0.757	0.764	0.935	0.674	0.556	
0.751	0.594	0.807	1.702	2.781	1.123	0.612	1.380	1.108	0.832	0.833	0.495	0.710	0.667	0.604	
0.677	1.022	0.726	1.864	1.335	1.004	1.200	1.583	1.030	0.875	0.756	0.723	0.659	0.880	0.666	
1.825	1.243	1.192	0.873	0.712	1.655	0.889	0.795	0.976	0.734	1.289	1.007	0.598	0.575	0.636	
1.133	0.839	1.240	1.645	1.523	1.806	0.681	0.931	0.805	0.838	1.118	0.464	0.921	0.669	0.388	
0.458	1.356	1.368	1.613	1.217	0.804	0.910	0.999	1.161	1.121	1.196	0.842	0.823	0.584	0.548	
0.571	0.748	0.871	2.099	1.273	1.167	0.963	1.259	1.737	0.688	0.927	0.567	0.575	0.886	0.670	
1.072	1.550	1.413	1.489	1.000	0.723	0.993	1.579	0.941	0.875	0.809	0.828	0.647	0.529	0.551	
1.133	1.131	0.688	2.171	0.864	1.243	1.308	0.652	0.887	1.072	0.716	0.776	0.619	1.146	0.594	
1.290	1.970	0.393	0.971	1.187	1.274	1.234	1.215	1.171	0.745	1.038	0.596	0.858	0.548	0.508	
0.690	1.064	0.768	1.677	1.168	1.563	0.997	1.677	1.092	0.762	1.250	0.621	0.540	0.659	0.472	
1.338	0.861	1.365	1.000	1.765	0.755	1.460	1.005	0.810	0.761	0.922	0.728	0.763	0.621	0.847	
1.107	0.605	1.402	0.990	0.808	1.447	1.312	1.797	0.951	1.439	0.706	0.552	0.733	0.604	0.547	
1.072	1.099	1.359	2.215	1.142	0.649	0.723	1.285	1.213	0.864	0.558	1.045	0.606	0.550	0.621	
1.320	1.134	1.423	1.222	1.661	0.788	1.327	0.933	0.746	1.180	0.886	0.832	0.508	0.592	0.447	
1.174	1.606	0.575	1.472	1.556	0.927	0.615	0.920	1.015	0.769	1.721	0.714	0.429	0.871	0.636	
0.808	0.913	1.384	1.215	1.537	1.263	1.048	1.056	0.950	0.937	1.003	0.800	0.864	0.619	0.603	
1.185	1.248	0.854	1.297	1.225	1.396	0.966	1.247	0.729	1.045	0.742	1.001	0.926	0.619	0.523	
0.684	1.372	0.484	1.632	1.717	1.080	0.965	1.271	0.906	0.866	0.834	0.491	1.670	0.466	0.561	
1.540	1.059	1.440	1.134	0.806	1.559	1.375	0.771	0.980	0.744	0.858	0.691	0.778	0.687	0.579	
1.137	1.571	1.251	1.870	0.663	1.260	0.927	0.520	0.952	1.051	0.820	0.628	0.797	0.827	0.726	
1.118	1.426	0.611	0.913	1.633	1.167	1.134	1.175	1.204	0.617	1.034	1.008	0.578	0.749	0.634	
0.667	1.360	1.000	1.500	1.145	1.776	1.242	1.020	0.432	0.707	0.691	0.969	0.963	0.932	0.595	
0.775	1.113	1.905	1.470	1.158	0.733	1.259	1.164	0.842	0.962	0.822	0.553	1.069	0.531	0.643	
0.738	1.106	1.319	1.315	1.016	1.423	1.080	0.931	0.958	1.471	0.876	0.836	0.658	0.721	0.552	
0.670	0.542	1.470	1.711	1.565	1.576	0.705	1.575	0.583	0.953	0.835	0.874	0.754	0.585	0.602	
1.030	1.915	1.320	0.937	0.839	0.703	0.977	1.558	0.657	1.073	1.252	0.700	0.879	0.510	0.651	
0.722	0.584	1.127	1.402	1.618	1.722	1.091	1.158	1.353	0.674	0.566	0.806	0.639	0.898	0.640	
0.975	0.663	1.168	2.122	1.415	1.139	1.377	0.876	0.568	0.655	0.888	0.886	0.592	1.102	0.575	
1.110	1.623	0.979	1.477	1.616	1.182	0.712	0.863	0.762	0.782	1.178	0.916	0.474	0.691	0.635	
0.739	0.841	1.266	1.193	0.907	1.511	1.193	1.336	1.592	0.626	1.042	1.034	0.500	0.617	0.603	
1.131	1.361	1.211	0.890	1.477	0.965	0.961	1.184	1.061	0.921	0.955	0.761	0.809	0.591	0.721	
0.477	1.387	1.440	1.460	0.906	1.087	1.013	2.025	0.700	0.471	0.651	0.847	0.801	1.096	0.638	
1.656	1.563	0.814	1.642	1.175	1.557	0.987	0.428	0.709	0.624	0.842	0.758	0.783	0.737	0.725	
1.581	0.776	0.799	0.779	1.851	1.460	0.899	0.745	1.270	1.167	0.829	0.653	0.993	0.603	0.594	
1.935	1.923	1.529	0.964	0.735	1.076	0.672	0.943	0.815	0.627	1.207	0.706	0.667	0.628	0.573	
1.111	1.928	1.216	0.857	0.880	1.443	1.406	0.884	0.667	0.677	0.875	0.964	0.907	0.590	0.595	
0.849	0.693	0.786	1.582	0.962	1.390	1.121	0.863	1.301	0.867	1.211	0.881	0.928	0.770	0.796	
0.840	1.280	0.462	2.544	0.872	1.394	1.998	0.459	0.804	1.133	0.631	0.511	0.628	0.797	0.648	
1.059	0.931	1.533	1.095	1.010	0.936	0.871	1.016	1.564	0.985	0.577	1.521	0.677	0.724	0.500	
1.818	0.781	1.136	1.697	0.897	1.106	1.144	0.842	1.298	0.705	0.590	0.757	0.798	0.755	0.676	
0.581	0.777	1.428	1.260	1.676	1.185	1.823	0.960	0.906	0.421	0.554	1.037	0.870	0.755	0.767	
1.399	1.008	1.181	1.358	1.271	0.898	1.126	0.874	0.505	1.060	1.178	1.109	0.811	0.588	0.636	
1.080	0.966	1.175	1.930	1.755	1.458	0.774	0.860	0.658	0.851	0.981	0.863	0.683	0.591	0.375	
1.654	0.905	1.539	0.817	1.763	0.909	0.563	1.210	1.046	0.884	0.758	0.601	0.842	0.811	0.698	
1.502	2.613	1.118	0.842	0.442	0.647	1.047	0.662	0.997	0.857	1.155	0.729	0.740	0.993	0.657	
1.568	0.784	0.527	2.029	0.673	0.917	1.018	1.300	1.435	0.471	1.142	0.580	0.936	1.022	0.601	
1.231	1.586	1.011	1.695	1.119	0.682	0.819	1.591	0.598	1.214	0.823	0.809	0.685	0.533	0.605	
0.490	1.075	1.357	1.405	1.248	1.016	1.482	1.397	0.641	0.688	1.277	0.752	1.024	0.603	0.543	
0.610	0.971	0.720	1.888	1.262	1.090	1.767	1.172	1.370	0.657	0.724	0.930	0.793	0.452	0.594	
0.800	0.965	1.419	1.440	1.617	0.924	1.062	0.847	0.919	0.940	0.779	1.013	0.867	0.762	0.647	
1.421	0.732	1.038	1.120	1.522	1.257	0.808	1.181	1.414	0.645	0.744	1.023	0.545	0.839	0.711	
1.368	0.933	1.241	1.554	0.656	1.206	0.932	0.915	1.194	0.795	0.964	1.145	0.519	0.853	0.725	
1.059	1.976	0.359	2.161	1.430	0.500	1.246	1.024	0.620	1.221	0.631	0.736	0.742	0.582	0.712	
0.488	1.153	0.726	2.166	1.304	1.352	1.895	1.114	0.618	0.370	0.971	0.439	0.705	1.100	0.597	
0.500	1.062	1.275	1.663	1.679	0.563	0.904	0.968	0.748	1.202	1.418	0.952	0.819	0.653	0.594	
1.232	1.453	1.052	0.964	0.826	1.367	1.288	1.011	1.493	0.723	0.821	0.571	0.738	0.841	0.621	
1.621	0.837	1.096	1.011	1.147	0.665	2.023	0.493	0.998	1.210	0.732	0.943	0.998	0.606	0.619	
0.963	0.786	0.741	2.150	1.457	1.901	0.527	0.983	1.145	0.922	0.932	0.490	0.590	0.815	0.599	
2.230	1.316	0.615	0.781	0.788	1.749	0.790	0.693	1.127	0.693	1.129	0.848	0.854	0.738	0.648	
1.398	1.608	0.586	1.185	1.303	1.335	1.420	0.895	0.716	0.922	0.745	0.869	0.608	0.858	0.552	
0.595	0.894	0.887	1.144	1.467	1.803	0.910	1.386	1.457	1.354	0.671	0.741	0.594	0.490	0.607	
0.876	1.175	1.336	0.954	1.235	1.585	0.937	0.845	1.142	1.008	0.793	1.044	0.659	0.740	0.671	
0.859	0.977	0.682	2.036	1.880	0.502	1.198	1.166	0.977	0.810	0.965	0.877	0.883	0.604	0.583	
0.380	0.855	1.363	1.838	1.247	1.132	1.581	1.209	1.112	0.457	0.945	0.719	0.622	0.911	0.628	
1.522	1.270	0.888	1.197	1.158	1.052	1.317	0.984	1.465	0.773	0.863	0.529	0.572	0.740	0.671	
1.048	1.215	0.831	2.397	1.209	1.201	0.856	0.645	0.698	1.038	1.109	0.580	0.690	0.862	0.622	
1.109	0.878	0.607	1.811	1.076	1.301	1.464	1.761	0.657	0.715	0.646	0.773	0.767	0.772	0.663	
1.216	0.993	0.942	1.674	1.109	1.283	1.020	0.875	0.809	0.966	1.319	0.863	0.723	0.569	0.640	
0.893	1.121	1.064	1.138	1.440	1.140	1.828	1.007	1.168	0.768	0.682	0.570	0.828	0.698	0.653	
1.854	0.827	1.340	1.429	1.069	1.002	1.192	0.862	0.759	0.951	0.869	0.563	0.857	0.849	0.576	
0.513	0.945	0.951	0.856	2.210	1.899	0.981	1.046	0.752	0.682	1.198	1.223	0.768	0.471	0.505	
1.182	1.625	1.100	1.219	0.646	1.370	1.327	0.663	0.746	1.351	0.733	0.733	0.775	0.816	0.715	
1.107	1.420	1.246	1.149	0.755	1.366	1.286	0.902	0.925	1.033	0.971	0.794	0.826	0.612	0.607	
1.646	1.719	0.954	0.807	1.634	0.631	1.048	1.244	0.786	0.777	0.789	1.042	0.435	0.762	0.725	
0.856	0.706	1.101	1.714	1.808	0.551	1.210	1.084	1.739	0.598	0.614	0.821	1.066	0.612	0.520	
1.353	0.700	0.999	1.480	1.660	0.963	0.918	1.295	0.902	1.194	0.855	0.747	0.765	0.562	0.606	
1.766	0.762	0.966	0.789	1.006	1.288	1.517	0.967	1.256	0.999	0.683	1.070	0.613	0.701	0.617	
1.981	0.958	1.371	1.665	0.763	0.959	0.897	0.940	0.593	0.968	1.037	0.832	0.772	0.589	0.676	
0.634	1.273	1.066	1.765	1.092	1.285	0.900	0.868	0.897	1.477	0.804	1.087	0.686	0.625	0.542	
1.167	1.244	1.504	1.058	1.302	1.257	0.686	0.856	1.136	1.207	0.725	0.768	0.683	0.647	0.759	
0.649	1.765	1.131	1.524	0.958	0.976	1.226	1.119	0.740	0.837	0.907	0.817	0.824	0.874	0.654	
1.294	1.309	1.187	1.582	0.906	1.118	0.646	1.783	0.871	1.022	0.558	0.533	0.881	0.696	0.615	
0.625	1.173	0.848	2.223	1.478	0.747	0.903	1.045	0.874	0.770	0.887	0.726	1.085	1.000	0.615	
1.524	2.268	0.984	1.107	1.125	0.654	1.419	0.675	0.683	1.012	0.648	0.670	0.734	0.928	0.569	
0.919	1.569	1.221	1.089	1.265	1.443	1.642	0.824	0.583	0.633	0.866	0.752	0.641	0.885	0.669	
1.451	1.218	1.121	1.206	2.033	0.733	0.609	0.965	0.624	0.898	0.854	0.980	0.754	0.908	0.645	
1.234	1.655	1.611	1.301	0.967	0.753	0.660	1.495	0.650	0.669	0.917	0.826	0.645	0.913	0.704	
1.076	0.825	1.206	1.661	1.274	1.658	0.775	0.552	0.558	1.440	0.906	0.983	0.645	0.819	0.622	
0.358	1.121	0.438	2.821	1.047	1.525	0.722	0.954	0.435	1.284	1.156	1.108	0.460	1.052	0.520	
0.916	0.950	1.470	1.957	1.372	0.941	0.934	0.965	0.798	0.850	1.114	0.677	0.548	0.814	0.694	
0.839	1.205	2.056	1.017	0.760	0.902	1.491	1.241	0.851	1.308	0.686	0.887	0.586	0.536	0.635	
1.255	0.955	1.147	1.133	1.023	0.838	1.079	0.956	1.175	1.144	1.037	0.979	0.792	0.793	0.694	
1.689	0.875	1.576	0.840	1.383	1.120	0.667	0.742	0.703	1.034	0.792	0.899	1.122	0.921	0.637	
1.029	1.083	0.867	1.218	1.482	1.712	1.205	1.196	0.805	1.038	0.843	0.787	0.651	0.508	0.577	
1.488	1.281	0.864	1.044	1.820	0.909	0.714	0.829	0.711	1.413	0.829	1.001	0.803	0.663	0.633	
1.014	1.751	1.251	0.961	1.113	1.226	0.549	0.705	1.267	1.257	0.757	0.662	0.710	1.155	0.619	
1.239	0.405	2.461	0.728	1.063	1.946	1.160	0.695	0.762	1.011	0.701	0.738	0.808	0.542	0.743	
0.972	1.581	0.976	1.035	1.235	1.258	0.871	1.320	0.715	0.640	1.293	0.838	0.761	0.760	0.746	
0.735	1.738	0.760	0.987	1.898	1.264	0.990	0.943	0.530	1.368	0.976	0.971	0.710	0.614	0.517	
1.164	1.282	1.132	1.188	1.885	0.629	1.573	0.882	0.674	0.718	0.969	0.891	0.516	0.860	0.637	
0.695	1.454	0.693	1.381	1.826	0.994	0.834	1.332	1.653	0.961	0.814	0.772	0.625	0.455	0.510	
0.707	1.905	0.647	2.089	0.859	0.754	1.125	0.605	1.328	0.757	0.900	1.011	0.781	0.875	0.657	
1.700	0.972	1.281	2.060	0.648	0.928	1.067	0.647	0.693	1.091	1.159	0.658	0.750	0.746	0.600	
0.747	0.547	1.916	0.660	1.133	0.979	1.419	1.378	1.094	0.773	1.123	0.737	0.999	0.825	0.670	
0.443	0.929	1.170	1.274	1.388	1.771	1.482	1.328	1.296	0.612	0.979	0.778	0.472	0.451	0.625	
0.408	0.856	1.586	1.916	1.310	1.299	0.885	0.611	1.720	0.698	1.120	0.508	0.926	0.582	0.574	
0.761	0.540	1.575	2.009	1.153	1.186	1.260	1.085	0.797	1.028	0.735	0.562	0.634	1.026	0.651	
1.078	0.917	0.996	1.348	1.503	1.507	0.692	1.241	0.838	1.102	0.714	0.742	0.770	0.917	0.635	
1.228	1.272	0.983	1.061	1.060	1.592	1.093	0.685	1.136	1.034	0.659	0.870	0.804	0.862	0.662	
1.097	1.054	1.097	1.798	0.988	1.471	1.050	0.993	0.659	1.158	0.982	0.742	0.623	0.673	0.615	
1.201	0.851	1.365	0.869	1.441	1.105	1.023	1.116	0.855	1.143	0.812	0.862	0.814	0.843	0.700	
1.582	0.917	0.849	1.368	1.907	1.318	1.120	0.939	0.736	0.757	0.811	0.897	0.745	0.419	0.635	
0.388	1.015	1.570	1.975	1.318	1.513	0.801	1.013	0.485	0.946	1.259	0.769	0.817	0.510	0.619	
1.013	1.442	0.678	0.936	2.271	1.554	0.884	0.928	1.187	0.716	0.744	0.825	0.636	0.562	0.625	
0.797	1.266	2.533	0.823	0.823	0.821	0.464	1.084	1.436	0.837	0.997	0.958	0.781	0.737	0.643	
1.382	0.619	1.392	1.225	1.317	2.215	0.542	1.309	0.979	0.339	0.564	0.610	1.018	0.868	0.622	
1.139	1.222	1.039	1.566	0.890	0.923	0.828	1.255	1.555	0.728	0.657	0.836	0.828	0.810	0.724	
0.501	0.654	0.985	2.395	1.076	1.196	1.631	1.288	0.958	0.577	0.963	0.689	0.956	0.488	0.644	
0.920	0.909	2.102	0.996	0.785	0.908	1.288	1.610	0.920	0.724	0.825	0.808	0.915	0.620	0.671	
0.839	0.863	1.559	1.332	0.999	0.775	1.084	1.717	1.301	0.588	0.662	1.167	0.994	0.548	0.574	
0.961	1.498	1.118	1.158	1.229	1.565	0.863	1.209	0.665	0.734	0.831	0.625	0.897	0.953	0.693	
0.684	0.864	1.876	2.850	1.002	0.802	0.639	0.850	1.025	0.898	1.088	0.551	0.593	0.650	0.629	
0.862	1.067	0.596	1.634	1.733	1.943	1.020	0.924	0.375	0.936	1.006	0.920	0.706	0.647	0.631	
1.125	1.273	1.917	1.275	1.159	1.069	0.689	0.910	1.638	0.818	0.619	0.783	0.658	0.505	0.563	
1.836	0.722	0.923	1.627	0.934	1.127	1.672	0.687	0.946	0.547	1.008	1.012	0.605	0.685	0.668	
0.381	0.729	1.451	1.722	1.763	0.965	0.753	0.864	1.320	1.229	0.474	1.110	0.952	0.550	0.735	
0.932	0.951	0.946	0.855	1.168	1.672	1.944	0.753	1.454	0.773	0.884	0.833	0.573	0.665	0.596	
1.177	0.811	1.497	1.387	1.035	1.497	0.807	1.323	1.062	0.679	0.767	0.647	0.815	0.882	0.614	
0.885	1.531	0.932	1.506	1.666	1.390	0.863	0.742	0.716	0.755	1.774	0.462	0.850	0.418	0.509	
0.967	0.576	1.738	1.645	2.495	1.153	0.840	0.586	0.698	0.819	1.091	0.821	0.579	0.511	0.482	
0.967	1.368	1.016	2.422	0.745	1.395	0.715	1.081	0.781	0.816	0.852	0.518	0.827	0.829	0.667	
1.372	1.487	0.753	0.877	1.344	2.538	1.000	0.868	0.886	0.621	0.452	0.813	0.658	0.604	0.726	
1.783	0.551	1.172	0.977	1.333	1.464	1.331	0.677	0.925	0.595	0.873	0.875	0.977	0.713	0.755	
1.413	1.515	1.040	1.175	0.747	1.121	1.069	1.152	1.000	1.082	0.772	0.594	0.861	0.763	0.697	
0.716	1.112	2.044	0.949	0.816	2.053	1.083	1.057	1.013	1.277	0.480	0.461	0.716	0.598	0.626	
1.685	0.976	1.214	1.409	0.914	1.106	0.788	0.990	1.245	0.862	1.181	0.662	0.496	0.813	0.658	
0.692	1.187	1.036	0.968	1.317	1.410	1.400	1.389	1.046	1.059	0.903	0.776	0.580	0.639	0.600	
2.176	0.913	1.397	1.178	1.327	1.276	0.709	0.650	0.872	0.776	0.816	0.677	0.753	0.898	0.582	
1.626	0.843	1.571	1.637	1.497	0.958	0.878	0.978	0.900	0.760	1.012	0.593	0.631	0.543	0.574	
1.360	1.004	0.885	1.470	1.384	0.746	1.852	1.225	0.865	0.828	0.637	0.841	0.659	0.586	0.658	
1.246	0.868	1.866	1.551	1.398	1.115	1.637	0.699	0.503	0.734	0.887	0.547	0.799	0.650	0.499	
1.057	1.317	0.945	1.000	1.320	2.158	1.079	0.491	1.022	0.990	0.852	0.662	0.638	0.871	0.598	
1.008	0.688	0.801	1.407	2.893	1.216	1.177	0.944	1.055	0.856	0.750	0.759	0.650	0.253	0.542	
1.580	1.311	1.279	0.907	1.055	1.263	1.364	0.981	0.758	0.726	0.804	0.809	1.039	0.515	0.609	
1.376	0.822	0.707	1.053	1.510	1.167	1.534	1.275	0.667	0.747	0.813	1.055	1.088	0.509	0.677	
1.616	0.896	1.260	2.307	0.749	1.382	0.796	0.719	0.997	1.019	0.806	0.733	0.475	0.634	0.609	
0.473	0.393	1.536	2.074	0.866	1.457	1.707	1.201	0.850	0.874	0.862	0.692	0.657	0.768	0.590	
1.412	0.787	0.811	1.804	1.044	1.044	1.588	0.812	1.127	0.920	0.811	0.627	1.152	0.530	0.531	
0.965	0.648	0.342	2.104	1.729	0.857	0.933	0.925	0.955	0.969	1.615	0.710	0.499	1.178	0.570	
1.007	0.935	0.461	1.393	1.998	1.143	1.019	0.856	0.673	1.808	0.580	0.649	0.872	0.607	1.000	
0.633	0.666	1.869	1.088	2.889	0.745	1.075	0.677	0.752	0.710	0.894	0.920	0.756	0.690	0.635	
0.646	0.908	1.450	1.133	1.568	1.377	1.063	1.281	1.301	0.735	0.547	0.928	0.684	0.728	0.650	
0.464	0.735	1.749	1.612	1.619	1.100	0.956	1.061	1.003	0.682	0.782	0.569	1.017	0.613	1.036	
1.002	1.631	1.236	1.513	1.522	1.512	0.646	0.676	0.600	0.841	1.000	0.831	0.800	0.604	0.587	
1.585	1.170	1.720	0.901	1.280	0.883	0.664	0.940	0.901	0.706	1.120	0.707	0.878	0.886	0.660	
0.741	0.772	0.327	2.233	2.522	0.936	0.653	1.095	0.882	0.822	0.739	0.951	0.594	0.810	0.922	
1.177	1.325	0.922	1.812	1.663	0.831	0.532	0.960	0.796	1.015	1.044	0.860	0.856	0.580	0.629	
0.908	1.364	1.798	1.426	0.584	1.152	1.079	0.862	1.168	1.038	1.103	0.609	0.647	0.623	0.640	
1.084	0.947	1.445	0.841	1.430	0.920	1.122	1.424	0.804	0.878	0.790	0.924	0.870	0.904	0.617	
1.335	0.801	0.961	1.756	1.257	1.374	1.631	0.732	0.788	0.616	0.765	0.806	0.979	0.660	0.539	
0.670	0.828	1.331	1.551	0.975	2.129	1.308	0.775	0.769	0.784	1.596	0.634	0.330	0.655	0.667	
0.812	1.114	1.341	2.194	1.062	0.918	0.941	1.073	1.070	1.085	0.728	0.633	0.854	0.531	0.644	
1.533	0.975	1.292	1.306	0.845	1.349	1.441	1.005	1.077	0.690	0.841	0.560	0.871	0.618	0.598	
1.123	0.965	0.864	1.701	1.137	0.894	1.411	1.583	0.881	1.250	0.619	0.557	0.858	0.627	0.529	
1.209	1.123	0.665	0.896	1.968	1.361	0.837	0.969	1.608	0.878	0.717	0.667	0.743	0.771	0.586	
2.030	1.435	1.364	0.996	1.684	1.049	0.637	0.738	0.639	0.977	0.831	0.518	0.905	0.601	0.596	
0.840	0.654	2.353	1.314	1.303	1.439	0.522	0.806	1.552	0.509	0.806	0.727	0.609	0.938	0.626	
1.875	1.614	0.581	0.863	1.182	1.337	1.446	0.980	0.927	0.844	0.580	0.884	0.483	0.785	0.618	
0.813	1.671	0.577	1.605	0.817	1.122	0.874	1.335	1.056	1.061	0.876	0.709	0.951	0.861	0.673	
1.472	0.838	1.669	1.674	1.504	0.835	1.052	0.876	0.813	0.689	0.731	0.686	0.962	0.543	0.655	
2.251	0.917	1.271	1.438	0.878	0.946	1.360	0.727	0.856	0.698	1.159	0.777	0.603	0.563	0.555	
0.972	1.428	1.835	0.717	1.055	1.325	1.327	0.722	1.408	0.776	0.688	0.634	0.635	0.943	0.535	
1.353	0.823	1.027	1.648	1.208	1.315	1.550	0.733	1.258	0.809	0.638	0.593	0.678	0.764	0.602	
1.488	0.557	0.695	1.216	1.175	1.715	0.827	1.095	0.983	0.861	1.119	0.675	1.379	0.633	0.583	
1.564	0.968	1.123	1.393	0.965	1.093	1.160	0.921	0.921	1.432	0.769	0.735	0.702	0.608	0.646	
0.661	0.551	1.123	1.897	1.661	1.780	1.203	0.492	0.920	0.680	0.970	0.890	0.871	0.543	0.757	
1.027	1.308	0.946	1.553	1.055	0.884	1.054	1.574	0.718	0.781	1.110	0.879	0.561	0.966	0.583	
0.863	0.542	0.496	3.492	0.742	1.233	1.206	1.466	0.614	0.734	0.678	0.915	0.539	0.856	0.625	
1.240	1.074	0.949	1.277	1.430	0.684	1.305	1.066	0.931	0.983	1.244	0.574	0.859	0.770	0.614	
1.005	0.310	1.336	1.891	1.001	1.995	1.052	0.704	0.534	1.581	0.794	0.844	0.584	0.681	0.687	
1.509	1.411	0.607	1.640	1.721	0.625	0.970	0.819	0.768	1.611	0.706	0.427	0.932	0.614	0.640	
0.996	1.027	0.702	2.637	1.066	1.496	1.022	0.515	0.997	0.842	1.028	0.653	0.625	0.771	0.621	
1.226	1.428	1.272	1.393	0.732	0.921	0.928	1.426	0.843	1.639	0.583	0.742	0.789	0.446	0.632	
1.275	0.571	1.350	1.507	1.874	0.932	0.765	0.676	0.840	1.091	0.956	1.058	0.815	0.584	0.707	
1.244	1.228	0.444	1.582	1.419	1.246	1.078	1.117	1.130	1.068	0.628	0.831	0.850	0.573	0.562	
0.651	1.218	1.112	1.606	1.406	1.260	0.896	1.216	0.838	1.003	0.831	0.798	0.755	0.715	0.696	
1.124	0.952	1.686	0.912	1.341	1.746	0.694	1.203	0.530	0.795	0.877	0.886	0.665	0.919	0.670	
0.612	1.221	1.964	0.947	1.440	0.694	1.623	0.671	0.795	0.495	1.209	0.993	0.768	1.003	0.563	
0.718	1.285	1.306	1.021	2.071	0.898	0.853	0.745	1.306	0.923	0.747	0.939	0.807	0.691	0.692	
1.196	2.274	0.907	0.883	0.681	1.268	0.909	1.259	0.703	1.163	0.909	1.122	0.447	0.637	0.642	
0.921	0.671	1.346	2.287	0.886	0.662	1.089	0.881	1.140	0.920	1.163	0.567	0.871	0.817	0.778	
1.168	1.133	0.791	1.589	1.459	1.286	0.824	0.882	0.881	1.335	1.167	0.601	0.725	0.643	0.517	
0.720	0.852	1.421	1.455	1.218	1.014	1.447	0.856	0.813	1.281	0.762	0.716	0.840	0.908	0.697	
1.287	0.803	1.692	1.238	1.205	0.762	1.241	0.993	1.008	0.974	0.675	0.943	0.833	0.661	0.686	
0.822	0.808	1.175	1.556	1.839	1.928	0.566	1.023	0.674	0.740	0.885	0.861	0.863	0.649	0.612	
0.397	1.975	1.307	0.666	0.749	1.743	0.992	0.984	0.864	1.098	1.099	1.081	0.846	0.557	0.643	
1.536	1.501	0.684	0.637	0.802	1.139	1.026	0.980	1.155	0.844	1.449	0.862	0.877	0.798	0.711	
0.753	0.832	0.754	1.660	1.584	1.739	1.005	0.885	1.615	0.857	0.579	0.644	0.575	0.845	0.674	
0.648	1.369	1.684	1.448	1.079	1.052	0.958	0.985	0.975	1.075	0.870	0.778	0.634	0.907	0.538	
0.971	1.521	1.203	1.214	1.050	1.278	1.283	1.235	0.697	1.047	0.701	1.080	0.560	0.533	0.627	
0.779	1.055	1.043	1.353	2.314	1.149	0.915	0.701	1.167	1.034	1.022	0.799	0.487	0.580	0.601	
0.476	1.836	0.977	2.325	1.251	0.608	1.539	0.733	0.961	0.609	0.608	0.996	0.844	0.551	0.683	
1.077	0.863	1.223	1.349	2.152	1.641	0.854	1.117	0.392	0.876	0.769	0.773	0.710	0.591	0.614	
2.306	0.939	0.580	1.165	0.710	0.701	0.860	0.601	1.140	1.370	1.132	0.797	1.104	1.004	0.591	
1.702	1.370	1.078	1.137	1.307	1.386	1.198	0.505	0.679	0.859	0.759	1.095	0.645	0.666	0.613	
1.380	1.493	1.150	1.278	0.980	0.845	1.077	0.955	0.698	1.297	0.757	1.042	0.640	0.790	0.618	
1.383	1.038	1.352	1.187	1.122	1.067	0.978	1.326	0.826	1.329	0.865	0.726	0.594	0.623	0.583	
0.857	0.774	1.079	1.494	1.233	1.428	1.290	0.814	1.541	1.010	0.764	0.825	0.679	0.602	0.613	
0.751	1.385	0.844	2.548	0.477	1.411	0.767	0.581	1.085	1.132	1.317	0.774	0.752	0.616	0.560	
1.628	0.429	0.760	1.611	0.947	0.894	1.231	1.082	1.419	0.854	0.952	0.816	0.859	0.806	0.713	
1.094	1.022	0.469	1.602	1.635	0.732	1.104	0.868	1.191	1.217	0.926	0.960	0.575	0.904	0.700	
1.243	1.197	0.972	1.006	1.371	1.233	0.686	1.200	1.961	0.721	0.703	0.980	0.527	0.722	0.479	
1.224	0.885	1.082	1.273	1.222	1.348	0.832	0.628	1.493	0.715	1.003	0.937	0.768	0.917	0.675	
2.016	0.764	1.007	0.881	1.463	0.681	1.267	1.320	1.346	0.794	0.833	0.686	0.883	0.508	0.551	
0.762	0.996	1.141	1.215	1.744	1.343	1.362	0.444	0.855	0.862	1.160	1.006	0.574	0.848	0.686	
0.667	1.630	0.986	1.883	0.724	1.756	1.161	0.708	1.255	0.799	0.660	0.798	0.666	0.716	0.593	
1.168	1.074	0.981	2.583	0.665	0.803	1.175	0.611	0.942	1.028	0.851	0.885	0.977	0.675	0.583	
1.109	1.009	0.818	2.088	1.484	1.613	0.784	0.608	0.994	0.709	0.812	0.733	0.687	0.834	0.719	
1.506	0.535	0.993	1.504	1.837	0.794	0.688	1.506	0.538	1.181	1.208	0.826	0.633	0.583	0.668	
1.095	0.928	1.664	0.999	0.866	1.102	1.637	1.406	0.686	0.906	1.047	0.677	0.845	0.559	0.584	
0.575	0.948	1.534	1.706	1.024	2.205	0.773	1.122	0.922	0.823	0.800	0.793	0.683	0.576	0.517	
1.042	1.130	0.719	1.778	1.461	1.028	0.858	1.365	0.969	1.124	0.807	0.691	0.666	0.722	0.640	
1.601	1.065	0.837	0.992	1.327	0.917	0.828	1.283	1.183	1.114	0.747	0.767	0.752	0.943	0.645	
0.844	1.153	1.165	1.206	1.208	1.715	1.658	0.665	1.075	0.721	0.906	0.651	0.916	0.536	0.579	
0.716	1.324	1.816	2.228	0.639	1.156	1.148	0.932	0.838	0.594	0.757	0.744	0.885	0.654	0.570	
1.065	1.328	1.301	1.357	1.232	0.802	0.998	1.199	1.066	1.006	0.823	0.549	0.729	0.826	0.719	
1.071	1.759	1.730	1.604	0.971	1.345	0.570	0.736	0.749	0.706	0.804	0.948	0.782	0.650	0.576	
2.019	1.590	1.000	0.954	0.879	0.683	0.800	0.929	1.226	0.856	1.122	0.856	0.575	0.933	0.578	
1.957	0.853	1.165	0.687	0.606	1.172	1.212	1.608	0.970	0.940	0.798	0.741	0.799	0.841	0.651	
0.829	1.140	1.166	1.019	1.657	1.449	1.320	0.610	0.839	0.794	0.994	0.809	0.909	0.843	0.621	
1.617	0.538	1.280	1.170	1.195	0.885	1.708	1.147	1.186	0.752	0.599	0.680	0.694	0.930	0.619	
1.068	0.599	1.971	0.853	1.481	0.839	1.213	1.558	1.156	0.629	0.553	0.832	0.669	0.915	0.665	
0.879	1.282	1.368	1.530	1.033	1.174	1.499	1.348	0.932	0.686	0.734	0.720	0.616	0.595	0.603	
1.183	0.803	0.864	1.946	1.086	1.263	1.274	0.777	0.679	0.979	1.262	0.676	0.719	0.719	0.769	
0.987	0.831	0.983	1.547	0.899	1.796	1.271	0.493	1.224	0.957	0.996	0.842	0.899	0.624	0.650	
0.538	1.502	0.749	1.792	1.569	0.728	1.299	0.836	0.707	1.162	0.817	1.028	0.787	0.881	0.605	
0.863	0.770	1.824	1.624	0.784	1.105	1.425	0.890	0.939	0.880	0.460	1.042	0.795	0.894	0.703	
0.909	0.858	1.396	1.989	0.903	1.355	0.900	1.039	0.963	0.576	1.004	1.084	0.537	0.852	0.634	
0.740	0.672	0.731	1.610	1.457	1.800	1.215	1.403	0.998	0.895	0.722	0.642	0.931	0.621	0.563	
0.887	1.589	1.086	1.427	1.097	1.492	0.859	0.616	0.914	1.232	0.786	1.097	0.717	0.546	0.654	
1.626	1.771	1.085	0.876	1.225	0.981	0.663	1.009	0.951	0.909	0.866	0.779	0.842	0.704	0.712	
1.121	1.061	0.962	1.130	1.074	2.044	0.687	0.945	0.921	1.151	0.826	0.897	0.690	0.858	0.632	
1.446	0.195	0.991	0.822	2.289	1.621	0.985	1.132	0.855	0.800	0.715	0.935	0.644	0.929	0.641	
0.644	1.850	1.197	1.212	1.237	0.859	1.039	0.990	1.294	0.736	0.870	0.958	0.856	0.658	0.599	
1.599	0.851	1.236	1.052	1.183	0.987	1.364	1.005	0.831	1.229	0.857	0.488	0.698	1.013	0.606	
2.255	0.847	1.099	0.895	0.812	0.964	1.335	0.518	1.013	1.025	0.954	0.552	0.986	0.981	0.764	
2.112	0.476	0.905	1.228	1.019	0.979	1.206	0.629	1.479	0.929	0.867	1.177	0.476	0.831	0.687	
0.981	1.254	1.145	2.078	0.367	1.470	0.842	1.066	0.778	1.278	0.805	0.723	0.953	0.659	0.601	
0.544	0.862	1.372	1.639	1.368	1.121	1.847	1.158	0.659	1.121	0.568	0.610	0.654	0.834	0.643	
1.063	0.883	2.375	0.716	1.980	0.627	0.859	1.250	0.647	1.038	0.725	0.787	0.833	0.547	0.670	
1.356	0.703	0.575	1.753	1.656	1.152	1.385	0.869	0.655	1.006	0.885	0.590	0.718	0.957	0.742	
0.956	1.087	1.116	1.045	1.872	1.587	0.912	1.469	1.062	0.786	0.716	0.558	0.714	0.621	0.500	
1.523	1.324	1.308	1.611	1.132	1.370	0.571	0.993	0.739	0.760	0.776	0.856	0.875	0.566	0.594	
0.521	2.193	1.185	1.537	1.432	0.948	0.816	0.622	0.645	1.185	1.256	0.869	0.698	0.558	0.533	
1.031	1.349	0.897	1.714	1.129	1.591	0.525	1.172	0.813	1.030	0.824	0.616	0.711	0.918	0.678	
0.623	1.146	0.889	2.209	0.681	1.389	1.147	1.140	0.990	0.751	0.736	1.379	0.686	0.589	0.644	
0.965	1.420	0.403	1.184	1.046	1.530	0.840	1.740	1.203	1.143	0.866	0.520	0.860	0.598	0.680	
1.050	1.124	1.150	1.251	1.225	1.073	0.859	0.858	1.199	0.856	1.139	0.885	0.798	0.804	0.727	
1.496	1.790	2.017	1.134	0.826	0.782	1.101	0.543	1.026	0.490	0.901	0.752	0.757	0.870	0.515	
2.119	0.938	0.884	0.614	0.987	1.699	0.962	0.748	0.886	0.965	0.991	0.769	0.649	1.122	0.667	
0.814	0.780	2.106	0.987	1.834	0.661	1.109	0.890	0.995	1.458	0.698	0.701	0.761	0.718	0.487	
2.022	1.031	0.428	1.217	1.486	1.173	0.826	1.107	0.794	1.197	0.668	0.853	0.819	0.675	0.706	
0.874	1.208	1.296	1.136	1.645	0.870	0.984	0.886	1.362	0.619	0.887	0.912	1.005	0.737	0.578	
1.422	1.546	0.864	0.974	1.281	1.552	1.481	0.784	1.029	0.664	0.764	0.675	0.774	0.481	0.709	
1.106	1.249	1.791	0.732	1.215	1.013	0.917	0.740	0.687	1.340	0.913	0.801	0.864	0.951	0.682	
0.863	0.916	1.408	1.460	1.753	1.370	1.149	1.127	0.977	0.544	0.907	0.508	0.752	0.566	0.699	
0.700	0.888	0.727	1.596	1.862	0.882	0.727	1.797	0.940	0.780	1.225	0.851	0.824	0.654	0.548	
0.996	1.029	1.238	1.463	1.886	0.952	0.810	1.338	0.743	0.873	0.632	1.004	0.716	0.567	0.752	
1.896	0.675	1.059	0.816	1.718	0.858	0.851	1.278	0.803	1.382	0.757	0.837	0.549	0.838	0.684	
0.545	1.303	0.676	1.883	1.562	1.635	1.070	0.636	0.694	0.860	1.414	0.513	0.842	0.828	0.537	
1.404	1.375	1.262	0.952	1.162	0.812	1.373	1.202	0.650	0.929	0.757	0.712	0.825	0.897	0.688	
0.867	1.317	1.303	0.885	1.538	1.372	1.177	0.855	0.998	0.754	0.968	0.767	0.693	0.800	0.706	
0.492	1.176	0.937	2.027	1.905	0.827	1.489	0.724	0.857	0.908	0.852	0.843	0.797	0.550	0.618	
1.018	1.183	0.206	1.701	1.951	0.476	1.806	0.708	1.298	1.030	1.018	0.793	0.441	0.759	0.613	
1.482	1.336	1.320	0.947	1.101	1.067	0.976	0.964	1.071	0.882	0.873	0.717	0.799	0.808	0.657	
1.122	1.575	0.733	1.696	1.365	1.022	0.896	1.035	1.310	0.680	0.881	0.593	0.665	0.746	0.681	
1.020	0.693	1.292	0.831	1.475	0.833	1.675	1.144	1.732	0.774	1.130	0.682	0.444	0.609	0.666	
1.274	0.787	0.549	2.465	1.047	1.135	1.301	0.999	1.077	0.608	0.890	0.587	1.199	0.436	0.646	
1.663	0.323	1.520	0.877	1.442	1.018	1.433	1.332	1.239	0.623	0.923	0.792	0.627	0.580	0.608	
1.517	0.736	1.686	0.828	1.341	0.592	1.260	1.342	0.972	1.068	0.468	0.673	0.928	0.925	0.666	
1.298	1.693	0.883	1.016	0.902	1.029	1.496	1.569	0.837	0.723	0.713	0.796	0.776	0.649	0.620	
0.994	0.869	1.004	1.995	1.135	1.017	1.268	1.257	0.633	1.028	0.637	0.790	0.790	0.837	0.744	
1.013	0.932	1.079	2.232	1.303	0.647	1.216	0.889	0.738	1.178	0.890	0.753	0.910	0.610	0.611	
0.941	0.596	2.042	1.493	0.640	0.800	1.283	1.368	1.178	0.741	0.667	0.863	1.176	0.586	0.625	
1.044	1.051	2.088	1.801	1.024	0.654	1.249	1.053	0.497	0.963	0.766	0.828	0.713	0.632	0.636	
1.685	0.992	1.063	0.968	1.950	1.088	1.064	0.753	0.611	0.683	0.491	1.276	1.263	0.580	0.533	
0.564	0.892	1.013	1.595	1.218	1.617	1.697	1.173	0.819	0.636	0.843	0.693	0.953	0.708	0.580	
1.185	0.762	0.625	1.280	1.998	1.037	1.064	1.359	1.147	0.833	1.158	0.641	0.720	0.547	0.644	
0.600	2.091	1.274	0.900	0.884	1.049	1.478	1.256	0.902	1.241	0.497	0.837	0.827	0.564	0.600	
0.796	1.067	0.592	1.021	1.369	2.027	1.602	0.576	1.088	0.801	1.300	1.074	0.607	0.579	0.502	
0.998	1.465	0.562	1.548	1.351	0.928	0.835	1.008	0.731	0.977	1.069	1.402	0.736	0.881	0.511	
1.285	0.956	1.478	1.916	0.908	0.841	0.915	1.043	0.855	0.921	1.115	0.615	1.005	0.614	0.533	
0.684	0.563	2.136	0.750	0.882	1.644	0.807	1.206	1.516	0.674	1.039	0.935	1.026	0.537	0.601	
1.641	0.696	0.625	1.466	0.962	1.399	1.009	0.705	1.155	0.889	1.182	0.943	0.854	0.822	0.653	
1.514	1.176	1.671	1.396	0.881	1.237	0.814	0.646	0.998	0.886	1.305	0.573	0.534	0.770	0.600	
0.748	0.942	0.611	1.906	1.533	1.148	1.023	1.146	0.934	0.725	1.073	0.823	0.837	0.651	0.898	
0.852	0.768	0.826	2.061	1.942	1.238	1.649	0.801	0.683	0.589	0.596	0.598	0.837	0.906	0.653	
1.359	1.191	1.273	1.026	1.483	1.225	0.687	1.054	0.843	0.810	0.756	0.927	1.085	0.644	0.637	
1.091	0.998	0.863	1.608	1.680	1.093	0.886	0.921	0.526	0.902	1.094	0.813	1.196	0.697	0.632	
0.711	0.601	1.140	1.211	1.806	1.697	0.654	0.752	1.538	0.580	1.332	0.927	0.479	0.899	0.674	
1.118	1.480	1.372	0.819	1.299	1.085	1.493	0.927	1.183	0.667	0.674	0.782	0.662	0.844	0.593	
1.943	0.669	0.526	1.570	1.554	1.006	1.613	0.795	0.890	0.781	0.533	0.810	0.657	1.064	0.588	
1.826	1.184	1.762	0.983	0.911	0.874	0.659	1.042	1.398	0.696	0.884	0.499	0.839	0.777	0.665	
1.823	1.205	0.844	0.870	1.236	0.939	1.898	1.021	0.673	0.917	0.667	0.708	0.781	0.788	0.632	
0.534	0.916	1.073	2.241	1.398	1.206	0.753	1.333	0.795	1.268	0.704	0.826	0.807	0.554	0.591	
1.158	1.001	0.373	1.369	2.469	0.823	1.215	1.091	0.823	1.195	0.693	0.884	0.701	0.576	0.628	
1.078	0.694	0.935	1.671	1.019	0.920	1.089	1.418	0.948	0.927	1.093	0.711	1.294	0.602	0.602	
1.197	0.783	1.747	0.942	0.770	0.867	1.247	1.060	1.028	1.221	1.337	0.734	0.771	0.532	0.764	
1.156	0.578	0.832	1.508	1.487	1.859	0.740	1.169	0.697	0.905	0.773	1.133	0.848	0.642	0.672	
1.547	0.597	0.684	1.618	1.856	0.959	0.982	1.720	0.556	1.214	0.628	0.988	0.455	0.648	0.549	
1.821	1.208	0.689	1.241	1.028	1.220	0.576	0.926	1.180	1.646	0.500	0.742	0.887	0.729	0.607	
1.091	1.382	0.978	1.581	0.711	2.335	0.771	0.903	0.891	0.942	0.779	0.751	0.910	0.653	0.321	
1.149	0.801	2.104	0.924	0.641	1.397	1.132	0.835	1.115	1.158	0.845	0.497	0.977	0.762	0.663	
1.259	0.672	1.670	1.677	1.727	0.831	0.622	1.003	0.896	0.733	0.760	0.844	1.182	0.568	0.556	
0.640	0.970	1.556	1.620	0.703	1.241	1.661	0.876	0.784	1.330	0.686	0.837	0.873	0.602	0.622	
1.006	0.801	2.118	1.782	0.840	1.123	0.612	1.022	1.046	0.702	1.024	0.659	0.722	0.998	0.547	
0.801	0.252	1.792	2.044	1.142	0.577	2.464	0.757	0.948	0.611	0.962	0.838	0.716	0.614	0.482	
0.907	1.410	1.728	2.132	0.857	0.679	1.015	1.003	0.679	1.077	0.830	0.656	0.551	0.839	0.636	
2.739	1.403	0.837	0.680	0.738	0.590	0.697	1.186	0.911	1.195	0.940	0.808	0.783	0.861	0.632	
1.192	0.984	0.770	1.629	1.557	0.943	1.335	1.118	0.963	0.800	0.743	0.920	0.815	0.697	0.535	
1.172	1.294	0.937	1.603	1.346	1.843	0.920	1.124	1.001	0.629	0.547	0.787	0.473	0.732	0.594	
1.623	0.665	1.420	1.358	1.424	0.582	0.876	0.846	0.652	1.082	1.204	0.917	0.775	0.879	0.696	
2.520	1.007	0.732	1.524	0.799	1.122	1.218	0.939	0.384	0.878	0.982	0.669	0.918	0.640	0.667	
0.769	1.281	0.728	1.486	1.512	1.387	1.364	1.328	0.899	0.696	0.721	1.004	0.540	0.549	0.738	
1.072	0.685	1.444	1.492	2.201	0.635	0.524	1.365	1.113	1.358	0.466	0.478	0.625	0.871	0.672	
0.639	0.845	0.969	2.869	1.734	1.212	0.665	0.896	0.820	0.717	0.770	1.155	0.613	0.674	0.423	
0.985	2.063	1.211	0.975	1.389	0.870	1.086	0.899	0.873	0.468	0.578	1.136	0.830	0.929	0.709	
1.041	0.935	1.093	1.298	1.337	1.431	0.940	1.814	0.954	0.757	0.688	0.585	0.740	0.697	0.691	
0.372	1.191	1.241	1.168	0.911	0.864	1.155	1.458	1.248	1.097	1.347	0.687	0.796	0.839	0.626	
0.638	1.733	0.677	1.726	1.731	1.031	0.751	1.094	0.903	0.884	0.988	0.530	1.045	0.568	0.702	
1.086	1.288	1.456	1.052	1.453	0.674	1.093	1.178	1.149	0.792	0.675	0.881	0.703	0.832	0.688	
1.186	1.664	1.319	1.154	1.526	0.948	1.087	0.920	0.719	0.907	0.700	0.777	0.748	0.658	0.686	
1.568	1.452	1.150	0.794	1.247	0.904	0.871	1.043	0.805	1.148	0.926	1.012	0.678	0.782	0.622	
1.208	0.928	1.328	1.927	0.976	0.651	1.778	1.043	0.932	0.510	0.908	0.810	0.599	0.856	0.546	
0.345	2.055	0.958	1.404	1.332	0.711	1.450	0.626	0.663	1.132	1.336	1.160	0.728	0.478	0.623	
0.596	1.432	1.081	1.250	1.284	1.259	1.082	0.614	1.656	0.813	0.682	0.960	1.037	0.621	0.632	
1.214	0.963	0.992	2.060	1.176	1.136	1.170	0.983	1.274	0.859	0.450	0.560	0.701	0.804	0.659	
1.390	0.450	1.154	1.839	0.844	0.755	0.739	1.326	1.358	1.331	0.893	0.931	0.587	0.649	0.753	
1.764	1.252	0.797	0.742	1.424	1.389	0.674	0.993	1.031	0.815	0.782	0.927	0.807	0.848	0.755	
1.819	0.400	0.836	1.033	1.277	0.994	0.853	2.081	1.189	0.885	0.819	0.805	0.716	0.729	0.564	
1.118	0.909	1.195	1.869	1.910	0.561	0.807	1.096	0.642	0.873	0.719	1.019	0.780	0.822	0.680	
1.272	1.924	0.863	1.185	0.743	1.571	0.751	1.213	0.728	0.923	0.692	0.844	0.980	0.661	0.649	
1.375	0.858	0.546	2.346	1.344	0.543	1.066	0.933	1.084	1.177	0.640	0.803	0.782	0.837	0.666	
1.046	0.926	0.744	2.054	1.592	1.115	1.152	1.170	0.870	0.845	0.873	0.939	0.677	0.431	0.567	
1.091	1.399	1.766	1.392	1.212	0.915	0.975	0.919	0.844	0.631	1.027	0.737	0.867	0.599	0.625	
1.267	0.501	1.198	0.879	1.591	1.601	0.914	1.245	0.648	1.086	0.687	0.735	0.978	1.031	0.639	
1.130	0.863	1.022	1.750	1.903	1.079	1.104	1.439	0.902	0.666	0.812	0.498	0.650	0.670	0.513	
1.662	0.731	1.485	1.030	0.733	0.706	1.313	1.210	1.073	0.746	1.180	0.877	0.910	0.560	0.785	
0.839	0.511	1.330	1.393	0.964	1.375	1.522	1.229	0.758	1.074	0.660	0.866	1.083	0.597	0.800	
0.894	1.332	0.933	1.170	1.021	1.681	1.629	0.727	1.186	0.645	0.986	0.756	0.865	0.502	0.673	
0.538	0.944	0.768	1.231	1.331	1.910	1.748	0.915	0.724	1.019	1.043	0.656	0.889	0.488	0.798	
2.187	0.669	0.811	1.710	1.246	1.284	0.884	1.018	0.666	0.945	1.100	0.591	0.780	0.509	0.601	
1.303	0.744	0.660	2.424	1.079	1.359	0.789	1.335	0.863	0.561	1.299	0.501	1.164	0.627	0.293	
1.002	1.047	1.202	1.317	0.850	1.647	0.597	1.907	1.161	0.956	0.740	0.744	0.397	0.760	0.671	
0.876	0.853	1.741	1.381	1.401	0.916	1.157	0.736	1.409	0.927	1.032	0.534	0.857	0.641	0.539	
0.603	1.790	1.134	0.979	1.448	1.040	0.790	1.282	1.408	0.796	0.814	1.016	0.464	0.667	0.768	
1.030	1.052	1.576	1.409	1.154	1.052	0.935	1.506	0.986	0.690	0.799	0.902	0.739	0.545	0.625	
1.765	1.617	0.906	1.693	0.682	0.927	0.858	1.183	1.228	0.696	0.795	0.714	0.733	0.697	0.508	
0.355	1.233	0.821	1.816	1.916	1.507	0.611	0.988	0.690	1.815	0.560	0.893	0.663	0.633	0.498	
1.289	0.680	0.922	1.629	0.911	1.093	1.280	1.701	1.132	0.764	0.753	0.410	1.003	0.749	0.683	
1.030	1.518	0.888	1.177	1.427	0.947	0.723	1.000	1.083	1.327	0.829	1.360	0.561	0.571	0.560	
0.950	0.951	1.764	1.502	0.995	0.930	1.420	0.991	1.169	0.720	0.675	1.072	0.548	0.702	0.610	
1.342	1.248	0.431	1.224	1.308	1.689	1.135	0.932	1.473	0.846	0.849	0.671	0.500	0.673	0.678	
0.889	1.870	1.211	1.271	1.433	1.140	0.889	1.286	0.651	0.909	0.796	0.714	0.480	0.786	0.676	
1.593	1.509	1.162	1.346	1.458	0.963	1.070	0.773	0.761	0.780	0.687	0.896	0.542	0.835	0.625	
1.453	1.216	1.028	1.294	1.541	1.383	1.089	0.634	1.047	0.799	1.064	0.558	0.787	0.571	0.537	
1.095	1.228	1.121	1.228	0.823	1.470	1.754	0.876	0.984	0.754	0.592	0.848	0.754	0.777	0.697	
0.947	0.726	1.072	2.284	1.416	1.193	1.553	1.073	0.885	0.693	0.645	0.804	0.862	0.312	0.535	
1.023	0.746	1.113	2.672	1.083	1.161	1.476	0.261	1.015	0.583	0.779	1.109	0.608	0.729	0.642	
1.391	1.120	0.744	1.273	1.414	0.977	1.096	1.405	0.756	1.067	1.212	0.798	0.538	0.613	0.595	
0.389	0.820	1.300	1.582	2.288	1.296	1.114	0.324	1.074	0.878	0.986	0.964	0.534	0.834	0.618	
1.099	1.387	0.748	2.304	0.996	1.390	0.919	1.282	0.730	0.588	0.722	0.682	0.814	0.739	0.602	
0.756	0.847	0.956	1.693	1.948	1.013	0.777	0.790	1.362	1.108	1.115	0.853	0.647	0.631	0.503	
1.427	0.951	1.358	1.293	0.801	1.316	0.908	1.123	1.536	0.840	0.692	0.565	0.724	0.776	0.691	
1.188	1.181	1.071	1.622	0.923	0.976	1.310	0.692	0.895	1.064	0.777	1.165	0.741	0.796	0.599	
1.264	2.247	0.509	0.929	1.533	0.697	1.316	1.127	0.927	0.627	0.811	0.844	0.658	1.026	0.485	
1.021	0.963	1.606	1.928	1.189	1.062	0.668	0.876	1.289	0.808	1.043	0.775	0.567	0.542	0.663	
1.607	1.402	0.952	1.624	1.199	1.487	0.850	0.928	0.708	0.662	0.740	0.727	0.529	0.913	0.672	
0.445	1.070	1.303	1.704	1.162	1.468	1.445	0.639	0.870	0.796	0.988	0.967	0.728	0.756	0.660	
0.927	1.020	1.003	1.025	2.139	1.029	2.118	0.754	0.708	0.471	0.978	0.711	0.951	0.589	0.577	
1.115	1.452	1.213	1.199	1.160	1.496	1.556	0.676	0.907	0.721	1.002	0.612	0.714	0.646	0.532	
1.275	0.585	1.058	2.033	1.379	1.194	0.734	0.799	0.906	1.165	0.788	0.895	0.809	0.840	0.539	
1.538	1.022	0.965	1.360	1.278	1.112	1.436	0.843	0.930	0.688	0.916	0.530	0.668	0.962	0.750	
0.827	1.124	0.770	1.681	1.214	1.245	2.239	0.768	1.102	0.839	0.900	0.629	0.542	0.632	0.489	
0.644	0.879	0.579	1.876	1.431	1.549	1.059	1.316	0.509	1.150	0.910	0.668	0.859	0.918	0.654	
0.534	1.349	1.003	1.642	1.606	1.093	1.545	0.767	0.958	0.441	0.941	0.933	0.620	1.024	0.545	
0.745	1.422	1.660	1.905	0.742	1.234	0.789	1.000	0.807	0.694	1.187	0.785	0.540	0.846	0.643	
1.017	0.884	0.766	1.834	2.038	0.815	1.202	0.947	1.169	0.677	0.799	0.745	0.929	0.588	0.589	
0.816	0.863	0.662	2.159	1.043	1.353	0.884	0.813	1.281	0.889	1.448	0.979	0.566	0.665	0.576	
0.768	0.904	1.558	1.148	1.622	1.363	1.526	0.621	1.170	0.757	0.833	0.759	0.682	0.637	0.652	
1.150	0.353	0.965	1.863	1.734	1.362	1.142	1.359	0.826	0.912	0.491	0.598	0.773	0.775	0.697	
1.136	1.380	0.546	1.129	0.855	1.192	1.310	1.052	1.485	1.800	0.797	0.455	0.704	0.634	0.526	
0.569	1.162	0.643	1.799	1.606	1.007	1.026	1.248	0.863	0.740	1.273	0.954	0.883	0.628	0.598	
1.051	0.780	1.395	0.853	1.309	1.294	1.267	1.322	1.016	0.878	1.062	0.526	0.868	0.771	0.608	
0.517	1.485	0.941	2.577	0.722	1.104	1.220	1.358	0.878	0.542	0.802	0.752	0.647	0.848	0.607	
1.078	1.473	1.400	1.791	0.775	1.144	0.971	0.992	1.129	0.693	0.756	0.767	0.693	0.619	0.720	
2.061	1.111	0.158	2.222	1.215	0.754	0.971	0.563	1.875	0.413	1.018	0.837	0.554	0.588	0.658	
1.632	0.824	1.041	1.062	1.282	1.175	1.728	0.968	0.897	0.838	0.479	1.105	0.769	0.621	0.582	
0.918	1.165	1.504	1.195	1.154	1.348	1.154	0.981	1.216	1.043	0.536	0.833	0.602	0.821	0.530	
1.078	1.173	1.011	1.030	1.482	1.126	1.134	0.937	1.322	0.859	0.804	0.831	0.840	0.733	0.643	
0.815	1.512	1.129	1.237	1.171	1.465	1.145	1.538	0.696	0.639	0.730	0.607	0.857	0.724	0.736	
0.741	1.537	0.783	1.915	1.022	1.468	0.950	1.081	1.228	0.800	0.577	1.045	0.770	0.569	0.512	
1.131	1.682	1.677	0.777	0.920	0.780	1.323	1.067	1.298	0.855	0.601	0.710	0.739	0.857	0.582	
0.808	0.338	1.665	0.897	1.490	1.494	1.463	0.612	0.851	0.832	1.405	1.224	0.662	0.664	0.594	
1.858	0.862	0.701	0.883	1.074	2.139	0.530	1.767	0.808	0.663	1.417	0.510	0.480	0.626	0.681	
1.027	0.738	0.869	1.838	2.039	0.726	1.121	0.895	0.977	0.709	0.813	1.209	0.664	0.626	0.747	
0.933	1.534	0.602	2.231	1.454	0.678	0.948	1.350	0.726	0.997	0.659	1.247	0.443	0.587	0.613	
0.836	0.871	1.128	1.558	0.670	1.218	1.350	1.637	1.626	1.060	0.700	0.476	0.698	0.552	0.621	
0.385	0.621	0.898	2.189	2.076	0.713	1.486	0.939	0.952	0.926	0.707	0.976	0.616	0.893	0.623	
1.278	1.198	0.865	2.037	0.762	1.714	1.155	1.005	0.591	0.727	0.867	0.593	0.821	0.709	0.679	
0.600	1.085	1.837	1.596	0.977	1.329	0.699	1.016	0.944	0.774	0.847	1.216	0.829	0.535	0.717	
1.503	0.766	0.421	1.751	1.001	1.290	1.252	0.708	0.830	1.091	1.172	0.717	1.243	0.674	0.580	
1.034	0.954	1.615	1.279	1.671	1.012	1.620	1.167	0.662	0.453	0.954	0.605	0.707	0.713	0.555	
1.344	0.325	1.468	1.162	0.721	1.592	0.780	2.148	0.575	1.469	1.117	0.703	0.586	0.554	0.457	
1.259	1.123	0.963	1.335	1.185	2.369	1.191	0.316	0.717	0.547	0.668	1.044	0.750	0.867	0.666	
0.907	1.004	0.816	1.539	1.115	1.291	1.289	1.071	1.544	0.644	0.609	1.112	0.572	0.819	0.667	
1.679	0.391	1.733	1.377	0.582	0.881	1.805	0.644	0.875	0.992	0.968	0.672	0.950	0.747	0.705	
0.732	1.135	1.126	2.478	0.769	1.141	1.365	0.885	1.196	0.886	0.575	0.623	0.794	0.739	0.554	
0.637	1.725	0.910	1.502	1.151	0.937	0.815	1.620	0.854	0.746	1.046	0.910	0.640	0.875	0.632	
0.700	1.755	0.920	1.474	0.983	1.303	1.064	1.027	0.762	0.865	0.894	0.892	0.733	0.892	0.733	
1.214	1.589	0.682	1.711	1.204	0.888	1.362	0.605	0.594	0.845	0.709	1.079	0.888	0.914	0.717	
1.075	0.818	1.740	1.357	0.988	1.214	1.168	0.898	1.422	0.863	0.780	0.720	0.660	0.668	0.628	
1.363	2.504	1.482	0.918	0.891	1.159	1.432	0.800	0.829	0.666	0.780	0.641	0.321	0.613	0.602	
0.931	0.689	1.206	1.880	1.433	1.425	1.077	1.326	0.897	0.810	0.579	0.788	0.721	0.695	0.544	
1.347	1.132	0.864	1.662	0.865	0.703	1.636	1.095	0.818	0.455	1.214	1.202	0.745	0.627	0.636	
1.098	0.765	1.348	1.490	1.834	1.099	1.043	0.854	1.006	0.902	0.719	0.784	0.622	0.685	0.750	
1.110	1.041	1.080	2.287	0.947	1.350	0.726	0.858	1.046	1.005	0.694	0.826	0.956	0.470	0.603	
0.825	0.972	0.724	1.262	2.209	2.227	0.757	0.936	1.022	0.856	0.374	0.675	0.817	0.665	0.680	
0.703	0.744	1.808	1.353	1.653	0.848	0.902	0.938	1.693	0.533	0.800	0.847	0.757	0.805	0.615	
1.766	0.638	1.525	1.507	1.167	0.996	0.733	1.611	0.452	0.562	0.722	0.565	1.088	0.906	0.764	
1.028	0.961	1.003	1.896	1.041	1.047	0.866	0.786	1.207	1.129	1.019	0.631	0.881	0.863	0.644	
0.766	1.962	0.935	0.844	0.810	1.383	0.706	1.175	0.956	1.503	0.779	0.898	0.915	0.652	0.716	
1.073	1.061	2.318	0.806	1.476	0.995	0.779	1.071	0.516	0.869	1.146	0.852	0.870	0.581	0.589	
0.831	0.945	1.446	1.107	0.892	0.972	1.564	1.390	1.090	0.725	0.749	0.953	0.823	0.843	0.670	
1.413	1.469	0.791	1.098	1.125	1.146	1.452	1.297	1.085	0.682	0.487	0.781	1.067	0.634	0.473	
1.561	0.743	1.103	1.107	0.828	1.498	0.797	1.368	1.018	0.810	0.826	0.798	1.040	0.833	0.671	
0.762	2.002	1.532	2.108	0.910	0.788	0.813	0.603	0.920	0.774	1.129	0.859	0.583	0.643	0.574	
1.660	1.029	1.422	0.834	1.075	1.209	1.166	0.863	0.715	1.226	1.017	0.514	0.785	0.784	0.701	
0.700	0.742	1.039	1.451	1.949	1.137	1.378	1.047	0.971	0.927	0.855	0.604	0.671	0.891	0.638	
1.220	1.212	0.926	2.332	0.961	1.618	0.980	0.884	0.670	0.751	0.702	1.035	0.561	0.586	0.563	
0.881	1.194	1.266	1.154	1.197	0.758	1.489	0.926	0.602	1.303	0.739	0.886	1.102	0.882	0.621	
1.564	1.486	1.234	1.422	0.834	0.980	0.934	0.607	0.997	1.047	0.674	1.206	0.730	0.647	0.638	
1.901	0.726	1.348	1.202	1.499	0.833	0.867	0.695	1.077	1.048	0.632	0.724	0.975	0.725	0.749	
0.620	1.001	0.833	2.264	0.869	1.674	1.276	1.338	0.732	0.817	0.607	0.917	0.857	0.638	0.558	
0.942	1.527	1.231	1.211	1.877	1.186	0.553	0.937	0.719	0.845	0.773	1.016	0.738	0.891	0.554	
0.660	1.395	0.448	1.996	0.801	0.890	1.598	1.046	1.614	0.877	0.864	0.585	0.665	0.865	0.695	
0.835	0.920	1.031	1.254	1.799	2.097	0.884	0.522	0.808	0.834	0.852	0.895	0.787	0.907	0.575	
0.768	1.913	0.922	1.667	1.604	1.348	1.286	0.370	0.810	0.757	0.745	0.715	0.572	0.871	0.654	
1.405	1.314	1.009	1.305	1.444	0.776	1.025	1.019	1.206	0.962	0.740	0.799	0.729	0.577	0.691	
0.595	1.602	1.613	1.168	0.977	1.589	0.789	1.075	1.443	0.748	0.606	0.657	0.859	0.492	0.790	
1.443	1.298	0.865	1.408	0.742	1.391	0.787	1.461	1.031	0.690	0.810	0.861	0.746	0.848	0.618	
1.022	0.813	1.309	1.431	1.962	0.974	1.175	0.764	0.667	0.642	0.884	0.993	0.814	0.782	0.768	
1.060	0.573	1.213	1.797	1.411	1.228	1.164	0.951	0.999	0.648	0.799	0.673	0.886	0.929	0.668	
0.798	1.486	1.358	1.354	0.849	0.923	0.998	1.066	1.335	0.812	1.005	0.914	0.592	0.801	0.709	
0.954	1.749	1.150	1.124	1.248	0.916	1.167	0.896	1.312	1.171	0.781	0.621	0.765	0.580	0.566	
1.037	1.113	0.945	1.227	1.383	1.201	1.173	0.952	1.827	0.513	0.690	0.935	0.860	0.667	0.477	
1.541	0.621	1.218	1.749	0.696	0.880	0.990	0.981	0.931	0.982	1.093	1.324	0.770	0.527	0.697	
1.082	1.044	0.826	1.646	1.180	1.324	1.016	1.625	0.727	0.775	0.655	0.919	0.813	0.680	0.689	
0.849	1.036	0.885	1.211	1.521	1.824	0.666	1.024	0.988	0.898	0.577	0.831	1.578	0.611	0.500	
1.580	0.907	1.475	1.623	0.854	0.879	0.664	1.112	0.866	0.794	0.972	1.182	0.794	0.654	0.644	
0.875	0.847	0.954	1.816	1.380	1.048	0.938	1.002	1.365	1.121	0.942	0.628	0.744	0.735	0.606	
0.788	1.017	0.572	2.170	1.447	0.854	1.682	1.416	0.890	0.881	0.749	0.824	0.653	0.670	0.387	
0.506	1.264	0.863	2.230	1.117	1.369	0.908	1.024	1.220	0.699	0.881	0.722	0.864	0.644	0.687	
1.194	0.838	1.494	1.021	1.658	0.725	1.654	0.772	0.681	0.722	1.035	0.759	0.977	0.824	0.646	
1.736	0.467	3.145	0.472	0.883	0.472	0.723	0.601	1.055	0.944	1.084	0.930	0.741	0.882	0.863	
0.721	0.648	1.439	1.345	1.757	1.131	0.834	1.457	0.756	0.793	1.564	0.831	0.525	0.531	0.669	
0.958	0.962	0.861	0.968	2.049	1.187	1.573	0.906	0.909	0.764	0.990	0.798	0.651	0.814	0.610	
1.029	0.897	1.442	1.209	0.780	0.926	1.219	1.075	0.984	1.737	0.749	0.781	0.595	0.831	0.744	
0.696	1.551	0.840	2.029	1.156	0.801	0.765	1.392	1.037	0.960	0.910	0.810	0.937	0.316	0.800	
0.534	0.990	0.745	1.658	1.449	1.575	1.414	0.864	0.765	0.578	1.138	1.328	0.769	0.560	0.633	
0.637	2.128	0.621	2.029	0.619	0.567	1.162	1.551	1.396	0.854	0.937	0.535	0.890	0.539	0.533	
1.160	0.515	2.214	1.768	0.565	1.123	0.969	1.051	1.532	0.771	0.551	1.055	0.556	0.557	0.614	
1.596	1.178	0.973	0.922	1.488	0.845	1.063	1.067	0.912	0.947	1.045	0.721	0.619	0.965	0.660	
1.314	1.739	1.319	1.009	1.087	1.182	0.815	1.075	1.229	0.770	0.666	0.628	0.774	0.827	0.565	
0.917	1.006	0.777	1.057	1.377	1.472	0.841	1.051	1.720	1.183	0.700	0.739	0.814	0.729	0.615	
0.595	0.900	2.104	1.950	1.838	0.670	0.826	1.176	1.010	0.924	0.767	0.587	0.529	0.621	0.504	
0.530	0.996	1.594	1.726	0.892	1.538	0.932	0.990	0.863	0.714	1.174	0.777	0.976	0.712	0.585	
1.031	0.702	0.632	1.956	1.247	2.262	1.022	0.960	0.745	0.644	1.036	0.877	0.844	0.415	0.628	
0.679	1.278	0.849	1.444	1.037	1.364	1.357	0.770	1.319	1.101	0.732	1.015	0.872	0.578	0.607	
0.460	1.285	0.823	1.334	1.074	1.521	1.568	0.744	0.958	1.161	0.994	0.861	0.606	0.977	0.637	
1.645	1.348	1.057	1.719	0.691	1.163	0.848	0.864	0.639	1.226	0.836	0.678	0.790	0.824	0.674	
1.027	1.633	1.329	1.168	1.473	0.866	1.089	1.267	1.352	0.751	0.484	0.641	0.791	0.495	0.634	
0.456	1.345	0.610	1.919	1.604	1.833	0.895	0.872	1.166	0.896	0.808	0.895	0.608	0.555	0.539	
1.129	1.096	0.694	1.650	0.892	1.167	1.096	1.152	1.399	1.044	0.726	0.758	0.932	0.591	0.674	
0.753	0.821	1.437	1.979	1.092	1.104	1.285	1.051	0.852	0.941	1.111	0.557	0.760	0.571	0.685	
0.937	1.251	1.145	1.598	1.321	1.051	0.727	0.888	1.116	0.970	1.034	0.850	0.616	0.759	0.735	
0.982	0.836	1.145	1.273	0.571	2.393	1.817	0.855	0.496	0.423	1.126	0.906	0.719	0.768	0.689	
0.886	0.880	0.799	1.697	1.513	1.033	1.241	1.655	0.460	1.155	0.853	0.825	0.872	0.644	0.487	
1.520	0.641	1.040	1.232	1.007	0.970	1.781	1.444	1.568	0.629	0.799	0.470	0.507	0.683	0.711	
1.249	0.989	1.515	1.415	1.074	1.511	1.361	0.672	0.891	0.896	0.595	1.039	0.651	0.628	0.514	
1.258	1.237	1.383	1.340	1.769	0.621	0.949	1.541	0.776	1.127	0.617	0.665	0.553	0.514	0.648	
0.892	0.860	0.674	1.775	1.852	0.815	0.874	1.009	0.944	1.103	1.158	0.653	0.776	0.915	0.701	
1.551	0.547	1.201	2.138	1.017	1.251	0.922	1.057	0.377	1.340	0.748	0.714	0.785	0.720	0.633	
1.237	0.794	1.318	1.350	0.786	1.022	2.066	0.928	0.741	0.826	0.762	1.045	0.908	0.631	0.584	
0.476	1.117	1.095	1.791	1.065	1.767	1.170	0.467	1.121	0.871	0.689	0.922	0.957	0.836	0.654	
1.255	1.034	0.561	2.302	1.222	0.946	0.963	1.042	1.430	0.788	0.769	0.721	0.856	0.536	0.575	
1.114	0.797	0.748	2.135	1.280	1.318	0.928	0.607	1.678	0.740	0.987	0.709	0.645	0.689	0.626	
2.016	1.094	0.447	1.549	1.228	1.565	0.688	0.899	0.934	0.883	1.052	0.863	0.540	0.644	0.597	
0.961	0.860	0.916	1.251	1.231	1.851	1.369	0.945	1.003	0.678	1.124	0.750	0.650	0.759	0.653	
0.854	0.918	1.551	2.286	1.283	1.613	0.852	0.682	0.408	0.827	1.089	0.577	0.751	0.691	0.618	
1.109	1.405	0.853	1.775	0.971	0.959	1.475	1.064	0.943	0.562	1.117	0.838	0.625	0.681	0.623	
1.410	1.472	1.235	1.197	0.881	1.356	1.289	0.704	0.641	0.721	0.999	0.876	0.720	0.843	0.656	
1.799	0.517	0.977	1.295	1.397	1.294	1.182	1.683	0.911	0.876	0.845	0.638	0.592	0.540	0.455	
1.048	1.414	1.225	1.056	1.295	0.835	1.249	0.888	1.005	0.973	0.954	0.831	0.957	0.625	0.646	
0.875	1.516	0.690	1.263	2.145	1.713	0.768	0.355	0.731	0.946	1.042	0.592	0.842	0.850	0.672	
1.058	2.044	0.436	0.749	1.682	1.032	1.100	1.254	0.752	1.059	1.600	0.500	0.662	0.461	0.611	
1.758	1.193	1.223	0.968	1.099	0.813	1.446	1.572	0.721	0.677	0.965	0.646	0.703	0.537	0.677	
1.130	0.702	0.606	2.009	1.675	1.680	0.917	1.185	0.953	0.730	0.455	0.823	0.914	0.577	0.646	
1.310	1.179	1.885	1.104	1.561	0.768	0.946	1.337	0.709	0.821	1.037	0.505	0.637	0.524	0.678	
0.548	1.333	1.584	0.714	1.366	1.286	0.804	0.711	1.356	0.661	1.703	0.621	0.699	1.020	0.594	
1.522	0.167	0.675	1.292	2.061	1.265	1.124	0.606	0.786	1.236	0.959	0.407	0.696	0.676	1.529	
0.853	0.895	0.873	1.561	1.189	1.725	1.398	1.029	0.772	0.964	1.045	0.697	0.763	0.543	0.693	
0.875	1.469	1.063	1.121	0.943	2.356	0.985	0.996	0.783	1.002	0.902	0.305	0.797	0.707	0.697	
1.487	0.749	1.034	1.431	0.931	1.588	0.912	1.679	0.868	0.703	1.006	0.953	0.561	0.642	0.455	
1.501	0.788	2.039	1.414	1.199	0.813	0.987	0.880	0.939	0.740	0.839	0.731	0.631	0.854	0.644	
1.461	0.928	1.201	0.904	0.961	1.472	0.903	1.896	1.253	0.543	0.490	0.703	0.867	0.812	0.604	
1.187	1.279	1.281	1.234	1.116	0.810	1.504	1.132	0.730	0.708	0.782	1.143	0.571	0.854	0.672	
2.066	0.642	0.594	1.367	1.478	1.139	1.148	1.638	0.518	1.005	0.887	0.521	0.740	0.592	0.665	
0.390	1.310	1.599	1.229	1.909	0.921	0.642	0.661	1.273	1.111	0.837	0.711	1.065	0.626	0.715	
1.508	0.795	1.348	1.036	0.989	0.984	2.469	0.612	1.279	0.732	0.308	0.864	0.534	0.868	0.674	
1.355	0.449	1.452	1.307	2.315	1.306	0.818	1.142	0.845	0.549	0.498	0.684	0.818	0.773	0.688	
0.838	1.917	0.872	0.861	0.788	1.065	1.059	0.920	1.155	0.971	0.830	1.209	0.994	0.823	0.698	
0.796	0.596	0.854	1.765	1.192	1.180	1.304	1.090	0.996	0.551	1.007	1.722	0.756	0.689	0.500	
1.735	0.866	1.089	1.438	1.635	0.872	1.070	0.805	0.678	1.432	0.441	0.950	0.798	0.597	0.594	
0.855	1.213	1.292	1.340	2.200	0.704	1.127	0.831	0.733	0.831	0.738	0.728	0.833	0.807	0.768	
0.899	1.101	1.056	1.249	1.260	1.017	1.895	1.254	0.697	0.883	0.822	0.572	0.897	0.736	0.660	
1.337	0.417	1.505	1.928	0.661	0.987	1.196	1.144	0.758	1.330	0.981	0.889	0.660	0.628	0.580	
1.027	1.099	0.345	2.176	1.498	1.268	1.304	0.743	0.801	0.749	1.026	1.118	0.715	0.570	0.563	
0.887	1.255	2.229	1.274	1.384	1.813	0.657	0.521	0.769	0.891	0.685	0.631	0.847	0.578	0.579	
0.806	2.466	1.123	1.280	1.224	0.756	0.506	1.038	1.026	0.879	0.733	0.977	0.689	0.798	0.700	
1.836	1.522	1.234	1.102	0.907	0.780	1.244	0.960	0.824	0.545	0.848	0.763	0.806	0.858	0.772	
0.662	1.124	1.074	1.554	1.481	0.901	0.955	1.038	1.081	1.401	0.882	0.465	0.863	0.879	0.641	
1.373	0.908	0.820	1.348	1.152	1.720	0.726	1.080	0.684	0.931	1.320	0.848	0.827	0.643	0.619	
0.820	0.861	1.483	1.146	1.359	1.695	0.931	1.378	0.604	0.717	1.083	0.712	0.720	0.799	0.694	
1.049	0.578	0.442	2.048	2.158	1.418	1.194	0.835	0.717	0.789	0.782	1.097	0.529	0.744	0.620	
1.332	1.582	1.162	0.693	2.055	1.129	0.825	0.890	1.151	1.033	0.489	0.550	0.698	0.740	0.672	
1.749	0.651	1.851	1.323	1.231	0.822	0.783	1.544	1.139	0.513	0.777	0.439	0.795	0.777	0.606	
0.801	1.055	1.100	1.164	2.325	0.593	0.925	0.797	1.412	0.932	0.530	0.783	1.072	0.813	0.698	
0.991	1.378	1.402	1.190	1.464	1.194	0.977	0.965	0.604	1.091	0.726	0.867	0.760	0.760	0.630	
1.520	1.578	0.579	1.356	1.007	1.205	1.318	0.800	1.084	0.643	1.200	0.846	0.740	0.633	0.489	
0.522	1.413	0.499	1.880	1.299	1.238	1.325	1.431	0.881	0.869	0.843	0.950	0.660	0.516	0.675	
0.765	1.309	1.603	0.965	0.783	0.868	1.631	1.031	1.844	0.824	0.794	0.770	0.861	0.429	0.524	
1.223	1.496	1.462	1.698	0.946	1.024	1.050	0.810	0.675	0.982	0.748	0.745	0.609	0.901	0.631	
0.853	1.237	1.134	1.486	1.178	1.233	1.295	0.797	1.181	0.696	0.703	0.918	0.889	0.676	0.724	
0.990	1.166	1.326	1.284	0.959	1.406	1.037	1.016	0.685	1.095	0.777	0.825	0.808	0.911	0.716	
0.594	1.157	0.768	1.194	2.518	1.246	1.168	0.751	1.227	0.719	0.669	0.747	0.750	0.807	0.682	
1.591	1.028	0.828	1.602	0.705	1.503	0.838	1.123	1.092	1.058	0.568	0.873	0.843	0.717	0.630	
0.517	0.928	1.470	1.439	1.598	1.656	0.634	0.803	0.575	1.235	0.891	0.992	0.866	0.564	0.832	
1.468	1.384	0.871	0.884	1.086	2.310	1.058	0.709	0.521	1.247	0.803	0.860	0.600	0.584	0.614	
0.995	0.892	1.718	1.739	2.430	0.548	0.666	1.112	0.889	0.662	0.719	0.595	0.783	0.588	0.665	
