0,0,0,0,0,0,0,0,0,0,0,0,0.00277,0.211091,0.131236,0,0.281252,0.166142,0,0.1418,0.300628,0.087129,0.0774,0.002778,0.583687,0,0,0,0,0,0,0,0,0,0,0,0,0,0,0,0,0.131056,0.066149,0,0,0,0,0,0,0.084982,0.062557,0.042669,0,0,0,0,0,0,0,0,0,0,0
0,0,0,0,0,0,0,0,0,0,0,0,0.026828,0,0,0,0.001858,0,0.062796,0.025609,0,0,0,0.005646,0.000369,0,0,0,0,0,0,0,0,0,0,0,0,0,0,0,0,0.025874,0,0,0,0,0,0,0,0.007726,0.0236,0.015222,0,0,0,0,0,0,0,0,0,0,0
0,0,0,0,0,0,0,0,0,0,0,0,0,6.876304,0.212199,0,3.461596,0.272002,4.317082,0.245351,1.788908,0.487781,0.368635,0.076714,0.099094,0,0,0,0,0,0,0,0,0,0,0,0,0,0,0,0,1.801597,0.680974,0.309184,0.025928,0.064878,0.015547,0.143081,0.275772,5.743992,0,0.701378,1.100713,0,0,0,0,0,0,0,0,0,0
0,0,0,0,0,0,0,0,0,0,0,0,0,0.290251,0.211294,0,0.50083,0.192344,0.823056,0,1.131641,0.105883,0.187576,0.01873,0.011982,0,0,0,0,0,0,0,0,0,0,0,0,0,0,0,0,1.268374,0.625805,0.300688,0.053899,0.06613,0.015683,0.142917,0.297224,1.255412,0.181909,0.279306,0.494252,0.003481,0,0,0,0,0,0,0,0,0
0,0,0,0,0,0,0,0,0,0,0,0,0,7.3882,0.212199,0,3.684518,0.273735,0.589552,0,4.134492,0.148147,0.193894,0,0,0,0,0,0,0,0,0,0,0,0,0,0,0,0,0,0,7.240135,0.20668,0.352386,0.054871,0.188834,0.042901,0.143081,0.275772,4.121614,0.179108,0.86767,0.888318,0.003559,0,0,0,0,0,0,0,0,0
0,0,0,0,0,0,0,0,0,0,0,0,0,4.000183,0.111571,0,0.121864,0.11673,0.724289,0,0.322346,0.059223,0.14315,0.000627,0.012764,0,0,0,0,0,0,0,0,0,0,0,0,0,0,0,0,1.924215,0.395245,0.289743,0.033317,0.001779,0.000608,0.094718,0.253286,0.540793,0.14102,0.098484,0.082821,5.6e-05,0,0,0,0,0,0,0,0,0
0,0,0,0,0,0,0,0,0,0,0,0,0,1.395842,0.114533,0,0.50083,0,0.446279,0,0.761286,0.08031,0.09675,0.050455,0,0,0,0,0,0,0,0,0,0,0,0,0,0,0,0,0,1.42924,0.489665,0.260941,0.033317,0.001779,0.000608,0.094718,0.253286,0.540793,0.14102,0.043591,0.07347,3.8e-05,0,0,0,0,0,0,0,0,0
0,0,0,0,0,0,0,0,0,0,0,0,0,0,0.103179,0,0,0,0,0,0.233187,0.039033,0.117482,0,0,0,0,0,0,0,0,0,0,0,0,0,0,0,0,0,0,0.309359,0.004392,0.289743,0.024184,0.017793,0.000608,0.094718,0.253286,0.347653,0.144883,0,0,3.8e-05,0,0,0,0,0,0,0,0,0
0,0,0,0,0,0,0,0,0,0,0,0,0,0.976298,0.117989,0,0,0,0,0,0.65498,0.095115,0.137226,0,0,0,0,0,0,0,0,0,0,0,0,0,0,0,0,0,0,0.556847,0.581888,0.289743,0.033317,0.001779,0.000608,0.094718,0.253286,0.019314,0.14102,0,0,5.6e-05,0,0,0,0,0,0,0,0,0
0,0,0,0,0,0,0,0,0,0,0,0,0,3.84978,0.135761,0,0.456246,0.003151,1.048025,0,4.094484,0.085245,0.137226,0,0,0,0,0,0,0,0,0,0,0,0,0,0,0,0,0,0,0.890955,0.065874,0.059331,0.033317,0.124253,0.027596,0.019616,0.052208,0.077256,0.060851,0.292222,0.372693,5.6e-05,0,0,0,0,0,0,0,0,0
0,0,0,0,0,0,0,0,0,0,0,0,0,0.031664,0.19056,0,0,0.011657,0.003658,0,1.148787,0.349953,1.302169,0.07985,0.003126,0,0,0,0,0,0,0,0,0,0,0,0,0,0,0,0,1.280748,0,0.537436,0.053127,0.031434,0.001216,0.127224,0.432138,0.714619,0.220223,0,0,5.6e-05,0,0,0,0,0,0,0,0,0
0,0,0,0,0,0,0,0,0,0,0,0,0,0.282335,0.136255,0.041919,0.081738,0,0.424331,0,0.905313,0.367451,0.668361,0.027244,0.052097,0,0,0,0,0,0,0,0,0,0,0,0,0,0,0,0,1.930403,0.013175,0.361171,0.035247,0.018089,0.000608,0.094718,0.253286,0,0.149713,0,0.036067,5.6e-05,0,0,0,0,0,0,0,0,0
0,0,0,0,0,0,0,0,0,0,0,0,0,0.002639,0.005348,0,0,0,0,0.000289,0,0.01669,0,0.005198,0.011657,0,0,0,0,0,0,0,0,0,0,0,0,0,0,0,0,0.013499,0.000274,0.009072,0.002901,0.000231,0,0.011373,0.014732,0.007726,0.015873,0,0,0,0,0,0,0,0,0,0,0,0
0,0,0,0,0,0,0,0,0,0,0,0,0,1.081844,0.158964,0,0.005945,0.000473,0,0,3.947028,0.228815,0.594318,0.054309,0.013024,0,0,0,0,0,0,0,0,0,0,0,0,0,0,0,0,0.346483,0.004392,0.365779,0.042322,0.018979,0.000851,0.124422,0.269311,0.309025,0.157762,0.004843,0.001336,9.4e-05,0,0,0,0,0,0,0,0,0
0,0,0,0,0,0,0,0,0,0,0,0,0,0,0.099723,0,0,0,0,0,0.823012,0.029163,1.997186,0,0,0,0,0,0,0,0,0,0,0,0,0,0,0,0,0,0,0.606344,0.010979,0.013249,0.04155,0.132556,0.055436,0.00411,0.012406,0.154512,0.070188,0,0,0.006642,0,0,0,0,0,0,0,0,0
0,0,0,0,0,0,0,0,0,0,0,0,0,0,0.001399,0,0,0,0,0,0,0,0.012242,0,0,0,0,0,0,0,0,0,0,0,0,0,0,0,0,0,0,0.025874,0,0,0.026957,0.073774,0.041807,0,0,0.052148,0.002028,0,0.017366,0.003502,0,0,0,0,0,0,0,0,0
0,0,0,0,0,0,0,0,0,0,0,0,0,0,0,0,1.423724,0.269376,1.300429,0,0.908742,0.220291,0.193499,0,0,0,0,0,0,0,0,0,0,0,0,0,0,0,0,0,0,0.822896,0.076853,0.040322,0.053899,0.188603,0.070511,0.057727,0.036701,1.023643,0.086286,0.387476,0.757408,0.008618,0,0,0,0,0,0,0,0,0
0,0,0,0,0,0,0,0,0,0,0,0,0,0,0,0,0,0,0,0,0,0,0,0,0,0,0,0,0,0,0,0,0,0,0,0,0,0,0,0,0,0,2.169456,0.006336,0.060074,0.223596,0.07282,0,0,0,0.08693,0,0,0.005965,0,0,0,0,0,0,0,0,0
0,0,0,0,0,0,0,0,0,0,0,0,0,0,0,0,1.533699,0.269691,1.772314,0,1.100778,0.262016,0.216206,0,0,0,0,0,0,0,0,0,0,0,0,0,0,0,0,0,0,0.90333,0.083441,0.046082,0.053899,0.188603,0.070511,0.059969,0.042387,1.886981,0.086286,0.424609,0.748057,0.008618,0,0,0,0,0,0,0,0,0
0,0,0,0,0,0,0,0,0,0,0,0,0,0,0,0,0,0,0,0,0,0,0,0,0,0,0,0,0,0,0,0,0,0,0,0,0,0,0,0,0,0,0.059561,0.119094,0,0,0,0.023142,0.128452,0,0,0,0,0,0,0,0,0,0,0,0,0,0
0,0,0,0,0,0,0,0,0,0,0,0,0,0,0.681769,0,0,0,0,0,0.233187,0.208626,1.638818,0,0,0,0,0,0,0,0,0,0,0,0,0,0,0,0,0,0,1.484925,0.02635,0.024193,0.000643,0.150349,0.055436,0.006165,0.02016,0,0.060851,0,0.028052,0.005231,0,0,0,0,0,0,0,0,0
0,0,0,0,0,0,0,0,0,0,0,0,0,0,0,0,0,0,0,0,0.209182,0.070888,0.126367,0,0,0,0,0,0,0,0,0,0,0,0,0,0,0,0,0,0,0,0.024154,0,0.048368,0.143528,0.056773,0,0,0.347653,0.064715,0,0,0.007075,0,0,0,0,0,0,0,0,0
0,0,0,0,0,0,0,0,0,0,0,0,0,0,0,0,0,0,0,0,0.740711,0.070439,0.053311,0,0,0,0,0,0,0,0,0,0,0,0,0,0,0,0,0,0,0.080433,3.16196,0.006912,0.033317,0.122474,0.055436,0.003736,0.007237,0,0.073729,0,0,0.00397,0,0,0,0,0,0,0,0,0
0,0,0,0,0,0,0,0,0,0,0,0,0,0,0.016209,0,0,0,0,0,0,0.031944,0.007306,0,0,0,0,0,0,0,0,0,0,0,0,0,0,0,0,0,0,0.007312,0,0,0.019624,0.04323,0.036579,0,0,0,0.043562,0,0,0.003879,0,0,0,0,0,0,0,0,0
0,0,0,0,0,0,0,0,0,0,0,0,0,0,0,0,0,0,0,0,0,0,0,0,0,0,0,0,0,0,0,0,0,0,0,0,0,0,0,0,0,0.007312,0,0.183034,0.026056,0.087712,0.040591,0.078628,0.189965,0.104296,0.054186,0,0,0.00354,0,0,0,0,0,0,0,0,0
0,0,0,0,0,0,0,0,0,0,0,0,0,0,0,0,0,0,0,0,0,0,0,0,0,0,0,0,0,0,0,24.36193,0.780264,0.000677,2.134282,1.099975,7.903636,0,0,0,0,4.547583,0,0,0,0,0,0,0,67.13557,0.010303,2.972265,0,0,0,0,0,0,0,0,0,0,0
0,0,0,0,0,0,0,0,0,0,0,0,0,0,0,0,0,0,0,0,0,0,0,0,0,0,0,0,0,0,0.008514,0.56603,0.840196,0.069797,0.666693,1.20043,3.174411,0.022953,0.028737,0,0,0.451665,0.081245,0,0,0,0,0,0,0.405595,0.060851,0.455284,0,0,0,0,0,0,0,0,0,0,0
0,0,0,0,0,0,0,0,0,0,0,0,0,0,0,0,0,0,0,0,0,0,0,0,0,0,0,0,0,0,0,21.86385,1.312734,0.056564,7.919499,1.362273,4.890465,0.301051,0.929872,0,0,2.27801,3.135885,0.307456,0.03699,0.099574,0.000716,0.134861,0.355893,7.617453,0.178786,1.05495,1.485428,0,0,0,0,0,0,0,0,0,0
0,0,0,0,0,0,0,0,0,0,0,0,0,0,0,0,0,0,0,0,0,0,0,0,0,0,0,0,0,0,0,33.02596,2.065338,0,12.35257,1.594992,8.086471,0.642549,0.938689,0,0,9.090104,0.672191,0.303424,0.058473,0.076443,0.016885,0.141212,0.270086,73.32378,0.133067,3.239347,4.997289,0.003672,0,0,0,0,0,0,0,0,0
0,0,0,0,0,0,0,0,0,0,0,0,0,0,0,0,0,0,0,0,0,0,0,0,0,0,0,0,0,0,0,1.158475,0,0,1.261232,0.042972,0.044629,0,0,0,0,6.083131,1.427548,0.54478,0.066706,0.024547,0,0.03622,0.527508,1.919814,0.204221,0.157297,0.006679,0.000285,0,0,0,0,0,0,0,0,0
0,0,0,0,0,0,0,0,0,0,0,0,0,0,0,0,0,0,0,0,0,0,0,0,0,0,0,0,0,0,0,0,0,2.7e-05,0,0,0,0,0.01045,0,0,0.012374,0.010979,0.00576,0,0.001186,0,0,0.004135,0.019314,0.003542,0,0,0,0,0,0,0,0,0,0,0,0
0,0,0,0,0,0,0,0,0,0,0,0,0,0,0,0,0,0,0,0,0,0,0,0,0,0,0,0,0,0,0,31.61843,2.008864,0,8.10421,1.926213,5.15248,0,0.346804,0,0,4.86313,0,0,0.062775,0,0,0,0,0.927073,0.057309,1.756558,2.067844,0,0,0,0,0,0,0,0,0,0
0,0,0,0,0,0,0,0,0,0,0,0,0,0,0,0,0,0,0,0,0,0,0,0,0,0,0,0,0,0,0,0,0,0,0.225117,0,0.207309,0,0,0,0,4.07117,0.030741,0.14804,0.037048,0.155983,0.05653,0.012704,0.151972,14.62072,0.056344,0.531165,0.044082,0.010819,0,0,0,0,0,0,0,0,0
0,0,0,0,0,0,0,0,0,0,0,0,0,0,0,0,0,0,0,0,0,0,0,0,0,0,0,0,0,0,0,0,0,0,0.004329,0,0.004319,0.004759,0.014369,0,0,0.012374,0.002196,0.003456,0,0.001483,0,0.005044,0,0,0.012879,0,0,0,0,0,0,0,0,0,0,0,0
0,0,0,0,0,0,0,0,0,0,0,0,0,0,0,0,0,0,0,0,0,0,0,0,0,0,0,0,0,0,0,0,0.694977,0,0.242434,0.487204,0.578736,0,0,0,0,7.300882,0.030741,0.164745,0.072294,0.161914,0.064311,0.009901,0.208315,4.673995,0.067934,0.004843,0.03206,0.014639,0,0,0,0,0,0,0,0,0
0,0,0,0,0,0,0,0,0,0,0,0,0,0,0,0,0,0,0,0,0,0,0,0,0,0,0,0,0,0,0,0,0,0,0,0.004186,0.004319,0,0,0,0,0.018562,1.943288,0.021889,0.037048,0.127218,0.041699,0.007286,0.019643,0.154512,0.035416,0.129159,0,0.008599,0,0,0,0,0,0,0,0,0
0,0,0,0,0,0,0,0,0,0,0,0,0,0,0,0,0,0,0,0,0,0,0,0,0,0,0,0,0,0,0,0,0,0,0.021646,0.025951,0.086379,0,0,0,0,0.012374,5.836451,0.068548,0.056343,0.210844,0.059205,0.009341,0.062546,4.094574,0.058275,0.066194,0.012022,0.011572,0,0,0,0,0,0,0,0,0
0,0,0,0,0,0,0,0,0,0,0,0,0,0,0,0,0,0,0,0,0,0,0,0,0,0,0,0,0,0,0,0,0.082982,0,0.008658,0.119708,0.060465,0,0,0,0,0.030936,0.028545,0.006336,0.029201,0.078585,0.024436,0,0,0,0.030586,0.066194,0.056104,0.005457,0,0,0,0,0,0,0,0,0
0,0,0,0,0,0,0,0,0,0,0,0,0,0,0,0,0,0,0,0,0,0,0,0,0,0,0,0,0,0,0,0,0.500199,0,0.1039,0.001674,0.034551,0,0,0,0,0.012374,0.010979,0.321425,0.039363,0.137301,0.041699,0.092849,0.248117,0,0.035416,0.051663,0.056104,0.0054,0,0,0,0,0,0,0,0,0
0,0,0,0,0,0,0,0,0,0,0,0,0.131432,0,2.296589,3.4e-05,2.807322,0,6.778325,0,10.85347,1.442434,1.603278,0.574636,0.080491,0,0,0,0,0,0,0,0,0,0,0,0,0,0,0,0,0,0,0,0,0,0,0,0,0,0,0.001614,0,0,0,0,0,0,0,0,0,0,0
0,0,0,0,0,0,0,0,0,0,0,0,0,0,0,0,0,0,0,0,0,0,0,0,0,0,0,0,0,0,0.083326,0.611312,3.239768,0.008384,10.24715,0.50562,12.9611,0.428273,0.996653,0,0,0,0,0,0,0,0,0,0,0.907759,0.026401,2.500835,0,0,0,0,0,0,0,0,0,0,0
0,0,0,0,0,0,0,0,0,0,0,0,0,0,0,0,0,0,0,0,0,0,0,0,0,0,0,0,0,0,0,0,0,0,0,0,0,0,0,0,0,0,0,0,0,0,0,0,0,0,0,0,0,0,0,0.461378,0,0,0,0,0,0,0
0,0,0,0,0,0,0,0,0,0,0,0,0,0,0,0,0,0,0,0,0,0,0,0,0,0,0,0,0,0,0,0,0,0,0,0,0,0,0,0,0,0,0,0,0,0,0,0,0,0,0,0,0,0,0,0.162118,0,0,0,0,0,0,0
0,0,0,0,0,0,0,0,0,0,0,0,0,0,0,0,0,0,0,0,0,0,0,0,0,0,0,0,0,0,0,0,0,0,0,0,0,0,0,0,0,0,0,0,0,0,0,0,0,0,0,0,0,0,0,0.181343,0,0,0,0,0,0,0
0,0,0,0,0,0,0,0,0,0,0,0,0,0,0,0,0,0,0,0,0,0,0,0,0,0,0,0,0,0,0,0,0,0,0,0,0,0,0,0,0,0,0,0,0,0,0,0,0,0,0,0,0,0,0,0.181343,0,0,0,0,0,0,0
0,0,0,0,0,0,0,0,0,0,0,0,0,0,0,0,0,0,0,0,0,0,0,0,0,0,0,0,0,0,0,0,0,0,0,0,0,0,0,0,0,0,0,0,0,0,0,0,0,0,0,0,0,0,0,1.08819,0,0,0,0,0,0,0
0,0,0,0,0,0,0,0,0,0,0,0,0,0,0,0,0,0,0,0,0,0,0,0,0,0,0,0,0,0,0,0,0,0,0,0,0,0,0,0,0,0,0,0,0,0,0,0,0,0,0,0,0,0,0,0.544108,0,0,0,0,0,0,0
0,0,0,0,0,0,0,0,0,0,0,0,0,0,0,0,0,0,0,0,0,0,0,0,0,0,0,0,0,0,0,0,0,0,0,0,0,0,0,0,0,0,0,0,0,0,0,0,0,0,0,0,0,0,0,0.181343,0,0,0,0,0,0,0
0,0,0,0,0,0,0,0,0,0,0,0,0,0,0,0,0,0,0,0,0,0,0,0,0,0,0,0,0,0,0,0,0,0,0,0,0,0,0,0,0,0,0,0,0,0,0.123745,0,0,0,0,0,0,0.011556,0,0.181343,0,0,0,0,0,0,0
0,0,0,0,0,0,0,0,0,0,0,0,0,0,0,0,0,0,0,0,0,0,0,0,0,0,0,0,0,0,0,0,0,0,0,0,0,0,0,0,0,0,0,0,0,0,0.123745,0,0,0,0,0,0,0,0,0.173363,0,0,0,0,0,0,0
0,0,0,0,0,0,0,0,0,0,0,0,0,0,0,0,0,0,0,0,0,0,0,0,0,0,0,0,0,0,0,0,0,0,0,0,0,0,0,0,0,0,0,0,0,0,0,0,0,0,0,0,0,0,0,0.009405,0,0,0,0,0,0,0
0,0,0,0,0,0,0,0,0,0,0,0,0,0,0,0,0,0,0,0,0,0,0,0,0,0,0,0,0,0,0,0,0,0,0,0,0,0,0,0,0,0,0,0,0,0,0,0,0,0,0,0,0,0,0,0.0776,0,0,0,0,0,0,0
0,0,0,0,0,0,0,0,0,0,0,0,0,0,0,0,0,0,0,0,0,0,0,0,0,0,0,0,0,0,0,0,0,0,0,0,0,0,0,0,0,0,0,0,0,0,0,0,0,0,0,0,0,0,0,0.01666,0,0,0,0,0,0,0
0,0,0,0,0,0,0,0,0,0,0,0,0,0,0,0,0,0,0,0,0,0,0,0,0,0,0,0,0,0,0,0,0,0,0,0,0,0,0,0,0,0,0,0,0,0,0,0,0,0,0,0,0,0,0,0.006503,0,0,0,0,0,0,0
0,0,0,0,0,0,0,0,0,0,0,0,0,0,0,0,0,0,0,0,0,0,0,0,0,0,0,0,0,0,0,0,0,0,0,0,0,0,0,0,0,0,0,0,0,0,0,0,0,0,0,0,0,0,0,0.181343,0,0,0,0,0,0,0
0,0,0,0,0,0,0,0,0,0,0,0,0,0,0,0,0,0,0,0,0,0,0,0,0,0,0,0,0,0,0,0,0,0,0,0,0,0,0,0,0,0,0,0,0,0,0,0,0,0,0,0,0,0,0,0.181343,0,0,0,0,0,0,0
0,0,0,0,0,0,0,0,0,0,0,0,0,0,0,0,0,0,0,0,0,0,0,0,0,0,0,0,0,0,0,0,0,0,0,0,0,0,0,2.931629,3.528413,0,0,0,0,0,0,0,0,0,0,0,0,0,5.236042,0,0,0,0,0,0,0,0
0,0,0,0,0,0,0,0,0,0,0,0,0,0,0,0,0,0,0,0,0,0,0,0,0,0,0,0,0,0,0,0,0,0,0,0,0,0,0,4.324152,5.204409,0,0,0,0,0,0,0,0,0,0,0,0,0.051634,0,0,0,0,0,0,0,0,0
0,0,0,0,0,0,0,0,0,0,0,0,0,0,0,0,0,0,0,0,0,0,0,0,0,0,0,0,0,0,0,0,0,0,0,0,0,0,0,0,0,0,0,0,0,0,0,0,0,0,0,0,0,0,0,0,0,0,0,0,0,0,0
0,0,0,0,0,0,0,0,0,0,0,0,0,0,0,0,0,0,0,0,0,0,0,0,0,0,0,0,0,0,0,0,0,0,0,0,0,0,0,0.073291,0.08821,0,0,0,0,0,0,0,0,0,0,0,0,0,0,0,0,0,0,0,0,0,0
0,0,0,0,0,0,0,0,0,0,0,0,0,0,0,0,0,0,0,0,0,0,0,0,0,0,0,0,0,0,0,0,0,0,0,0,0,0,0,51.3035,0,0,0,0,0,0,0,0,0,0,0,0,0,0,0,0,0,0,0,0,0,0,0
0,0,0,0,0,0,0,0,0,0,0,0,0,0,0,0,0,0,0,0,0,0,0,0,0,0,0,0,0,0,0,0,0,0,0,0,0,0,0,0,61.74723,0,0,0,0,0,0,0,0,0,0,0,0,0,0,0,0,0,0,0,0,0,0
0,0,0,0,0,0,0,0,0,0,0,0,0,0,0,0,0,0,0,0,0,0,0,0,0,0,0,0,0,0,0,0,0,0,0,0,0,0,0,14.65814,17.64207,0,0,0,0,0,0,0,0,0,0,0,0,0,0,0,0,0,0,0,0,0,0
