dl	
n=62
format=edgelist1
labels embedded
data:
1	13	0,00277
1	14	0,21109
1	15	0,13124	
1	17	0,28125
1	18	0,16614
1	20	0,14180
1	21	0,30063
1	22	0,08713
1	23	0,07740
1	24	0,00278
1	25	0,58369
1	42	0,13106
1	43	0,06615
1	50	0,08498
1	51	0,06256
1	52	0,04267
2	13	0,02683
2	17	0,00186
2	19	0,06280
2	20	0,02561
2	24	0,00565
2	25	0,00037
2	42	0,02587
2	50	0,00773
2	51	0,02360
2	52	0,01522
3	14	6,87630
3	15	0,21220
3	17	3,46160
3	18	0,27200
3	19	4,31708
3	20	0,24535
3	21	1,78891
3	22	0,48778
3	23	0,36863
3	24	0,07671
3	25	0,09909
3	42	1,80160
3	43	0,68097
3	44	0,30918
3	45	0,02593
3	46	0,06488
3	47	0,01555
3	48	0,14308
3	49	0,27577
3	50	5,74399
3	52	0,70138
3	53	1,10071
4	14	0,29025
4	15	0,21129
4	17	0,50083
4	18	0,19234
4	19	0,82306
4	21	1,13164
4	22	0,10588
4	23	0,18758
4	24	0,01873
4	25	0,01198
4	42	1,26837
4	43	0,62581
4	44	0,30069
4	45	0,05390
4	46	0,06613
4	47	0,01568
4	48	0,14292
4	49	0,29722
4	50	1,25541
4	51	0,18191
4	52	0,27931
4	53	0,49425
4	54	0,00348
5	14	7,38820
5	15	0,21220
5	17	3,68452
5	18	0,27373
5	19	0,58955
5	21	4,13449
5	22	0,14815
5	23	0,19389
5	42	7,24014
5	43	0,20668
5	44	0,35239
5	45	0,05487
5	46	0,18883
5	47	0,04290
5	48	0,14308
5	49	0,27577
5	50	4,12161
5	51	0,17911
5	52	0,86767
5	53	0,88832
5	54	0,00356
6	14	4,00018
6	15	0,11157
6	17	0,12186
6	18	0,11673
6	19	0,72429
6	21	0,32235
6	22	0,05922
6	23	0,14315
6	24	0,00063
6	25	0,01276
6	42	1,92421
6	43	0,39524
6	44	0,28974
6	45	0,03332
6	46	0,00178
6	47	0,00061
6	48	0,09472
6	49	0,25329
6	50	0,54079
6	51	0,14102
6	52	0,09848
6	53	0,08282
6	54	0,00006
7	14	1,39584
7	15	0,11453
7	17	0,50083
7	19	0,44628
7	21	0,76129
7	22	0,08031
7	23	0,09675
7	24	0,05046
7	42	1,42924
7	43	0,48967
7	44	0,26094
7	45	0,03332
7	46	0,00178
7	47	0,00061
7	48	0,09472
7	49	0,25329
7	50	0,54079
7	51	0,14102
7	52	0,04359
7	53	0,07347
7	54	0,00004
8	15	0,10318
8	21	0,23319
8	22	0,03903
8	23	0,11748
8	42	0,30936
8	43	0,00439
8	44	0,28974
8	45	0,02418
8	46	0,01779
8	47	0,00061
8	48	0,09472
8	49	0,25329
8	50	0,34765
8	51	0,14488
8	54	0,00004
9	14	0,97630
9	15	0,11799
9	21	0,65498
9	22	0,09511
9	23	0,13723
9	42	0,55685
9	43	0,58189
9	44	0,28974
9	45	0,03332
9	46	0,00178
9	47	0,00061
9	48	0,09472
9	49	0,25329
9	50	0,01931
9	51	0,14102
9	54	0,00006
10	14	3,84978
10	15	0,13576
10	17	0,45625
10	18	0,00315
10	19	1,04803
10	21	4,09448
10	22	0,08524
10	23	0,13723
10	42	0,89095
10	43	0,06587
10	44	0,05933
10	45	0,03332
10	46	0,12425
10	47	0,02760
10	48	0,01962
10	49	0,05221
10	50	0,07726
10	51	0,06085
10	52	0,29222
10	53	0,37269
10	54	0,00006
11	14	0,03166
11	15	0,19056
11	18	0,01166
11	19	0,00366
11	21	1,14879
11	22	0,34995
11	23	1,30217
11	24	0,07985
11	25	0,00313
11	42	1,28075
11	44	0,53744
11	45	0,05313
11	46	0,03143
11	47	0,00122
11	48	0,12722
11	49	0,43214
11	50	0,71462
11	51	0,22022
11	54	0,00006
12	14	0,28234
12	15	0,13625
12	16	0,04192
12	17	0,08174
12	19	0,42433
12	21	0,90531
12	22	0,36745
12	23	0,66836
12	24	0,02724
12	25	0,05210
12	42	1,93040
12	43	0,01318
12	44	0,36117
12	45	0,03525
12	46	0,01809
12	47	0,00061
12	48	0,09472
12	49	0,25329
12	51	0,14971
12	53	0,03607
12	54	0,00006
13	14	0,00264
13	15	0,00535
13	20	0,00029
13	22	0,01669
13	24	0,00520
13	25	0,01166
13	42	0,01350
13	43	0,00027
13	44	0,00907
13	45	0,00290
13	46	0,00023
13	48	0,01137
13	49	0,01473
13	50	0,00773
13	51	0,01587
14	15	0,15896
14	17	0,00594
14	18	0,00047
14	21	3,94703
14	22	0,22882
14	23	0,59432
14	24	0,05431
14	25	0,01302
14	42	0,34648
14	43	0,00439
14	44	0,36578
14	45	0,04232
14	46	0,01898
14	47	0,00085
14	48	0,12442
14	49	0,26931
14	50	0,30902
14	51	0,15776
14	52	0,00484
14	53	0,00134
14	54	0,00009
15	21	0,82301
15	22	0,02916
15	23	1,99719
15	42	0,60634
15	43	0,01098
15	44	0,01325
15	45	0,04155
15	46	0,13256
15	47	0,05544
15	48	0,00411
15	49	0,01241
15	50	0,15451
15	51	0,07019
15	54	0,00664
16	15	0,00140
16	23	0,01224
16	42	0,02587
16	45	0,02696
16	46	0,07377
16	47	0,04181
16	50	0,05215
16	51	0,00203
16	53	0,01737
16	54	0,00350
17	18	0,26938
17	21	0,90874
17	22	0,22029
17	23	0,19350
17	42	0,82290
17	43	0,07685
17	44	0,04032
17	45	0,05390
17	46	0,18860
17	47	0,07051
17	48	0,05773
17	49	0,03670
17	50	1,02364
17	51	0,08629
17	52	0,38748
17	53	0,75741
17	54	0,00862
18	43	2,16946
18	44	0,00634
18	45	0,06007
18	46	0,22360
18	47	0,07282
18	51	0,08693
18	54	0,00597
19	17	1,53370
19	18	0,26969
19	21	1,10078
19	22	0,26202
19	23	0,21621
19	42	0,90333
19	43	0,08344
19	44	0,04608
19	45	0,05390
19	46	0,18860
19	47	0,07051
19	48	0,05997
19	49	0,04239
19	50	1,88698
19	51	0,08629
19	52	0,42461
19	53	0,74806
19	54	0,00862
20	43	0,05956
20	44	0,11909
20	48	0,02314
20	49	0,12845
21	23	1,63882
21	42	1,48493
21	43	0,02635
21	44	0,02419
21	45	0,00064
21	46	0,15035
21	47	0,05544
21	48	0,00617
21	49	0,02016
21	51	0,06085
21	53	0,02805
21	54	0,00523
22	21	0,20918
22	23	0,12637
22	43	0,02415
22	45	0,04837
22	46	0,14353
22	47	0,05677
22	50	0,34765
22	51	0,06471
22	54	0,00708
23	42	0,08043
23	43	3,16196
23	44	0,00691
23	45	0,03332
23	46	0,12247
23	47	0,05544
23	48	0,00374
23	49	0,00724
23	51	0,07373
23	54	0,00397
24	15	0,01621
24	22	0,03194
24	23	0,00731
24	42	0,00731
24	45	0,01962
24	46	0,04323
24	47	0,03658
24	51	0,04356
24	54	0,00388
25	42	0,00731
25	44	0,18303
25	45	0,02606
25	46	0,08771
25	47	0,04059
25	48	0,07863
25	49	0,18996
25	50	0,10430
25	51	0,05419
25	54	0,00354
26	32	24,36193
26	33	0,78026
26	34	0,00068
26	35	2,13428
26	36	1,09997
26	37	7,90364
26	42	4,54758
26	50	67,13557
26	51	0,01030
26	52	2,97227
27	31	0,00851
27	32	0,56603
27	33	0,84020
27	34	0,06980
27	35	0,66669
27	36	1,20043
27	37	3,17441
27	38	0,02295
27	39	0,02874
27	42	0,45167
27	43	0,08124
27	50	0,40560
27	51	0,06085
27	52	0,45528
28	32	21,86385
28	33	1,31273
28	34	0,05656
28	35	7,91950
28	36	1,36227
28	37	4,89046
28	38	0,30105
28	39	0,92987
28	42	2,27801
28	43	3,13589
28	44	0,30746
28	45	0,03699
28	46	0,09957
28	47	0,00072
28	48	0,13486
28	49	0,35589
28	50	7,61745
28	51	0,17879
28	52	1,05495
28	53	1,48543
29	32	33,02596
29	33	2,06534
29	35	12,35257
29	36	1,59499
29	37	8,08647
29	38	0,64255
29	39	0,93869
29	42	9,09010
29	43	0,67219
29	44	0,30342
29	45	0,05847
29	46	0,07644
29	47	0,01688
29	48	0,14121
29	49	0,27009
29	50	73,32378
29	51	0,13307
29	52	3,23935
29	53	4,99729
29	54	0,00367
30	32	1,15848
30	35	1,26123
30	36	0,04297
30	37	0,04463
30	42	6,08313
30	43	1,42755
30	44	0,54478
30	45	0,06671
30	46	0,02455
30	48	0,03622
30	49	0,52751
30	50	1,91981
30	51	0,20422
30	52	0,15730
30	53	0,00668
30	54	0,00028
31	34	0,00003
31	39	0,01045
31	42	0,01237
31	43	0,01098
31	44	0,00576
31	46	0,00119
31	49	0,00414
31	50	0,01931
31	51	0,00354
32	33	2,00886
32	35	8,10421
32	36	1,92621
32	37	5,15248
32	39	0,34680
32	42	4,86313
32	45	0,06278
32	50	0,92707
32	51	0,05731
32	52	1,75656
32	53	2,06784
33	37	0,20731
33	42	4,07117
33	43	0,03074
33	44	0,14804
33	45	0,03705
33	46	0,15598
33	47	0,05653
33	48	0,01270
33	49	0,15197
33	50	14,62072
33	51	0,05634
33	52	0,53117
33	53	0,04408
33	54	0,01082
34	35	0,00433
34	37	0,00432
34	38	0,00476
34	39	0,01437
34	42	0,01237
34	43	0,00220
34	44	0,00346
34	46	0,00148
34	48	0,00504
34	51	0,01288
35	33	0,69498
35	36	0,48720
35	37	0,57874
35	42	7,30088
35	43	0,03074
35	44	0,16475
35	45	0,07229
35	46	0,16191
35	47	0,06431
35	48	0,00990
35	49	0,20831
35	50	4,67400
35	51	0,06793
35	52	0,00484
35	53	0,03206
35	54	0,01464
36	42	0,01856
36	43	1,94329
36	44	0,02189
36	45	0,03705
36	46	0,12722
36	47	0,04170
36	48	0,00729
36	49	0,01964
36	50	0,15451
36	51	0,03542
36	52	0,12916
36	54	0,00860
37	36	0,02595
37	42	0,01237
37	43	5,83645
37	44	0,06855
37	45	0,05634
37	46	0,21084
37	47	0,05920
37	48	0,00934
37	49	0,06255
37	50	4,09457
37	51	0,05827
37	52	0,06619
37	53	0,01202
37	54	0,01157
38	33	0,08298
38	35	0,00866
38	36	0,11971
38	37	0,06047
38	42	0,03094
38	43	0,02854
38	44	0,00634
38	45	0,02920
38	46	0,07858
38	47	0,02444
38	51	0,03059
38	52	0,06619
38	53	0,05610
38	54	0,00546
39	33	0,50020
39	35	0,10390
39	36	0,00167
39	37	0,03455
39	42	0,01237
39	43	0,01098
39	44	0,32142
39	45	0,03936
39	46	0,13730
39	47	0,04170
39	48	0,09285
39	49	0,24812
39	51	0,03542
39	52	0,05166
39	53	0,05610
39	54	0,00540
40	13	0,13143
40	15	2,29659
40	16	0,00003
40	17	2,80732
40	19	6,77833
40	21	10,85347
40	22	1,44243
40	23	1,60328
40	24	0,57464
40	25	0,08049
40	52	0,00161
41	31	0,08333
41	32	0,61131
41	33	3,23977
41	34	0,00838
41	35	10,24715
41	36	0,50562
41	37	12,96110
41	38	0,42827
41	39	0,99665
41	50	0,90776
41	51	0,02640
41	52	2,50083
42	56	0,46138
43	56	0,16212
44	56	0,18134
45	56	0,18134
46	56	1,08819
47	56	0,54411
48	56	0,18134
49	47	0,12375
49	54	0,01156
49	56	0,18134
50	47	0,12375
50	56	0,17336
51	56	0,00941
52	56	0,07760
53	56	0,01666
54	56	0,00650
55	56	0,18134
57	40	2,93163
57	41	3,52841
57	55	5,23604
58	40	4,32415
58	41	5,20441
58	54	0,05163
59	40	0,07329
59	41	0,08821
60	40	51,30350
61	41	61,74723
62	40	14,65814
62	41	17,64207