0 0 0 0 0 0 0 0 0 0 0 0 0 0 0 0 0 0 0 0 0 0 0 0 0 0 0 0 0 0 0 0 0 0 0 0 0 0 0 0 0 0 0 0 0
0 0 0 0 0 0 0 0 0 0 0 0 0 0 0 0 0 0 0 0 0 0 0 0 0 0 0 0 0 0 0 0 0 0 0 0 0 0 0 0 0 0 0 0 0
0 0 0 0 0,0219 0 0,0097 0 0 0 0 0 0 0 0 0 0 0 0 0 0 0 0 0 0 0 0 0 0 0 0 0 0 0 0 0 0 0 0 0 0 0 0 0 0
0 0 0,1158 0 0 0 0 0 0 0 0 0 0 0 0 0 0 0 0 0 0 0 0 0 0 0 0 0 0 0 0 0 0 0 0 0 0 0 0 0 0 0 0 0 0
0,0036 0 0 0 0 0 0 0 0 0 0 0 0 0 0 0 0 0 0 0 0 0 0 0 0 0 0 0 0 0 0 0 0 0 0 0 0 0 0 0 0 0 0 0 0
0,0023 0 0 0 0 0 0 0 0 0 0 0 0 0 0 0 0 0 0 0 0 0 0 0 0 0 0 0 0 0 0 0 0 0 0 0 0 0 0 0 0 0 0 0 0
0 0 0 0 0 0,0018 0 0 0 0 0 0 0 0 0,0308 0 0 0 0 0 0 0 0 0 0 0 0 0 0 0 0 0 0 0 0 0 0 0 0 0 0 0 0 0 0
0 0 0,0463 0 0,0438 0,0184 0 0 0 0 0 0 0 0 0 0 0 0 0 0 0 0 0 0 0 0 0 0 0 0 0 0 0 0 0 0 0 0 0 0 0 0 0 0 0
0 0 0,6949 0 0 0 0 0 0 0 0 0 0 0 0 0 0 0 0 0 0 0 0 0 0 0 0 0 0 0 0 0 0 0 0 0 0 0 0 0 0 0 0 0 0
0 0,0962 1,4964 0,1558 0 0,2575 0,0346 0 0 0 0 0 0,035 0 0 0 0 0 0 0 0 0 0 0 0 0 0 0 0 0 0 0 0 0 0 0 0 0 0 0 0 0 0 0 0
0 0 0,1621 0,0141 0,0613 0,0184 0 0,0132 0 0 0 0 0 0 0 0 0 0 0 0 0 0 0 0 0 0 0 0 0 0 0 0 0 0 0 0 0 0 0 0 0 0 0 0 0
0 0 0,0093 0,0468 0 0 0 0 0 0 0,06 0 0 0 0,0616 0 0 0 0 0 0 0 0 0 0 0 0 0 0 0 0 0 0 0 0 0 0 0 0 0 0 0 0 0 0
0 0 0 0 0 0 0 0 0 0 0 0 0 0 0 0 0 0 0 0 0 0 0 0 0 0 0 0 0 0 0 0 0 0 0 0 0 0 0 0 0 0 0 0 0
0 0 0 0 0 0 0 0 0 0 0 0 0,0037 0 0 0 0 0 0 0 0 0 0 0 0 0 0 0 0 0 0 0 0 0 0 0 0 0 0 0 0 0 0 0 0
0 0 0,0139 0,0445 0 0 0 0,0903 0 0 0,0948 0 0 0 0 0 0,1083 0 0 0 0 0 0 0 0 0 0 0 0 0 0 0 0 0 0 0 0 0 0 0 0 0 0 0 0
0 0 0,2316 0,438 0 0,2189 0,013 0,3913 3,0546 0 0,0876 0,0959 0 0,1988 0 0 0 0 0 0 0 0 0 0 0 0 0 0 0 0 0 0 0 0 0 0 0 0 0 0 0 0 0 0 0
0 0 0,0185 0 0 0,0552 0,0076 0 0,1211 0 0 0 0 0 0,0924 0 0 0 0 0 0 0 0 0 0 0 0 0 0 0 0 0 0 0 0 0 0 0 0 0 0 0 0 0 0
0 0 0 0 0 0 0 0 0 0 0 0 0 0 0 0 0 0 0 0 0 0 0 0 0 0 0 0 0 0 0 0 0 0 0 0 0 0 0 0 0 0 0 0 0
0 0 0 0,0234 0 0,0184 0,0081 0 0 0,0443 0 0 0 0,0828 0 0,0957 0 0 0 0 0 0 0 0 0 0 0 0 0 0 0 0 0 0 0 0 0 0 0 0 0 0 0 0 0
0 0 0 0,0152 0,0219 0,4231 0,0595 0 1,0909 0 0,096 0 0,0029 0,4208 0,339 0 0,007 0 0 0 0 0 0 0 0 0 0 0 0 0 0 0 0 0 0 0 0 0 0 0 0 0 0 0 0
0 0 0,0927 0,0023 0,1314 0,2208 0 0,1505 0 0 0,03 0,0259 0 0,0232 0,1541 0,9389 0,5522 0 0 0 0 0 0 6 0 0 0 0 0 0 0 0 0 0 0 0 0 0 0 0 0 0 0 0 0
0 0 0 0,0023 0,0263 0,0975 0,0122 0,2013 0,5692 0,0222 0,0108 0,3808 0,0029 0,1557 0,0308 0,8247 0 0 1,3565 0 0,045 0 0 0 0 0 0 0 0 0 0 0 0 0 0 0 0 0 0 0 0 0 0 0 0
0 0 0 0 0 0 0 0 0 0 0 0 0 0 0 0 0 0 0 0 0 0 0 0 0 0 0 0 0 0 0 0 0 0 0 0 0 0 0 0 0 0 0 0 0
0 0 0,417 0,1651 0 0 0 0,0959 0,4844 0 0,4297 0,6477 0 0 0,4622 5,264 1,0066 0 0 1,9589 0,18 0 0,2106 0 0 0 0 0 0 0 0 0 0 0 0 0 0 0 0 0 0 0 0 0 0
0 0 0,0232 0,0012 0 0,1012 0 0,0019 0,6909 0,0443 0,0024 0,1036 0 0,0331 0,0154 0,1726 0,0035 0 0,0452 0 0,045 0 0 0 0 0 0 0 0 0 0 0 0 0 0 0 0 0 0 0 0 0 0 0 0
0 0,0306 0,139 0 0,1095 0,2208 0,0318 0,0414 0,4845 0,0443 0,0024 0,1321 0 0 0 0 0 0,3248 0 0 0 0 0 0 0 0 0 0 0 0 0 0 0 0 0 0 0 0 0 0 0 0 0 0 0
0 0 0 0 0 0 0 0,0056 0,1212 0 0,0036 0,0259 0 0 0 0,0383 0,0035 0 0 0 0,045 0 0 0 0 0 0 0 0 0 0 0 0 0 0 0 0 0 0 0 0 0 0 0 0
0 0 0 0,0281 0 0 0 0 0 0 0,0336 0 0 0 0,0462 1,9756 0 0 0 1,9589 0 0 0,8424 0 0 0 0 0 0 0 0 0 0 0 0 0 0 0 0 0 0 0 0 0 0
0 0 0 0 0 0 0 0 0 0 0 0 0 0 0 0 0 0 0 0 0 0 0 0 0 0 0 0 0 0 0 0 0 0 0 0 0 0 0 0 0 0 0 0 0
0 0 0 0,0012 0,0044 0,0184 0 0,0019 0,1818 0,0222 0,0024 0,1114 0 0,3645 0 0,115 0,0384 0,1299 0,0452 0,089 0 0 0 0 0 0 0 0 0 0 0 0 0 0 0 0 0 0 0 0 0 0 0 0 0
0 0 0,1158 0,1206 0,0175 0,1692 0,0473 0,1053 4,9576 0,0443 0,0096 0,6788 0 1,2159 0,0154 1,1497 0,1083 0,3573 0,2577 0,089 0,045 0 0 0 0 0 0 0 0 0 0 0 0 0 0 0 0 0 0 0 0 0 0 0 0
0 0 0,0463 0 0 0 0 0,1016 0 0 0 0 0 0 0 0 0 0 0,0497 0 0 0 0 0 0 0 0 0 0 0 0 0 0 0 0 0 0 0 0 0 0 0 0 0 0
0 0 0 0 0 0 0 0,0075 0 0 0,0336 0 0 0 0,3236 0 0,0105 0 0 0 0 0 0 90 0 0 0 0 0 0 0 0 0 0 0 0 0 0 0 0 0 0 0 0 0
0 0 0 0 0 0 0 0 0 0 0 0,0026 0 0,0331 0 0,0384 0,0105 0,0049 0,0045 0 0,135 0,054 0 0 0,0198 0,1012 0,0036 0 0 0,0107 0,2413 0,1879 0 0 0 0 0 0 0 0 0 0 0 0 0
0 0 0,3243 0 0 0 0,0196 0,126 0,3637 0 0 0,386 0 0,2054 0,0616 6,7255 1,398 0,8072 0,737 0 43,47 8,892 0 15 2,7283 19,0687 0,4877 0 0 2,2384 23,8895 43,036 102,258 0 0 0 0 0 0 0 0 0 0 0 0
0 0 0 0 0 0 0 0 0 0 0,0336 0 0 0 0,0154 0 0 0 0 0,1781 0,045 0 0 0 0 0 0 5,89 0,2253 0 0 0 0 0 0 0 0 0 0 0 0 0 0 0 0
0 0 0 0 0 0 0 0 0 0 0 0 0 0 0,0616 0 0 0 0 0 0 0 0 9 0 0 0 0 0 0 0 0 0 0 0 0 0 0 0 0 0 0 0 0 0
0 0 0 0 0 0 0 0 0 0 0 0 0 0 0,3082 0 0 0 0 0 0 0 0,5265 15 0 0 0 0 0 0 0 0 0 0 0 0 0 0 0 0 0 0 0 0 0
0 0 0,0927 0,0281 0 0 0 0 0 0 0,1199 0 0,0029 0,1756 0,0462 0 0,1643 0 0,7099 12,4656 0,135 0,018 0 0 0,2246 4,1981 0 24,49 2,0273 0,6747 0 0 0 0 0 0 0 0 0 0 0 0 0 0 0
0 0 0 0 0 0 0 0 0 0 0 0 0 0,0596 0,1541 0 0 0 0 0 0 0 3,6855 0 0 0 0 0 0 0 0 0 0 0 0 0 0 0 0 0 0 0 0 0 0
0 0 0 0 0 0 0 0 0 0 0 0 0 0 0 0 0 0 0,009 0 0,045 0 0 0 0,0264 0,1517 0,0089 0 0 0,0536 1,4478 0,7517 0 0,0057 1,0903 0 0 0 0 0 0 0 0 0 0
0 0 0 0 0 0 0,0097 0 0 0 0 0 0 0,0033 0 1,4193 0,0839 0 1,3067 0,3562 0,675 0,036 0 15 3,6069 27,0603 1,2797 0 0 7,7326 215,7294 125,1613 102,258 0,7053 135,2028 0 0 65,205 0 0 0 0 0 0 0
0 0 0 0 0 0 0 0 0 0 0 0 0 0 0 0 0 0 0 0 0 0 0 0 0 0 0 0 0 0 0 1,3155 0 2,133 0 710,7 0 0 91,35 143,75 12,24 0 0 0 0
0 0 0 0 0 0 0 0 0 0 0 0 0 0 0 0 0 0 0 0 0 0 0 0 0 0 0 0 0 0 0 17,4775 0 0 408,8794 0 0 0 0 0 0 1500 0 0 0
0 0 0 0 0 0 0 0 0 0 0 0 0 0 0 0 0 0 0 0 0 0 0 15 0 0 0 0,31 0 0 0 0 0 0 0 0 0 0 52,2 0 0 0 0 0 0
