0 192,0391 3,66768 1,577923 0 0 0 0 0 0 0 0 0 0 0 0 0 0 0 0 0 0 0 0 0 0 1,837866 0,357853 0 0 0 0 0 0 0 0 0
0 0 15,89328 11,04546 0,39514 0 0 0 0 0,056605 0 0 0,242173 0 0 0 0 6e-05 0 0 0,056107 0 0 0 0,34249 29,79522 22,37644 6,441345 3,910567 0,585082 0 0 0 0 0 0 0
0 0 0 0 0 0 0,039397 0,095084 0,036656 0 0 0 0 0 0 0,000888 0 0,003464 0,003164 2,831552 0,019637 0 0 0,050176 0,666437 0 0 0 0,925744 1,295987 0 0,001334 0 0 5,9e-05 0 0,687881
0 0 0 0 0 0 0 0 0 0 0 0 0 0 0 0 0 0 0 0 0,145878 0 0 0 0 0 0 0 0 0 0 0,000572 0,001065 0 0 0 0
0 0 0 0 0 0 0,04193 0,021495 0,003279 0 0 0 0,362441 0 0 0,00984 0,002867 0,011023 0,000527 0 0,081355 0 0,005493 0 0,002181 0 0 0 0,016832 0,006291 0 0,000191 0 0 0 0 0
0 0 0 0 0 0 0,068664 0,248684 0 0 0,007896 0,821161 0,784198 0 0 0,012984 0,099894 0,029921 0 2,988191 2,05632 0 0,003662 0,029328 0,078533 0 0 0,082581 0,179538 0,083883 0 0 0 0 0 0 0
0 0 0 0 0 0 0 0 0,00363 0 0,001217 0,001158 0,063401 0 0,001272 0,001367 0,007545 0,006299 0,002637 0,000301 0,000337 0 0,000284 0,008834 1,1e-05 0 0 0 0 8,4e-05 0,000942 0,001715 0 0 0 9,4e-05 0
0 0 0 0 0 0 0,001773 0 0,004216 0 0,001167 0,005148 0,169286 0,011757 0,004264 0,000342 0,006338 0,020787 0,004746 0 0,000421 7,8e-05 0,001831 0 0,001091 0 0 0 0,001459 0,000147 0 0 0,000204 0 0 0 0
0 0 0 0 0 0 0 0 0 0 0,022308 0 0 0 0,000449 0 0 0 0 0 0 0 0 0,000353 0 0 0 0 0 0 0 0 0 0 0 0 0
0 0 0 0 0 0 0,04981 0,123609 0,010423 0 0,560931 0,157025 0 0 0,000524 0,035261 0,000453 0,168186 0 0,06627 0,32542 0,128424 0,04303 0,111306 0 0 0 0 0,437624 0,012582 0 0 0,023849 0 0 0 0
0 0 0 0 0 0 0 0,001322 0,000586 0 0 0,048909 0 0 0 0,000615 0,011167 0,000315 0 0 0,022443 0 0 0,048056 0 0 0 0 0 0 0 0 0 7e-06 0 0,000429 0
0 0 0 0 0 0 0,003033 0,015968 0 0 0 0 0 0 0 0 0 0 0 0 0 0 0 0,005654 0 0 0 0 0,016832 0 0 0,026292 0 0 7,2e-05 0,004139 0,019482
0 0 0 0 0 0 0 0 0 0 0 0 0 0 0 0 0 0 0,01002 0 0 0 0,007324 0 0 0 0 0 0 0 0 0 0 0 0 0 0
0 0 0 0 0 0 0 0 0 0 0 0 0 0 0,012793 0 0 0 0 0 0 0 0 0 0 0 0 0 0 0 0 0 0 0 0 0,000107 0
0 0 0 0 0 0 0 0 0 0 0 0 0 0 0 0 0 0 0,005274 0 0 0 0 0,003534 0 0 0 0 0 0 0 0 0 0 0 0,000134 0
0 0 0 0 0 0 0 0 0 0 0 0 0 0 0,005162 0 0,000151 0 0 0 0,005611 0 0 0 0 0 0 0 0 0 0 0 0 0 0 0 0
0 0 0 0 0 0 0 0 0 0 0 0,012871 0 0 0 0 0 0 0 0 0 0 0,000916 0 0 0 0 0 0 0 0 0 0 0 0 0 0
0 0 0 0 0 0 0 0 0 0 0 0 0 0 0,007706 0 0 0 0,006856 0 0 0 0 0 0 0 0 0 0 0 0 0 0 0 0 9,4e-05 0
0 0 0 0 0 0 0 0 0 0 0 0 0 0 0 0 0 0 0 0 0 0 0 0 0 0 0 0 0 0 0 0 0 0 0 1,3e-05 0
0 0 0 0 0 0 0 0 0 0 0 0,064354 0 0,018882 0,003666 0 0 0 0,062757 0 0 0 0,02472 0,029682 0 0 0 0 0,005611 0 0 0 0 0 0 0,00217 0
0 0 0 0 0 0 0 0,007572 0 0 0,002283 0,000978 0 0,008835 0,032319 0,005125 0,008752 0,010079 0,069613 0 0 0 0,064088 0,007067 0 0 0 0 0,011221 0 0 0 0 0 0 0,000281 0
0 0 0 0 0 0 0 0 0 0 0 0 0 0 0 0 0,003018 0,008504 0 0 5e-06 0 3,7e-05 0 0 0 0 0 0 0 0 0 0 0 0 5,4e-05 0
0 0 0 0 0 0 0 0 0 0 0,006515 0 0 0 0,006733 0,00041 0,001962 0,011653 0,004746 0 0 0 0 0,00318 0 0 0 0 0 0 0 0 0 0 0 0 0
0 0 0 0 0 0 0 0 0 0 0 0,007723 0 0 0 0 0 0 0 0 0 0 0 0 0 0 0 0 0 0 0 0,000381 0 0 0 0 0
0 0 0 0 0 0 0 0 0 0 0 0,005148 0 0,016174 0 0,001367 0,002264 0,044409 0,027951 0 0,011221 0 0 0,022261 0 0 0 0 0,000673 0,010485 0 0,000191 0 0 0 0,000683 0
0 0 0 0 0 0 0 0 0 0 0 0,566318 0 0,015533 0 0 0,002867 0 0 0 0,002805 0 0,318607 0,036749 0 0 0 0 0,10099 0 0,081119 0,05144 0 0,001084 2,9e-05 0,002572 0
0 0 0 0 0 0 0 0 0 0 0 0,805716 0 0 0 0,000137 0 0 0,298493 0 0,002805 0 0,318607 0 0 0 0 0 0 0,102756 0,298308 0,003429 0 0,002175 8,6e-05 8e-05 0
0 0 0 0 0 0 0 0 0 0 0 0,002574 0 0 0 0 0 0 0 0 0,005611 0 0,023804 0 0 0 0 0 0 0 0,308775 0,016766 0 0,000825 0,000249 0,002532 0,043461
0 0 0 0 0 0 0 0 0 0 0 0 0 0 0 0 0 0 0,034807 0 0 0 0,088807 0 0 0 0 0 0 0 0 0,012193 0 0 4,4e-05 6,7e-05 0
0 0 0 0 0 0 0 0 0 0 0 0 0 0 0 0 0 0 0 0 0 0 0 0 0 0 0 0 0 0 0,095511 0 0 0 0 2,7e-05 0
0 0 0 0 0 0 0 0 0 0 0 0 0 0 0 0 0 0 0 0 0 0 0 0 0 0 0 0 0 0 0 0 0 0 0 1,3e-05 0
0 0 0 0 0 0 0 0 0 0 0 0 0 0 0 0 0 0 0 0 0 0 0 0 0 0 0 0 0 0 0 0 0 0 0 0 0
0 0 0 0 0 0 0 0 0 0 0 0 0 0 0 0 0 0 0 0 0 0 0 0 0 0 0 0 0 0 0 0 0 0 0 0 0
0 0 0 0 0 0 0 0 0 0 0 0 0 0 0 0 0 0 0 0 0 0 0 0 0 0 0 0 0 0 0 0 0 0 0 0 0
0 0 0 0 0 0 0 0 0 0 0 0 0 0 0 0 0 0 0 0 0 0 0 0 0 0 0 0 0 0 0 0 0 0,000147 0 0 0
0 0 0 0 0 0 0 0 0 0 0 0 0 0 0 0 0 0 0 0 0 0 0 0 0 0 0 0 0 0 0 0 0 0 0 0 0
0 0 0 0 0 0 0 0 0 0 0 0 0 0 0 0 0 0 0 0 0 0 0 0 0 0 0 0 0 0 0 0 0 0 0 0 0
