0 0,007 0 0 0 0 0 0 0 0 0 0 0 0 0
0,348 0 0,109 0,212 0 0 0 0,15 0 0 0 0 0 0 0
0,08 1,006 0 0,593 0 0 0 0 0 0 0 0 0 0 0
0,107 1,293 0,544 0 0 0 0 0,15 0 0 0 0 0 0 0
0,08 0,359 0,784 0,424 0 0 0 0,075 0 0 0 0 0 0 0
0,08 0,359 0,675 0,212 0,178 0 0 0,075 0 0 0 0 0 0 0
0,107 0,216 0,381 0,424 0,724 0,372 0 0,075 0 0 0 0 0 0 0
0,08 0,144 0,272 1,187 0,137 0,089 0,21 0 0 0 0 0 0 0 0
0,054 1,523 0,414 5,299 0 0 0 0,897 0 0 0 0 0 0 0
0,054 0 3,266 0,975 4,944 3,121 1,286 4,486 0 0 0 0 0,354 0 0
0 0 2,863 4,345 3,414 2,66 10,054 2,393 0 72,605 0 0 0,354 0 0
0 1,2 0,816 4,875 4,097 1,481 10,763 5,981 34,259 9,681 92,162 0 0,271 0 0
0 0 0,109 0,106 0 0 0,131 0 0 0 0 0 0 0 0
0 0 0 1,696 0 0 1,26 0 10,541 0 13,166 5349,285 0,053 0 0
0 0 0 0 0 0,39 0 0 0 0 0 0 2,576 0 0
