0 0 0 0 0 0 0 0 0 0 0 0 0 0 0 0 0 0 0 0 0 0 0 0 0 0 0 0 0 0 0
0 0 0 0 0 0 0 0 0 0 0 0 0 0 0 0 0 0 0 0 0 0 0 0 0 0 0 0 0 0 0
0 0 0 0 0 0 0 0 0 0 0 0 0 0 0 0 0 0 0 0 0 0 0 0 0 0 0 0 0 0 0
0 0 0 0 0 0 0 0 0 0 0 0 0 0 0 0 0 0 0 0 0 0 0 0 0 0 0 0 0 0 0
0 0 0 0 0 0 0 0 0 0 0 0 0 0 0 0 0 0 0 0 0 0 0 0 0 0 0 0 0 0 0
0 0 0 0 0 0 0 0 0 0 0 0 0 0 0 0 0 0 0 0 0 0 0 0 0 0 0 0 0 0 0
0,001917973 0,01728691 0,005237421 0,02696275 0,000280807 0 0 0 0 0 0 0 0 0 0 0 0 0 0 0 0 0 0 0 0 0 0 0 0 0 0
0,01883101 0,0473069 0,006547571 0,0202114 0,000702017 0,000240529 0,3218769 0 0,006296627 0,001326386 0,002853354 0 0,02898615 0,01088806 0,06414878 0 0 0 0 0,007440366 0 0 0 0 0 0 0 0 0 0 0
0 0,007692897 3,179976e-06 0 0 0 0 0 0 0 0 0 0 0 0 0 0 0 0 0 0 0 0 0 0 0 0 0 0 0 0
0 0,03258428 0,01555008 0,000426401 0 0,000404526 0,01551214 0 0,005057134 0 0,004483842 0 0,000327263 0 9,749054e-05 0 0 0 0 0 0 0 0 0 0 0 0 0 0 0 0
0 0,05835991 0 0 0 0,000404526 0,1595535 0 0,000148739 0 0 0 0,000327263 0 0,01637841 0 0 0 0 0 0 0 0 0 0 0 0 0 0 0 0
0 0 0 0 0,000382918 0,000404526 0,1639855 0 0,001487392 0,001657982 0,01182104 0 0,04044035 0 0,010334 0 0 0 0 3,460636e-05 0 0 0 0 0 0 0 0 0 0 0
0 0 0 0 1,843681e-05 0,000404526 0,008864081 0 0,000594957 0 0 0 0 0 0,0164759 0 0 0 0 0 0 0 0 0 0 0 0 0 0 0 0
0,00148207 0 0,001558188 5,685345e-05 6,09833e-05 0 0,9085683 0 0,02875625 0,004642349 0,000271748 0 0,0403001 0 0,04699044 0 0 0 0 5,767726e-05 0 0 0 0 0 0 0 0 0 0 0
0,02876959 0,04774902 0 0,02302565 0,00056445 0 0 0 0 0 0 0 0 0 0 0 0 0 0 0 0 0 0 0 0 0 0 0 0 0 0
0,01883101 0,00344854 0 0,04050808 0,000209896 0,001749303 0 0,09489184 0,122462 0,02553292 0,003532724 0 0,04675186 0,01209785 0,04055607 0 0 0 0 0 0 0 0 0 0 0 0 0 0 0 0
0,426313 0,02940101 0,000168539 0,000838588 0,001253703 0,02394359 3,365026 0,6910242 0,1690669 0,7571451 0,4769178 0,03992657 0 2,552645 0,09203108 0,015043 0 0 0,00134601 0 0 0 0 0 0 0 0 0 0 0 0
0,0453339 0 0 0,01904591 0 0,05552944 0,002770025 0,0373616 9,915947e-05 0,004531818 0,000543496 0,000168823 0,04675186 0,1705796 0,09203108 0,015043 0,6789294 0 0 0,007036625 0 0 0 0 0 0 0 0 0 0 0
0 0 0,000445197 0 0 0 0 0 0 0 0,001222866 0 0,000327263 0 0 0,007521501 0 0 0 0 0 0 0 0 0 0 0 0 0 0 0
0,002353876 0,000663181 0 0,001961444 0,000619761 4,373258e-05 0 0 0 0 0 0 0 0 0 0 0 0 0 0 0 0 0 0 0 0 0 0 0 0 0
0,183951 0 0,002289583 0,008883351 0,006353609 0,02350626 0 0 0,01358485 0,01182694 0,000135874 0 0,03384835 0,03024461 0,1010977 0,003008601 0 0 0 0,0254299 0 0 0 0 0 0 0 0 0 0 0
0,02615417 0,0884241 0 9,949353e-05 0,002382603 0,000874652 0,1157871 0 0,03807724 0 0,000271748 0 0,004301171 0,1778383 0,0329518 0,004512901 0 0 0 0 0 0 0 0 0 0 0 0 0 0 0
0,000697445 0 0 1,421336e-05 0,001255121 0 0,1240971 0,3190614 0,1006469 0,1031265 0,00951118 0 0,003880404 0,4234246 0,05742193 0,015043 0 0 0 0,000173032 0,004922393 0 0 0,004529653 0 0 0 0 0 0 0
0 0 0 9,949353e-05 5,672865e-05 0 0,02105219 0,01190281 0 0 0,000135874 0,001941461 0,06685515 0 0,009456583 0,015043 0 0 0 2,30709e-05 0 0 0 0 0 0 0 0 0 0 0
0 0 0 0 0 0 0,0326863 0,003636969 4,957974e-05 0 0,5895573 0,00312322 0,009350371 0 0,05313234 0,07521502 0 0 0 0,00134388 0 0 0 0,01164768 0 0 0 0 0 0 0
0 0 0 0 2,836433e-05 4,373258e-05 0,109139 0,002645069 0 0,000994789 0,005842582 0,08863192 0,009350371 0,001209785 0,0649287 0,07521502 0 0 0 0 0,004922393 0 0 0,1028878 0 0 0 0 0 0 0
0 0 0 0 0 0 0,105815 0,06744926 0,000148739 0 0,01059817 0,2980565 0,1075293 0 0,07799243 0,240688 0 0 0 9,805134e-05 0 0 0,09860075 0,8369073 0 0 0 0 0 0 0
0 0 0 0 1,418216e-05 0,001541573 0,01495814 0,006282038 4,957974e-05 0 0,1807124 0,4110833 0 0 0,004874527 0,9477092 0 0,003680972 0 0,0134388 0 0,2524729 0,09860075 1,065978 0 0 0 0 0 0 0
0,04481081 0,1092038 0 0 0 0 0,06648061 2,020171 0,009221831 0,1924364 0,03125102 0,000759702 0,009350371 6,484446 0,1803575 0,03760751 10,50362 0,7757649 0,02266964 0,002601244 0,2197849 0 0,2629353 0,007980816 0 0 0 0 0 0 0
0,07235987 0 0 0 0 0,000240529 0,00443204 0,04595807 4,957974e-05 0,000552661 0,000407622 0,000422057 0,000280511 1,947753 0,01355118 0,03760751 19,26272 8,418384 0,01137024 0 2,231813 2,272256 0,5258706 0,1056919 0 0 0 0 111,3281 0 0
0 0 0 0 0 0 0 0 0 0 0 0 0 0 0 0 0 0,004601215 0 0 0 0 0,5604904 0 0 25,5017 56,05675 0 152,3437 931,4506 0
