0 377,1508 2,9301 5,4825 0 0 0 0 0 0 0 0 0 0 0 0 0 0 0 0 0 0 0 0 0 0 0 0 3,156 0,0127 0 0 0 0 0 0 0
0 0 23,4699 60,307 5,5564 0 0 0 0 0 0 0 0 0 0 0 0 0 0 0 0 0 0 0 0 0,0007 1,5505 27,8771 38,3707 9,9009 2,8471 0,8746 0 0 0 0 0
0 0 0 0 0 0 0 0 0 0,0002 0 0,0136 0 0 0 0 0,0287 0 0 0 0,0028 0 0 0 0,1685 0,0007 3,4058 0 0 2,1761 3,1522 0,0544 0 0,0004 0 0 0,0001
0 0 0 0 0 0 0 0 0 0 0 0 0 0 0 0 0 0 0 0 0 0 0 0 0 0 0 0 0 0 0 0 0 0 0 0,0001 0
0 0 0 0 0 0 0 0 0,418 0,0116 0,023 0,2094 0 0 0,0025 0 0,7536 0 0 0 0,2589 0 0 0,0549 1,0088 0,0072 0,2838 0 0 0 3,2233 2,2234 0 0 0 0 0
0 0 0 0 0 0 0 0 0,0146 0 0,0166 1,422 0,0074 0 0 0 0,0255 0,2815 0 0 0,0372 0 0,0013 0,0058 0,1204 0,0122 0 0 0 0 0,1424 0 0 0 0 0 0
0 0 0 0 0 0 0 0 0 0 0 0 0,0009 0 0 0 0 0 0 0 0 0 0 0 0 0 0 0 0 0 0 0 0 0 0 0 0
0 0 0 0 0 0 0 0 1,9707 0,0417 0,1311 0,2284 0,6954 0 0,0959 0 0,0021 0,1382 0 0 0 0,0018 0,0419 0 0,5537 0,358 0 0 0 0 0 0 0 0 0 0,0798 0
0 0 0 0 0 0 0 0 0 0,0291 0,023 0,0761 0,0009 0,0086 0,0144 0 0,0913 0 0,016 0,0064 0,0551 0 0,0386 0,1729 0,0022 0,028 0 0 0 0 0,1119 0,3071 0,0014 0,0075 0 0 0
0 0 0 0 0 0 0 0 0 0 0 0 0,0009 0 0 0 0 0 0 0,0066 0,0055 0 0,0047 0 0 0 0 0 0 0 0 0 0 0 0 0 0
0 0 0 0 0 0 0 0 0 0 0 0 0 0 0 0 0 0 0 0,0001 0 0 0,0014 0,0002 0 0 0 0 0 0 0 0 0 0 0 0 0
0 0 0 0 0 0 0 0 0,0194 0,0728 0,0248 0 0,1254 0,0091 0,0959 0,0437 0,1486 0,0685 0,0112 0 0,095 0,0006 0,0091 0,0427 0,1838 0,0194 0 0 0 0 0,0305 0,0194 0 0 0 0,0005 0
0 0 0 0 0 0 0 0 0 0,001 0 0 0 0,0866 0 0,026 0 0 0 0,0046 0,0007 0 0,0384 0,0393 0,0066 0,0072 0 0 0 0 0 0 0 0 0 0 0
0 0 0 0 0 0 0 0 0 0 0 0 0 0 0 0 0 0 0 0,0075 0 0 0,0008 0,0039 0 0 0 0 0 0 0 0 0 0,0199 0,0026 0 0,0001
0 0 0 0 0 0 0 0 0 0 0 0 0 0 0 0 0 0 0 0 0 0 0 0 0 0 0 0 0 0 0 0 0 0 0 0 0
0 0 0 0 0 0 0 0 0 0 0 0 0 0 0 0 0 0 0 0 0 0 0 0 0 0 0 0 0 0 0 0 0 0 0 0 0
0 0 0 0 0 0 0 0 0 0,0002 0 0 0 0 0 0 0 0 0,0001 0,0105 0 0,0005 0,0006 0,0029 0 0,0007 0 0 0 0 0 0 0 0 0 0 0
0 0 0 0 0 0 0 0 0 0 0 0 0 0 0 0 0 0 0 0,0001 0 0,0013 0 0,0005 0 0 0 0 0 0 0 0 0 0 0 0 0
0 0 0 0 0 0 0 0 0 0 0 0 0 0 0 0 0 0 0 0 0 0 0 0,0034 0 0 0 0 0 0 0 0 0 0 0,0014 0 0
0 0 0 0 0 0 0 0 0 0 0 0 0 0 0 0 0 0 0 0 0 0 0 0 0 0 0 0 0 0 0 0 0 0 0 0 0,0001
0 0 0 0 0 0 0 0 0 0 0 0 0 0 0 0 0 0 0 0,0037 0 0,0036 0 0,0015 0 0 0 0 0 0 0 0 0 0 0 0 0,0004
0 0 0 0 0 0 0 0 0 0 0 0 0 0 0 0 0 0 0 0 0 0 0 0,0306 0 0 0 0 0 0 0 0 0 0 0 0 0,0007
0 0 0 0 0 0 0 0 0 0 0 0 0 0 0 0 0 0 0 0,0002 0 0 0 0 0 0 0 0 0 0 0 0 0 0 0 0 0
0 0 0 0 0 0 0 0 0 0 0 0 0 0 0 0 0 0 0 0,0002 0 0 0 0 0 0 0 0 0 0 0 0 0 0 0 0 0
0 0 0 0 0 0 0 0 0 0,0058 0,0065 0,0006 0,0286 0,0377 0,0238 0,0034 0,0011 0,0001 0 0,0266 0,0392 0,0427 0,0144 0,0452 0 0,0251 0 0 0 0 0 0 0 0 0,0134 0 0,0041
0 0 0 0 0 0 0 0 0 0 0 0 0,0009 0 0,0229 0,0109 0,0085 0 0 0 0,1088 0 0,0161 0,0034 0,0503 0 0 0 0 0 0 0 0 0 0 0 0,0029
0 0 0 0 0 0 0 0 0 0 0 0 0,0009 0,0205 0,0229 0,0109 0,0011 0 0,0106 0,0157 0,0826 0,0018 0,02 0,0486 0,0109 0,0452 0 0 0 0 0,1322 0,2021 0 0 0 0 0,0043
0 0 0 0 0 0 0 0 0 0 0 0 0 0,3176 0,3683 0,1466 0 0 0,012 0 0 0,07 0,0054 0 0 0 0 0 0 0 0,3762 0 0,0464 0,0669 0,0059 0 0,0197
0 0 0 0 0 0 0 0 0 0,008 0 0 0 0,711 0,067 0,0962 0 0 0 0 0,0021 0,0513 0,0534 0,017 0,0241 0,0552 0 0 0 0 0,0813 0,2021 0,5783 0,0169 0,0343 0 0,0306
0 0 0 0 0 0 0 0 0 0 0 0 0 0 0,1349 0,0827 0 0 0 0 0 0,0216 0 0 0,0284 0,0309 0 0 0 0 0,0712 0 0,1241 0,0279 0 0 0,0005
0 0 0 0 0 0 0 0 0 0 0 0 0 0,1985 0 0 0 0 0 0,0006 0 0 0 0,0092 0 0,0861 0 0 0 0 0 0 0 0 0,0343 0 0,0001
0 0 0 0 0 0 0 0 0 0 0 0 0 0,2036 0 0 0 0 0 0 0 0,0025 0 0 0 0,01 0 0 0 0 0 0 0,0668 0 0,0343 0 0
0 0 0 0 0 0 0 0 0 0 0 0 0 0 0 0 0 0 0 0 0 0 0 0 0 0 0 0 0 0 0 0 0 0 0 0 0,0001
0 0 0 0 0 0 0 0 0 0 0 0 0 0 0 0 0 0 0 0 0 0 0 0 0 0 0 0 0 0 0 0 0 0 0 0 0
0 0 0 0 0 0 0 0 0 0 0 0 0 0 0 0 0 0 0 0 0 0 0 0 0 0 0 0 0 0 0 0 0 0 0 0 0
0 0 0 0 0 0 0 0 0 0 0 0 0 0 0 0 0 0 0 0 0 0 0 0 0 0 0 0 0 0 0 0 0 0 0 0 0
0 0 0 0 0 0 0 0 0 0 0 0 0 0 0 0 0 0 0 0 0 0 0 0 0 0 0 0 0 0 0 0 0 0 0 0 0
