 0.000000000  0.778978078  0.000000000
 1.000000000  0.256107253  0.000000000
 2.000000000  0.556083248  0.000000000
 3.000000000  0.023249611  0.000000000
 4.000000000  0.405862182  0.000000000
 5.000000000  0.224785978  0.000000000
 6.000000000  0.999078376  0.000000000
 7.000000000  0.382965969  0.000000000
 8.000000000  0.490187344  0.000000000
 9.000000000  0.980312989  0.000000000
10.000000000  0.555446936  0.000000000
11.000000000  0.772217611  0.000000000
12.000000000  0.910617351  1.333333333
13.000000000  0.579130828  1.212121212
14.000000000  0.902435262  1.527405529
15.000000000  0.037292911  1.500000000
16.000000000  0.965984182  1.376590331
17.000000000  0.309174680  1.389567430
18.000000000  0.575454512  1.306962757
19.000000000  0.720561678  1.333333333
20.000000000  0.307392651  1.598125405
21.000000000  0.871098496  1.667620480
22.000000000  0.551609050  1.675556988
23.000000000  0.241511247  1.322314050
24.000000000  0.015583014  1.354545455
25.000000000  0.898571006  0.000000000
26.000000000  0.769557774  0.000000000
27.000000000  0.696552649  0.000000000
28.000000000  0.501854316  0.000000000
29.000000000  0.126921083  0.000000000
30.000000000  0.749837478  1.500000000
31.000000000  0.000733471  1.333333333
32.000000000  0.232814198  1.844000632
33.000000000  0.311167966  1.500000000
34.000000000  0.935619387  2.000767591
35.000000000  0.725426816  1.969634368
36.000000000  0.629989113  2.069972360
37.000000000  0.812999738  1.500000000
38.000000000  0.500023778  1.761904762
39.000000000  0.752254462  1.000000000
40.000000000  0.884758779  1.000000000
41.000000000  0.162089533  1.824626892
42.000000000  0.149440459  1.892715516
43.000000000  0.822507347  1.911413596
44.000000000  0.237787838  1.929492376
45.000000000  0.725284782  1.951830990
46.000000000  0.407099760  1.989393544
47.000000000  0.073409325  1.852294788
48.000000000  0.754130673  1.852294788
49.000000000  0.903834271  1.741815722
50.000000000  0.619961080  1.887993579
51.000000000  0.983651205  1.735011494
52.000000000  0.805704619  1.833513256
53.000000000  0.167749470  1.964312805
54.000000000  0.498026169  1.000000000
55.000000000  0.287343719  2.883336382
56.000000000  0.049545114  0.000000000
57.000000000  0.061305361  0.000000000
58.000000000  0.508696046  0.000000000
59.000000000  0.732376048  0.000000000
60.000000000  0.877603308  0.000000000
61.000000000  0.924065764  0.000000000
