#dl VarName2 onesyo
1 13 1
1 14 1
1 15 1
1 17 1
1 18 1
1 20 1
1 21 1
1 22 1
1 23 1
1 24 1
1 25 1
1 42 1
1 43 1
1 50 1
1 51 1
1 52 1
2 13 1
2 17 1
2 19 1
2 20 1
2 24 1
2 25 1
2 42 1
2 50 1
2 51 1
2 52 1
3 14 1
3 15 1
3 17 1
3 18 1
3 19 1
3 20 1
3 21 1
3 22 1
3 23 1
3 24 1
3 25 1
3 42 1
3 43 1
3 44 1
3 45 1
3 46 1
3 47 1
3 48 1
3 49 1
3 50 1
3 52 1
3 53 1
4 14 1
4 15 1
4 17 1
4 18 1
4 19 1
4 21 1
4 22 1
4 23 1
4 24 1
4 25 1
4 42 1
4 43 1
4 44 1
4 45 1
4 46 1
4 47 1
4 48 1
4 49 1
4 50 1
4 51 1
4 52 1
4 53 1
4 54 1
5 14 1
5 15 1
5 17 1
5 18 1
5 19 1
5 21 1
5 22 1
5 23 1
5 42 1
5 43 1
5 44 1
5 45 1
5 46 1
5 47 1
5 48 1
5 49 1
5 50 1
5 51 1
5 52 1
5 53 1
5 54 1
6 14 1
6 15 1
6 17 1
6 18 1
6 19 1
6 21 1
6 22 1
6 23 1
6 24 1
6 25 1
6 42 1
6 43 1
6 44 1
6 45 1
6 46 1
6 47 1
6 48 1
6 49 1
6 50 1
6 51 1
6 52 1
6 53 1
6 54 1
7 14 1
7 15 1
7 17 1
7 19 1
7 21 1
7 22 1
7 23 1
7 24 1
7 42 1
7 43 1
7 44 1
7 45 1
7 46 1
7 47 1
7 48 1
7 49 1
7 50 1
7 51 1
7 52 1
7 53 1
7 54 1
8 15 1
8 21 1
8 22 1
8 23 1
8 42 1
8 43 1
8 44 1
8 45 1
8 46 1
8 47 1
8 48 1
8 49 1
8 50 1
8 51 1
8 54 1
9 14 1
9 15 1
9 21 1
9 22 1
9 23 1
9 42 1
9 43 1
9 44 1
9 45 1
9 46 1
9 47 1
9 48 1
9 49 1
9 50 1
9 51 1
9 54 1
10 14 1
10 15 1
10 17 1
10 18 1
10 19 1
10 21 1
10 22 1
10 23 1
10 42 1
10 43 1
10 44 1
10 45 1
10 46 1
10 47 1
10 48 1
10 49 1
10 50 1
10 51 1
10 52 1
10 53 1
10 54 1
11 14 1
11 15 1
11 18 1
11 19 1
11 21 1
11 22 1
11 23 1
11 24 1
11 25 1
11 42 1
11 44 1
11 45 1
11 46 1
11 47 1
11 48 1
11 49 1
11 50 1
11 51 1
11 54 1
12 14 1
12 15 1
12 16 1
12 17 1
12 19 1
12 21 1
12 22 1
12 23 1
12 24 1
12 25 1
12 42 1
12 43 1
12 44 1
12 45 1
12 46 1
12 47 1
12 48 1
12 49 1
12 51 1
12 53 1
12 54 1
13 14 1
13 15 1
13 20 1
13 22 1
13 24 1
13 25 1
13 42 1
13 43 1
13 44 1
13 45 1
13 46 1
13 48 1
13 49 1
13 50 1
13 51 1
14 15 1
14 17 1
14 18 1
14 21 1
14 22 1
14 23 1
14 24 1
14 25 1
14 42 1
14 43 1
14 44 1
14 45 1
14 46 1
14 47 1
14 48 1
14 49 1
14 50 1
14 51 1
14 52 1
14 53 1
14 54 1
15 21 1
15 22 1
15 23 1
15 42 1
15 43 1
15 44 1
15 45 1
15 46 1
15 47 1
15 48 1
15 49 1
15 50 1
15 51 1
15 54 1
16 15 1
16 23 1
16 42 1
16 45 1
16 46 1
16 47 1
16 50 1
16 51 1
16 53 1
16 54 1
17 18 1
17 21 1
17 22 1
17 23 1
17 42 1
17 43 1
17 44 1
17 45 1
17 46 1
17 47 1
17 48 1
17 49 1
17 50 1
17 51 1
17 52 1
17 53 1
17 54 1
18 43 1
18 44 1
18 45 1
18 46 1
18 47 1
18 51 1
18 54 1
19 17 1
19 18 1
19 21 1
19 22 1
19 23 1
19 42 1
19 43 1
19 44 1
19 45 1
19 46 1
19 47 1
19 48 1
19 49 1
19 50 1
19 51 1
19 52 1
19 53 1
19 54 1
20 43 1
20 44 1
20 48 1
20 49 1
21 23 1
21 42 1
21 43 1
21 44 1
21 45 1
21 46 1
21 47 1
21 48 1
21 49 1
21 51 1
21 53 1
21 54 1
22 21 1
22 23 1
22 43 1
22 45 1
22 46 1
22 47 1
22 50 1
22 51 1
22 54 1
23 42 1
23 43 1
23 44 1
23 45 1
23 46 1
23 47 1
23 48 1
23 49 1
23 51 1
23 54 1
24 15 1
24 22 1
24 23 1
24 42 1
24 45 1
24 46 1
24 47 1
24 51 1
24 54 1
25 42 1
25 44 1
25 45 1
25 46 1
25 47 1
25 48 1
25 49 1
25 50 1
25 51 1
25 54 1
26 32 1
26 33 1
26 34 1
26 35 1
26 36 1
26 37 1
26 42 1
26 50 1
26 51 1
26 52 1
27 31 1
27 32 1
27 33 1
27 34 1
27 35 1
27 36 1
27 37 1
27 38 1
27 39 1
27 42 1
27 43 1
27 50 1
27 51 1
27 52 1
28 32 1
28 33 1
28 34 1
28 35 1
28 36 1
28 37 1
28 38 1
28 39 1
28 42 1
28 43 1
28 44 1
28 45 1
28 46 1
28 47 1
28 48 1
28 49 1
28 50 1
28 51 1
28 52 1
28 53 1
29 32 1
29 33 1
29 35 1
29 36 1
29 37 1
29 38 1
29 39 1
29 42 1
29 43 1
29 44 1
29 45 1
29 46 1
29 47 1
29 48 1
29 49 1
29 50 1
29 51 1
29 52 1
29 53 1
29 54 1
30 32 1
30 35 1
30 36 1
30 37 1
30 42 1
30 43 1
30 44 1
30 45 1
30 46 1
30 48 1
30 49 1
30 50 1
30 51 1
30 52 1
30 53 1
30 54 1
31 34 1
31 39 1
31 42 1
31 43 1
31 44 1
31 46 1
31 49 1
31 50 1
31 51 1
32 33 1
32 35 1
32 36 1
32 37 1
32 39 1
32 42 1
32 45 1
32 50 1
32 51 1
32 52 1
32 53 1
33 37 1
33 42 1
33 43 1
33 44 1
33 45 1
33 46 1
33 47 1
33 48 1
33 49 1
33 50 1
33 51 1
33 52 1
33 53 1
33 54 1
34 35 1
34 37 1
34 38 1
34 39 1
34 42 1
34 43 1
34 44 1
34 46 1
34 48 1
34 51 1
35 33 1
35 36 1
35 37 1
35 42 1
35 43 1
35 44 1
35 45 1
35 46 1
35 47 1
35 48 1
35 49 1
35 50 1
35 51 1
35 52 1
35 53 1
35 54 1
36 42 1
36 43 1
36 44 1
36 45 1
36 46 1
36 47 1
36 48 1
36 49 1
36 50 1
36 51 1
36 52 1
36 54 1
37 36 1
37 42 1
37 43 1
37 44 1
37 45 1
37 46 1
37 47 1
37 48 1
37 49 1
37 50 1
37 51 1
37 52 1
37 53 1
37 54 1
38 33 1
38 35 1
38 36 1
38 37 1
38 42 1
38 43 1
38 44 1
38 45 1
38 46 1
38 47 1
38 51 1
38 52 1
38 53 1
38 54 1
39 33 1
39 35 1
39 36 1
39 37 1
39 42 1
39 43 1
39 44 1
39 45 1
39 46 1
39 47 1
39 48 1
39 49 1
39 51 1
39 52 1
39 53 1
39 54 1
40 13 1
40 15 1
40 16 1
40 17 1
40 19 1
40 21 1
40 22 1
40 23 1
40 24 1
40 25 1
40 52 1
41 31 1
41 32 1
41 33 1
41 34 1
41 35 1
41 36 1
41 37 1
41 38 1
41 39 1
41 50 1
41 51 1
41 52 1
42 56 1
43 56 1
44 56 1
45 56 1
46 56 1
47 56 1
48 56 1
49 47 1
49 54 1
49 56 1
50 47 1
50 56 1
51 56 1
52 56 1
53 56 1
54 56 1
55 56 1
57 40 1
57 41 1
57 55 1
58 40 1
58 41 1
58 54 1
59 40 1
59 41 1
60 40 1
61 41 1
62 40 1
62 41 1
