0
0
0
0
0
0
0
0
0
0
0
0
1.33333333333333
1.21212121212121
1.52740552944121
1.5
1.3765903307888
1.38956743002545
1.30696275734444
1.33333333333333
1.59812540545916
1.66762048031639
1.6755569882529
1.32231404958678
1.35454545454545
0
0
0
0
0
1.5
1.33333333333333
1.84400063176183
1.5
2.00076759061834
1.96963436784332
2.06997236042012
1.5
1.76190476190476
1
1
1.8246268918543
1.89271551603014
1.91141359636109
1.92949237553428
1.95183099041708
1.98939354387684
1.85229478775601
1.85229478775601
1.74181572199573
1.88799357939729
1.73501149384545
1.83351325636914
1.96431280460621
1
2.88333638184282
0
0
0
0
0
0
