0 0 0 0 0 0 0 0 0 0 0 0 0 0 0 0 0 0 0 0
0 0 0 0 0 0 0 0 0 0 0 0 0 0 0 0 0 0 0 0
0,175 0 0 0 0 0 0 0,011 0 0,02 0 0 0 0 0 0 0 0 0 0
0,087 0 0,161 0 0 0,001 0,048 0,016 0,031 0,1 0 0 0 0 0 0 0 0 0 0
0,07 0 0,02 0 0 0,007 0 0 0 0 0 0 0 0 0 0 0 0 0 0
0,026 0 0,052 0 0 0 0 0 0 0 0 0 0 0 0 0 0 0 0 0
0,087 0 0,21 0 0,002 0,007 0 0,021 0,184 0,08 0 0 0 0 0 0 0 0 0 0
0 0 0,02 0 0 0 0 0 0 0 0 0 0 0 0 0 0 0 0 0
0,087 0 0,109 0 0,005 0,001 0 0 0 0 0 0 0 0 0 0 0 0 0 0
0,436 0 0,081 0 0 0 0 0 0 0 0 0 0 0 0 0 0 0 0 0
0 0,003 0,02 0 0 0,001 0 0 0 0 0 0 0 0 0 0 0 0,462 0 0
1,047 0,23 1,088 0 0,076 0,204 0,288 0,043 0,113 0,149 0 0 0 0 0 0 0 0,031 0 0
0,175 0,008 0,21 0 0 0,001 0,192 0,032 0 0 0 0 0 0 0 0 0 3,082 0 0
0 0 0 0 0 0 0 0 0 0 0 0 0 0 0 0 0 0 0 0
0,087 0 0,447 0,621 0,027 0 0,125 0,021 0,101 0,132 0 0 0 0 0 0 0 0 0 0
0 0 0 0 0 0 0 0 0 0,12 0 0 0 0 0 0 0 0 0 0
0,515 0,248 0,443 1,698 0,404 0,056 1,44 0,027 1,533 1,839 0 0 0 0,008 3,032 1,552 0 1,048 0 0
1,571 0,024 0,343 0,29 0,01 0,183 0,384 0,134 0,613 0,803 0 0 0 0 0 0,665 0 0 0 0
4,363 0,046 0,826 1,118 0,236 0,242 7,122 0,07 0,123 0,161 3,59 16,96 24,231 0,013 5,558 1,33 0 26,194 0 0
0 0 0 0,414 0 0 0 0 0 0 0,399 1,884 6,058 0,001 0,505 0 32,571 0 600 0
