0 0 0,263 0,053 0,077 0 5,235 0 0 0 0 0 0 0 0 0 0 0 0 0 0 0 0 0 0 0
0 0 0 0 0 0 0 0 0 0 0 0 0 0 0 0 0 0 0 0 0 0 0 0 0 0
0 0 0 0 0 0 0 0 0 0 0 0 0 0 0 0 0 0 0 0 0 0 0 0 0 0
0 0,061 0,085 0 0 0 0 0 0 0 0 0 0 0 0 0 0 0 0 0 0 0 0 0 0 0
0 0,134 3,428 1,286 0 0 0 0 0 0 0 0 0 0 0 0 0 0 0 0 0 0 0,93 0 0 0
0 0,028 0,047 0 0 0 0 0 0 0 0 0 0 0 0 0 0 0 0 0 0 0 0 0 0 0
0 0,14 0,413 1,008 0,077 0 0 0 0 0 0 0 0 0 0 0 0 0 0 0 0 0 0 0 0 0
0 0,002 0,009 0 0 0 0 0 0 0 0 0 0 0 0 0 0 0 0 0 0 0 0 0 0 0
0 0 0 0 0 0 0 0 0 0 0 0 0 0 0 0 0 0 0 0 0 0 0 0 0 0
0 0 0,094 0,106 0,155 0 0 0 0 0 0 0 0 0 0 0 0 0 0 0 0 0 0 0 0 0
0 0,044 0,028 0 0 0 0 0 0 0 0 0 0 0 0 0 0 0 0 0 0 0 0 0 0 0
0 0,084 0,77 1,074 0 0 0 0 0 0 0 0 0 0 0 0 0 0 0 0 0 0 0 0 0 0
0 0,073 0 0 0 0 0 0 0 0 0 0 0 0 0 0 0 0 0 0 0 0 0 0 0 0
0 0 0 0 0 0 0 0 0 0 0 0 0 0 0 0 91,444 0 35,659 1,964 0 0 1,859 64,835 0 0
0 0 0 0 0 0 0 0 0,015 0,13 0 12,671 0,084 0 0 9,387 0 0 11,886 0,179 8,327 10,812 26,493 60,032 0 0
0 0 0 0 0 0 0 0 0 0 0 2,059 0 0 0 0 0 0 2,286 0 0 0 6,507 0 0 0
0 0 0 0 0 0 0 0 0 0 0 0 0 0 121,505 0 0 0 31,545 0 8,327 0 1,394 0 0 0
0 0 0 0 0 0 0 0 0 0 0 0 0,142 0 232,334 0 73,156 0 82,748 0 16,654 0 0 84,045 0 0
24,887 0 0 0 6,039 6,536 6,357 2,5 0 0,325 0,855 0 0 0 0 0 0 0 0 5,179 0 0 15,803 120,065 104,882 0
0 0 0 0 3,561 2,132 0,855 0,015 0 0 0 0 0 0 0 0 0 0 0 0 0 0 2,324 12,006 10,057 0
0 0 0 0,186 4,026 0,467 3,258 0,037 0,101 2,7 0,114 0,475 0,005 0 0 0 0 0 4,572 0,536 0 0 79,015 60,032 3,592 0
0 0 0 0,066 9,91 0,124 0,855 0,015 0,033 0,431 0,228 0,317 0 0 0 0 0 0 0 0 0 0 109,692 54,029 1,437 0
6,567 0 0,958 6,099 6,813 0,171 4,273 0 0,021 0,033 0,114 0 0 0 0 0 0 0 0 0 0 0 0 0 5,747 0
0 0 0,009 0 35,071 0,265 2,511 0,122 0 1,325 0,114 0 0 0 0 0 0 0 0 0,179 0 13,064 5,113 0 60,343 0
3,111 0 0 0,053 0,852 0,093 17,361 0 0 0,041 0,114 0,158 0 0 0 0 0 0 0 0 0 0 27,888 12,006 0 0
0 0 0 0,013 7,665 1,105 2,03 0,999 0,001 2,334 37,733 0 0,032 0 0 0,261 0 0 0 132,334 410,793 225,243 29,282 180,097 313,927 0
