0
0
0
0
0
0
0
0
0
0
0
0
1.33333333333333
1.12121212121212
1.45780540090439
1.5
1.27735368956743
1.36055979643766
1.20703215359704
1.33333333333333
1.51409677405232
1.59120102986211
1.59913753779861
1.31404958677686
1.34545454545455
0
0
0
0
0
1.5
1.16666666666667
1.81046039643055
1.5
1.88938166311301
1.84104556582168
1.95735765616363
1.5
1.73809523809524
1
1
1.79368006469409
1.86035642780383
1.88018255501016
1.89138259860272
1.91992656026123
1.9533103039499
1.81875355031704
1.81875355031704
1.70962271684279
1.85590113566545
1.70034420602669
1.79436458851895
1.92809989018681
1
2.78033415344262
0
0
0
0
0
0
