0.706573018963315,0.706573018963315,0.706573018963315,0.706573018963315,0.706573018963315,0.706573018963315,0.706573018963315,0.706573018963315,0.788036731737909,0.788036731737909,0.788036731737909,0.788036731737909,0.761605593946459,0.761605593946459,0.761605593946459,0.761605593946459,0.700435965377883,0.700435965377883,0.700435965377883,0.700435965377883
0.905628980591076,0.928029697425484,0.93763000464023,0.899228775781245,0.905628980591076,0.928029697425484,0.93763000464023,0.899228775781245,0.905628980591076,0.928029697425484,0.944030209450061,0.905628980591076,0.800025601228866,0.844827034897682,0.864027649327175,0.816026113253443,0.768024577179711,0.844827034897682,0.876828058946837,0.841626932492767
0.711746742679747,0.711746742679747,0.711746742679747,0.711746742679747,0.711746742679747,0.711746742679747,0.711746742679747,0.711746742679747,0.780182341443729,0.780182341443729,0.780182341443729,0.780182341443729,0.714776755283556,0.714776755283556,0.714776755283556,0.714776755283556,0.667906148379716,0.667906148379716,0.667906148379716,0.667906148379716
0.648571832303274,0.648571832303274,0.648571832303274,0.648571832303274,0.648571832303274,0.648571832303274,0.648571832303274,0.648571832303274,0.709693785085781,0.709693785085781,0.709693785085781,0.709693785085781,0.596428407520465,0.596428407520465,0.596428407520465,0.596428407520465,0.556286173095632,0.556286173095632,0.556286173095632,0.556286173095632
0.755389888804358,0.66354766842649,0.816925734454319,0.804508572081859,0.755389888804358,0.66354766842649,0.816925734454319,0.804508572081859,0.723568051144936,0.494158678028473,0.808822321889732,0.815735333187935,0.722760969954188,0.773565934694095,0.773565934694095,0.773565934694095,0.699792007126593,0.654394760802376,0.731950890358438,0.731950890358438
0.811911591368673,0.742294789925435,0.832413065474438,0.847363754978128,0.811911591368673,0.742294789925435,0.832413065474438,0.847363754978128,0.764357640661081,0.653616585350873,0.789576353233147,0.833361146322363,0.724720715011173,0.796850977158262,0.796850977158262,0.796850977158262,0.723004039814976,0.701681680249712,0.786281599145068,0.786281599145068
0.794533187681645,0.701935337185456,0.793898122077932,0.803639203330422,0.794533187681645,0.701935337185456,0.793898122077932,0.803639203330422,0.720247946865523,0.532823042367086,0.790009618101298,0.807481423026933,0.757558088257206,0.833986838341843,0.833986838341843,0.833986838341843,0.747825007894158,0.704259632742065,0.823663415472363,0.823663415472363
0.697622324271571,0.633620276173262,0.681621812246993,0.694422221866655,0.697622324271571,0.633620276173262,0.681621812246993,0.694422221866655,0.675221607437163,0.480015360737319,0.694422221866655,0.665621300222416,0.707222631486317,0.640020480983092,0.640020480983092,0.640020480983092,0.643220583388008,0.569618228074952,0.544017408835629,0.544017408835629
0.812863162055081,0.80027388589045,0.842689121261518,0.840794082644397,0.812863162055081,0.80027388589045,0.842689121261518,0.840794082644397,0.794719414239026,0.777745924905042,0.837417399581568,0.837417399581568,0.771308485061136,0.767228958908137,0.767228958908137,0.767228958908137,0.74257986670957,0.705110240407711,0.745213136911855,0.745213136911855
0.78395622692666,0.735762196582808,0.809659709776714,0.822511451201742,0.78395622692666,0.735762196582808,0.809659709776714,0.822511451201742,0.819298515845485,0.677929360170185,0.867492546189337,0.85464080476431,0.782922933727445,0.753745681538845,0.753745681538845,0.753745681538845,0.764295831029383,0.705503844027123,0.751230945028881,0.751230945028881
0.76162437236988,0.710422733891233,0.723223143510894,0.729623348320725,0.76162437236988,0.710422733891233,0.723223143510894,0.729623348320725,0.736023553130556,0.597300987249677,0.694422221866655,0.700822426676486,0.716822938701064,0.700822426676486,0.700822426676486,0.700822426676486,0.614419661743769,0.614419661743769,0.604819354529022,0.604819354529022
0.659221095412585,0.540817306430713,0.652820890602754,0.694422221866655,0.659221095412585,0.540817306430713,0.652820890602754,0.694422221866655,0.611219559338853,0.364811674160363,0.704022529081402,0.697622324271571,0.649620788197839,0.579218535289699,0.579218535289699,0.579218535289699,0.598419149719191,0.516049497415521,0.560017920860206,0.560017920860206
0.732823450725641,0.732823450725641,0.732823450725641,0.732823450725641,0.732823450725641,0.732823450725641,0.732823450725641,0.732823450725641,0.803225703633781,0.803225703633781,0.803225703633781,0.803225703633781,0.738219182632979,0.738219182632979,0.738219182632979,0.738219182632979,0.672021505032247,0.672021505032247,0.672021505032247,0.672021505032247
0.710422733891233,0.710422733891233,0.710422733891233,0.710422733891233,0.710422733891233,0.710422733891233,0.710422733891233,0.710422733891233,0.787225191609204,0.787225191609204,0.787225191609204,0.787225191609204,0.720023041105979,0.720023041105979,0.720023041105979,0.720023041105979,0.665621300222416,0.665621300222416,0.665621300222416,0.665621300222416
0.716822938701064,0.716822938701064,0.716822938701064,0.716822938701064,0.716822938701064,0.716822938701064,0.716822938701064,0.716822938701064,0.780824986799373,0.780824986799373,0.780824986799373,0.780824986799373,0.723223143510894,0.723223143510894,0.723223143510894,0.723223143510894,0.662421197817501,0.662421197817501,0.662421197817501,0.662421197817501
0.822426318063274,0.835226727682936,0.828826522873105,0.806425806038697,0.822426318063274,0.835226727682936,0.828826522873105,0.806425806038697,0.828826522873105,0.854427342112428,0.870427854137006,0.812826010848527,0.723223143510894,0.79682549882395,0.790425294014119,0.79682549882395,0.697622324271571,0.76162437236988,0.764824474774795,0.790425294014119
0.854427342112428,0.870427854137006,0.880028161351752,0.851227239707513,0.854427342112428,0.870427854137006,0.880028161351752,0.851227239707513,0.860827546922259,0.892828570971414,0.896028673376329,0.857627444517344,0.752024065155134,0.816026113253443,0.851227239707513,0.841626932492767,0.745623860345303,0.806425806038697,0.860827546922259,0.854427342112428
0.835226727682936,0.873627956541921,0.864027649327175,0.841626932492767,0.835226727682936,0.873627956541921,0.864027649327175,0.841626932492767,0.848027137302597,0.889628468566498,0.892828570971414,0.848027137302597,0.748823962750218,0.838426830087851,0.854427342112428,0.825626420468189,0.748823962750218,0.835226727682936,0.860827546922259,0.844827034897682
0.799686034347335,0.799686034347335,0.799686034347335,0.799686034347335,0.799686034347335,0.799686034347335,0.799686034347335,0.799686034347335,0.847353997147242,0.847353997147242,0.847353997147242,0.847353997147242,0.813048752052793,0.813048752052793,0.813048752052793,0.813048752052793,0.747023985702188,0.747023985702188,0.747023985702188,0.747023985702188
0.807556745818274,0.807556745818274,0.807556745818274,0.807556745818274,0.807556745818274,0.807556745818274,0.807556745818274,0.807556745818274,0.844088663824902,0.844088663824902,0.844088663824902,0.844088663824902,0.786554291700767,0.786554291700767,0.786554291700767,0.786554291700767,0.748322030096784,0.748322030096784,0.748322030096784,0.748322030096784
0.760450917022309,0.760450917022309,0.760450917022309,0.760450917022309,0.760450917022309,0.760450917022309,0.760450917022309,0.760450917022309,0.785783672883787,0.785783672883787,0.785783672883787,0.785783672883787,0.746202507244637,0.746202507244637,0.746202507244637,0.746202507244637,0.701546903197105,0.701546903197105,0.701546903197105,0.701546903197105
0.855957205995762,0.849256953894034,0.855698944721409,0.844145202678467,0.855957205995762,0.849256953894034,0.855698944721409,0.844145202678467,0.849256953894034,0.86265745809749,0.867734090577665,0.857624567192294,0.781803141802013,0.802022188572755,0.822383102388485,0.846504731832437,0.724243702405124,0.751573653439279,0.757505510597277,0.773680389757247
0.833718559922836,0.8197090508348,0.827360004878215,0.814995843666601,0.833718559922836,0.8197090508348,0.827360004878215,0.814995843666601,0.856649304256576,0.840731388906518,0.841383055808355,0.834371530343285,0.80604010845509,0.813019235634838,0.818595598046878,0.818595598046878,0.749348224935233,0.766633703152841,0.786680670285147,0.786680670285147
0.83927131029142,0.843478188934234,0.827719964310043,0.812704636159294,0.83927131029142,0.843478188934234,0.827719964310043,0.812704636159294,0.881769113488155,0.884621319380958,0.855317093480139,0.820212300234669,0.759418311810694,0.811435357304741,0.771336296781169,0.793425637063411,0.720550000814321,0.790945473636828,0.75149623510607,0.77711607265137
0.845178880076484,0.883889363133422,0.912922225426126,0.912922225426126,0.845178880076484,0.883889363133422,0.912922225426126,0.912922225426126,0.825823638548015,0.877437615957266,0.912922225426126,0.906470478249969,0.828414706559253,0.857710315042684,0.828414706559253,0.828414706559253,0.796704350183397,0.803302315816386,0.780209436100925,0.763714522018453
