0.519459083941777,0.519459083941777,0.519459083941777,0.519459083941777,0.519459083941777,0.519459083941777,0.519459083941777,0.519459083941777,0.728930817449881,0.728930817449881,0.728930817449881,0.728930817449881,0.451304456895194,0.451304456895194,0.451304456895194,0.451304456895194,0.30046639147743,0.30046639147743,0.30046639147743,0.30046639147743
0.91449080711259,0.946578203853383,0.946578203853383,0.930534505482986,0.91449080711259,0.946578203853383,0.946578203853383,0.930534505482986,0.91449080711259,0.946578203853383,0.946578203853383,0.930534505482986,0.8717076114582,0.935882404939785,0.946578203853383,0.941230304396584,0.850316013631005,0.935882404939785,0.946578203853383,0.941230304396584
0.551004782742271,0.551004782742271,0.551004782742271,0.551004782742271,0.551004782742271,0.551004782742271,0.551004782742271,0.551004782742271,0.688992591038503,0.688992591038503,0.688992591038503,0.688992591038503,0.48719559784731,0.48719559784731,0.48719559784731,0.48719559784731,0.365452291287197,0.365452291287197,0.365452291287197,0.365452291287197
0.671192629479342,0.671192629479342,0.671192629479342,0.671192629479342,0.671192629479342,0.671192629479342,0.671192629479342,0.671192629479342,0.683884307726385,0.683884307726385,0.683884307726385,0.683884307726385,0.62417425749319,0.62417425749319,0.62417425749319,0.62417425749319,0.519620431851779,0.519620431851779,0.519620431851779,0.519620431851779
0.620900209050763,0.632016266316542,0.664911788881727,0.664911788881727,0.620900209050763,0.632016266316542,0.664911788881727,0.664911788881727,0.686240852549154,0.675914150920927,0.693436314271362,0.693436314271362,0.724413871109303,0.724413871109303,0.724413871109303,0.778502843509348,0.61973599630902,0.61973599630902,0.61973599630902,0.653179841484379
0.578919291369621,0.573431904721567,0.673140431804325,0.673140431804325,0.578919291369621,0.573431904721567,0.673140431804325,0.673140431804325,0.699641797626793,0.631049464526127,0.781382433779846,0.781382433779846,0.792387820171111,0.792387820171111,0.792387820171111,0.793496830958987,0.726655205252207,0.726655205252207,0.726655205252207,0.773625313576494
0.566147753372652,0.577761780481494,0.64598369627886,0.64598369627886,0.566147753372652,0.577761780481494,0.64598369627886,0.64598369627886,0.665849377402947,0.635809751999643,0.693026903011231,0.693026903011231,0.763688469592768,0.763688469592768,0.763688469592768,0.802241673322467,0.673012302817725,0.673012302817725,0.673012302817725,0.703527044437731
0.69522692938384,0.711270627754237,0.732662225581432,0.732662225581432,0.69522692938384,0.711270627754237,0.732662225581432,0.732662225581432,0.700574828840639,0.748705923951828,0.791489119606218,0.791489119606218,0.593616839704664,0.593616839704664,0.593616839704664,0.604312638618261,0.497354649482286,0.497354649482286,0.497354649482286,0.545485744593475
0.675625069985298,0.65417665506513,0.675625069985298,0.675625069985298,0.675625069985298,0.65417665506513,0.675625069985298,0.675625069985298,0.73660172407312,0.693588484711186,0.682835174870703,0.682835174870703,0.761402879412445,0.761402879412445,0.761402879412445,0.761402879412445,0.72305205067394,0.72305205067394,0.72305205067394,0.739932643296677
0.612699508507916,0.612699508507916,0.666681844059275,0.666681844059275,0.612699508507916,0.612699508507916,0.666681844059275,0.666681844059275,0.758451814496583,0.688274778279818,0.731460646720904,0.731460646720904,0.727326960559545,0.727326960559545,0.727326960559545,0.75989383939057,0.694760081728521,0.694760081728521,0.694760081728521,0.749038213113562
0.625704236445456,0.647095834272651,0.636400035359054,0.636400035359054,0.625704236445456,0.647095834272651,0.636400035359054,0.636400035359054,0.673835331556645,0.689879029927042,0.689879029927042,0.689879029927042,0.532836532498134,0.532836532498134,0.532836532498134,0.540137845136676,0.427831956543902,0.427831956543902,0.427831956543902,0.454571453827896
0.668487432099847,0.668487432099847,0.673835331556645,0.673835331556645,0.668487432099847,0.668487432099847,0.673835331556645,0.673835331556645,0.684531130470243,0.759401722865426,0.796837019063017,0.796837019063017,0.615008437531859,0.615008437531859,0.615008437531859,0.60966053807506,0.588268940247865,0.588268940247865,0.588268940247865,0.604312638618261
0.497354649482286,0.497354649482286,0.497354649482286,0.497354649482286,0.497354649482286,0.497354649482286,0.497354649482286,0.497354649482286,0.673835331556645,0.673835331556645,0.673835331556645,0.673835331556645,0.443875654914298,0.443875654914298,0.443875654914298,0.443875654914298,0.336917665778323,0.336917665778323,0.336917665778323,0.336917665778323
0.470615152198292,0.470615152198292,0.470615152198292,0.470615152198292,0.470615152198292,0.470615152198292,0.470615152198292,0.470615152198292,0.673835331556645,0.673835331556645,0.673835331556645,0.673835331556645,0.438527755457499,0.438527755457499,0.438527755457499,0.438527755457499,0.34761346469192,0.34761346469192,0.34761346469192,0.34761346469192
0.465267252741493,0.465267252741493,0.465267252741493,0.465267252741493,0.465267252741493,0.465267252741493,0.465267252741493,0.465267252741493,0.647095834272651,0.647095834272651,0.647095834272651,0.647095834272651,0.422484057087103,0.422484057087103,0.422484057087103,0.422484057087103,0.336917665778323,0.336917665778323,0.336917665778323,0.336917665778323
0.850316013631005,0.861011812544602,0.861011812544602,0.850316013631005,0.850316013631005,0.861011812544602,0.861011812544602,0.850316013631005,0.818228616890212,0.882403410371797,0.882403410371797,0.82892441580381,0.73801012503823,0.82892441580381,0.844968114174206,0.834272315260608,0.700574828840639,0.759401722865426,0.770097521779023,0.802184918519816
0.882403410371797,0.925186606026188,0.930534505482986,0.861011812544602,0.882403410371797,0.925186606026188,0.930534505482986,0.861011812544602,0.82892441580381,0.930534505482986,0.930534505482986,0.909142907655791,0.796837019063017,0.861011812544602,0.898447108742194,0.877055510914999,0.721966426667834,0.786141220149419,0.834272315260608,0.823576516347011
0.887751309828596,0.941230304396584,0.919838706569389,0.877055510914999,0.887751309828596,0.941230304396584,0.919838706569389,0.877055510914999,0.866359712001401,0.941230304396584,0.941230304396584,0.909142907655791,0.823576516347011,0.877055510914999,0.909142907655791,0.877055510914999,0.73801012503823,0.812880717433413,0.844968114174206,0.855663913087804
0.589528182753691,0.589528182753691,0.589528182753691,0.589528182753691,0.589528182753691,0.589528182753691,0.589528182753691,0.589528182753691,0.663102182551456,0.663102182551456,0.663102182551456,0.663102182551456,0.634826592916497,0.634826592916497,0.634826592916497,0.634826592916497,0.599168563393517,0.599168563393517,0.599168563393517,0.599168563393517
0.600078905262884,0.600078905262884,0.600078905262884,0.600078905262884,0.600078905262884,0.600078905262884,0.600078905262884,0.600078905262884,0.643452447605046,0.643452447605046,0.643452447605046,0.643452447605046,0.675364361864465,0.675364361864465,0.675364361864465,0.675364361864465,0.662984125948389,0.662984125948389,0.662984125948389,0.662984125948389
0.630628636157311,0.630628636157311,0.630628636157311,0.630628636157311,0.630628636157311,0.630628636157311,0.630628636157311,0.630628636157311,0.663107364199748,0.663107364199748,0.663107364199748,0.663107364199748,0.67163984127968,0.67163984127968,0.67163984127968,0.67163984127968,0.63658688587141,0.63658688587141,0.63658688587141,0.63658688587141
0.885619182962149,0.895150589247634,0.88010130643279,0.885619182962149,0.885619182962149,0.895150589247634,0.88010130643279,0.885619182962149,0.852511923785994,0.877043585058266,0.863547676844712,0.885619182962149,0.824821624536737,0.836317396307284,0.847813168077831,0.847813168077831,0.803648506267862,0.847813168077831,0.847813168077831,0.853561053963105
0.875176176337077,0.901680206208407,0.884559695963943,0.894417148503412,0.875176176337077,0.901680206208407,0.884559695963943,0.894417148503412,0.840628117719711,0.890266532712098,0.901680206208407,0.87568793766354,0.862306767330071,0.894125495074708,0.892561024379684,0.894125495074708,0.831525638040986,0.842565836924345,0.838186298313845,0.840912114609237
0.871734935993434,0.9035126342916,0.897664656076121,0.91520859072256,0.871734935993434,0.9035126342916,0.897664656076121,0.91520859072256,0.819913031082695,0.9035126342916,0.891816677860641,0.889227944742466,0.830806995285389,0.874767182644167,0.883427573172189,0.880738289692933,0.837222493318481,0.828697160578964,0.837573471844145,0.822535843399938
0.887450494203804,0.898174971475149,0.919623926017839,0.908899448746494,0.887450494203804,0.898174971475149,0.919623926017839,0.908899448746494,0.882088255568132,0.898174971475149,0.919623926017839,0.908899448746494,0.849914823754097,0.876726016932459,0.866001539661114,0.887450494203804,0.849914823754097,0.855277062389769,0.844552585118424,0.887450494203804
