0.576939635944796,0.576939635944796,0.576939635944796,0.576939635944796,0.576939635944796,0.576939635944796,0.576939635944796,0.576939635944796,0.574486174125338,0.574486174125338,0.574486174125338,0.574486174125338,0.857442958286135,0.857442958286135,0.857442958286135,0.857442958286135,0.683969981710687,0.683969981710687,0.683969981710687,0.683969981710687
0.946959358232332,0.966285059420747,0.927633657043918,0.850330852290258,0.946959358232332,0.966285059420747,0.927633657043918,0.850330852290258,0.946959358232332,0.966285059420747,0.927633657043918,0.888982254667088,0.927633657043918,0.927633657043918,0.850330852290258,0.792353748725013,0.927633657043918,0.927633657043918,0.927633657043918,0.869656553478673
0.593746697306393,0.593746697306393,0.593746697306393,0.593746697306393,0.593746697306393,0.593746697306393,0.593746697306393,0.593746697306393,0.593746697306393,0.593746697306393,0.593746697306393,0.593746697306393,0.785354956314282,0.785354956314282,0.785354956314282,0.785354956314282,0.563543521667145,0.563543521667145,0.563543521667145,0.563543521667145
0.60796001892837,0.60796001892837,0.60796001892837,0.60796001892837,0.60796001892837,0.60796001892837,0.60796001892837,0.60796001892837,0.60796001892837,0.60796001892837,0.60796001892837,0.60796001892837,0.607333585486814,0.607333585486814,0.607333585486814,0.607333585486814,0.498239248804026,0.498239248804026,0.498239248804026,0.498239248804026
0.861555070982345,0.847383179221292,0.847383179221292,0.847383179221292,0.861555070982345,0.847383179221292,0.847383179221292,0.847383179221292,0.861555070982345,0.847383179221292,0.847383179221292,0.847383179221292,0.79415581386475,0.79415581386475,0.79415581386475,0.79415581386475,0.778413411985637,0.778413411985637,0.778413411985637,0.778413411985637
0.895622151039798,0.906414938732288,0.867005593570014,0.867005593570014,0.895622151039798,0.906414938732288,0.867005593570014,0.867005593570014,0.895622151039798,0.906414938732288,0.867005593570014,0.867005593570014,0.906414938732288,0.906414938732288,0.906414938732288,0.906414938732288,0.924061655450546,0.924061655450546,0.924061655450546,0.924061655450546
0.917084081969514,0.921612919793661,0.862786563211087,0.862786563211087,0.917084081969514,0.921612919793661,0.862786563211087,0.862786563211087,0.917084081969514,0.921612919793661,0.862786563211087,0.862786563211087,0.847383179221292,0.847383179221292,0.847383179221292,0.847383179221292,0.796266302047563,0.796266302047563,0.796266302047563,0.796266302047563
0.753702346348183,0.753702346348183,0.753702346348183,0.753702346348183,0.753702346348183,0.753702346348183,0.753702346348183,0.753702346348183,0.753702346348183,0.753702346348183,0.753702346348183,0.753702346348183,0.792353748725013,0.792353748725013,0.792353748725013,0.792353748725013,0.734376645159768,0.734376645159768,0.734376645159768,0.734376645159768
0.708871512554075,0.792353748725013,0.792353748725013,0.792353748725013,0.708871512554075,0.792353748725013,0.792353748725013,0.792353748725013,0.708871512554075,0.792353748725013,0.792353748725013,0.792353748725013,0.753702346348183,0.753702346348183,0.753702346348183,0.753702346348183,0.53233628863553,0.53233628863553,0.53233628863553,0.53233628863553
0.931417312557423,0.931417312557423,0.931417312557423,0.931417312557423,0.931417312557423,0.931417312557423,0.931417312557423,0.931417312557423,0.931417312557423,0.931417312557423,0.931417312557423,0.931417312557423,0.911808527029899,0.911808527029899,0.911808527029899,0.911808527029899,0.852982170447325,0.852982170447325,0.852982170447325,0.852982170447325
0.599096736840863,0.599096736840863,0.618422438029278,0.618422438029278,0.599096736840863,0.599096736840863,0.618422438029278,0.618422438029278,0.599096736840863,0.599096736840863,0.618422438029278,0.618422438029278,0.637748139217693,0.637748139217693,0.637748139217693,0.637748139217693,0.571768606312236,0.571768606312236,0.571768606312236,0.571768606312236
0.753702346348183,0.753702346348183,0.715050943971353,0.715050943971353,0.753702346348183,0.753702346348183,0.715050943971353,0.715050943971353,0.753702346348183,0.753702346348183,0.715050943971353,0.715050943971353,0.734376645159768,0.734376645159768,0.734376645159768,0.734376645159768,0.650633241665648,0.650633241665648,0.650633241665648,0.650633241665648
0.670029237893578,0.670029237893578,0.670029237893578,0.670029237893578,0.670029237893578,0.670029237893578,0.670029237893578,0.670029237893578,0.670029237893578,0.670029237893578,0.670029237893578,0.670029237893578,0.670349400504001,0.670349400504001,0.670349400504001,0.670349400504001,0.39432317676706,0.39432317676706,0.39432317676706,0.39432317676706
0.514660139251589,0.514660139251589,0.514660139251589,0.514660139251589,0.514660139251589,0.514660139251589,0.514660139251589,0.514660139251589,0.56479954607449,0.56479954607449,0.56479954607449,0.56479954607449,0.709781718180707,0.709781718180707,0.709781718180707,0.709781718180707,0.591484765150589,0.591484765150589,0.591484765150589,0.591484765150589
0.514660139251589,0.514660139251589,0.514660139251589,0.514660139251589,0.514660139251589,0.514660139251589,0.514660139251589,0.514660139251589,0.56479954607449,0.56479954607449,0.56479954607449,0.56479954607449,0.749214035857413,0.749214035857413,0.749214035857413,0.749214035857413,0.630917082827295,0.630917082827295,0.630917082827295,0.630917082827295
0.734376645159768,0.734376645159768,0.695725242782938,0.579771035652448,0.734376645159768,0.734376645159768,0.695725242782938,0.579771035652448,0.695725242782938,0.734376645159768,0.734376645159768,0.618422438029278,0.579771035652448,0.657073840406108,0.560445334464034,0.367188322579884,0.560445334464034,0.502468230898789,0.425165426145129,0.425165426145129
0.792353748725013,0.792353748725013,0.792353748725013,0.715050943971353,0.792353748725013,0.792353748725013,0.792353748725013,0.715050943971353,0.753702346348183,0.792353748725013,0.792353748725013,0.715050943971353,0.502468230898789,0.637748139217693,0.618422438029278,0.637748139217693,0.502468230898789,0.463816828521959,0.444491127333544,0.502468230898789
0.792353748725013,0.792353748725013,0.792353748725013,0.715050943971353,0.792353748725013,0.792353748725013,0.792353748725013,0.715050943971353,0.792353748725013,0.792353748725013,0.792353748725013,0.715050943971353,0.560445334464034,0.618422438029278,0.618422438029278,0.618422438029278,0.483142529710374,0.444491127333544,0.425165426145129,0.483142529710374
0.696212279740553,0.696212279740553,0.696212279740553,0.696212279740553,0.696212279740553,0.696212279740553,0.696212279740553,0.696212279740553,0.696212279740553,0.696212279740553,0.696212279740553,0.696212279740553,0.728189660044329,0.728189660044329,0.728189660044329,0.728189660044329,0.604226999459625,0.604226999459625,0.604226999459625,0.604226999459625
0.73543550676819,0.73543550676819,0.73543550676819,0.73543550676819,0.73543550676819,0.73543550676819,0.73543550676819,0.73543550676819,0.73543550676819,0.73543550676819,0.73543550676819,0.73543550676819,0.715823893254372,0.715823893254372,0.715823893254372,0.715823893254372,0.604226999459625,0.604226999459625,0.604226999459625,0.604226999459625
0.676600666226735,0.676600666226735,0.676600666226735,0.676600666226735,0.676600666226735,0.676600666226735,0.676600666226735,0.676600666226735,0.676600666226735,0.676600666226735,0.676600666226735,0.676600666226735,0.736765333213512,0.736765333213512,0.736765333213512,0.736765333213512,0.543269454695235,0.543269454695235,0.543269454695235,0.543269454695235
0.864118396585937,0.800085677057239,0.774658733795827,0.731785680235279,0.864118396585937,0.800085677057239,0.774658733795827,0.731785680235279,0.864118396585937,0.800085677057239,0.774658733795827,0.731785680235279,0.575671401785086,0.614699971397635,0.60796001892837,0.614699971397635,0.536642832172538,0.536642832172538,0.49029033784546,0.49761426255999
0.784351421100988,0.745133850045939,0.705916278990889,0.620757445243505,0.784351421100988,0.745133850045939,0.705916278990889,0.620757445243505,0.784351421100988,0.745133850045939,0.705916278990889,0.620757445243505,0.529437209243167,0.62748113688079,0.705916278990889,0.509828423715642,0.529437209243167,0.509828423715642,0.431393281605543,0.297087955511153
0.713011093226768,0.752622820628255,0.745133850045939,0.745133850045939,0.713011093226768,0.752622820628255,0.745133850045939,0.745133850045939,0.713011093226768,0.752622820628255,0.745133850045939,0.745133850045939,0.549045994770692,0.745133850045939,0.66669870793584,0.633787638423794,0.470610852660593,0.475340728817845,0.470610852660593,0.392175710550494
0,0,0,0,0,0,0,0,0,0,0,0,0,0,0,0,0,0,0,0
