0.530141174604945,0.530141174604945,0.530141174604945,0.530141174604945,0.513245123789129,0.513245123789129,0.513245123789129,0.513245123789129,0.65165326859535,0.65165326859535,0.65165326859535,0.65165326859535,0.563644244318665,0.563644244318665,0.563644244318665,0.563644244318665,0.469358017482177,0.469358017482177,0.469358017482177,0.469358017482177
0.829456512002198,0.93560268355641,0.938635431315102,0.896176962693417,0.823391016484815,0.93560268355641,0.932569935797718,0.902242458210801,0.841587503036965,0.941668179073793,0.932569935797718,0.887078719417342,0.662655385274151,0.777899800104438,0.759703313552287,0.765768809069671,0.638393403204617,0.741506827000137,0.735441331482753,0.74757232251752
0.522843716305229,0.522843716305229,0.522843716305229,0.522843716305229,0.512894217145766,0.512894217145766,0.512894217145766,0.512894217145766,0.652750774918419,0.652750774918419,0.652750774918419,0.652750774918419,0.555386003973463,0.555386003973463,0.555386003973463,0.555386003973463,0.469470004243707,0.469470004243707,0.469470004243707,0.469470004243707
0.615517369003685,0.615517369003685,0.615517369003685,0.615517369003685,0.633936841392822,0.633936841392822,0.633936841392822,0.633936841392822,0.597097896614547,0.597097896614547,0.597097896614547,0.597097896614547,0.494889953816647,0.494889953816647,0.494889953816647,0.494889953816647,0.453260800758424,0.453260800758424,0.453260800758424,0.453260800758424
0.599252456890079,0.767958423201942,0.774077710571156,0.788202691114685,0.603057272618514,0.76917067087553,0.774077710571156,0.793255324207608,0.769516148198295,0.776024622459404,0.776024622459404,0.769516148198295,0.73395174000152,0.73395174000152,0.73395174000152,0.73395174000152,0.712525524619656,0.712525524619656,0.712525524619656,0.712525524619656
0.719293896679875,0.777744210905925,0.806897175366667,0.830420113636606,0.719293896679875,0.785490667189849,0.814655802052885,0.830420113636606,0.785483581917169,0.807705615561067,0.807705615561067,0.785483581917169,0.645448045349021,0.645448045349021,0.645448045349021,0.645448045349021,0.637974546062845,0.637974546062845,0.637974546062845,0.637974546062845
0.675469782334978,0.805135748237826,0.803399399180219,0.818120284114604,0.680075258123625,0.803795384380494,0.805494380191198,0.821815991476801,0.766980328607342,0.787841476368917,0.787841476368917,0.766980328607342,0.777112117741325,0.777112117741325,0.777112117741325,0.777112117741325,0.772244380332476,0.772244380332476,0.772244380332476,0.772244380332476
0.595934934582932,0.623229664411158,0.647491646480692,0.614131421135083,0.586836691306857,0.635360655445925,0.647491646480692,0.602000430100316,0.662655385274151,0.656589889756767,0.656589889756767,0.662655385274151,0.565607456996014,0.565607456996014,0.565607456996014,0.565607456996014,0.51259036412417,0.51259036412417,0.51259036412417,0.51259036412417
0.808921829089631,0.84269086180305,0.84269086180305,0.839620949738193,0.790502356700493,0.848830685932762,0.848830685932762,0.821201477349056,0.851900597997618,0.836551037673337,0.836551037673337,0.851900597997618,0.716837567068702,0.716837567068702,0.716837567068702,0.716837567068702,0.653338626521434,0.653338626521434,0.653338626521434,0.653338626521434
0.79607581545066,0.80125785785497,0.80125785785497,0.816490896977688,0.79607581545066,0.807351073504058,0.807351073504058,0.819537504802232,0.807351073504058,0.817385684315496,0.817385684315496,0.807351073504058,0.614605309982692,0.614605309982692,0.614605309982692,0.614605309982692,0.556446731351809,0.556446731351809,0.556446731351809,0.556446731351809
0.559541961478631,0.568640204754706,0.544378222685172,0.550443718202556,0.559541961478631,0.568640204754706,0.544378222685172,0.550443718202556,0.635360655445925,0.629295159928542,0.629295159928542,0.635360655445925,0.562574709237323,0.562574709237323,0.562574709237323,0.562574709237323,0.521716602061099,0.521716602061099,0.521716602061099,0.521716602061099
0.605033177859007,0.659622637515459,0.638393403204617,0.602000430100316,0.617164168893774,0.67781912406761,0.656589889756767,0.608065925617699,0.614131421135083,0.617164168893774,0.617164168893774,0.614131421135083,0.571672952513398,0.571672952513398,0.571672952513398,0.571672952513398,0.524758681373408,0.524758681373408,0.524758681373408,0.524758681373408
0.447330294407036,0.447330294407036,0.447330294407036,0.447330294407036,0.435199303372268,0.435199303372268,0.435199303372268,0.435199303372268,0.571672952513398,0.571672952513398,0.571672952513398,0.571672952513398,0.486756015270028,0.486756015270028,0.486756015270028,0.486756015270028,0.466959174439526,0.466959174439526,0.466959174439526,0.466959174439526
0.483723267511337,0.483723267511337,0.483723267511337,0.483723267511337,0.47159227647657,0.47159227647657,0.47159227647657,0.47159227647657,0.598967682341624,0.598967682341624,0.598967682341624,0.598967682341624,0.514050745098254,0.514050745098254,0.514050745098254,0.514050745098254,0.448706698565668,0.448706698565668,0.448706698565668,0.448706698565668
0.483723267511337,0.483723267511337,0.483723267511337,0.483723267511337,0.474625024235261,0.474625024235261,0.474625024235261,0.474625024235261,0.605033177859007,0.605033177859007,0.605033177859007,0.605033177859007,0.511017997339563,0.511017997339563,0.511017997339563,0.511017997339563,0.460875015814907,0.460875015814907,0.460875015814907,0.460875015814907
0.802161782173972,0.808227277691356,0.808227277691356,0.805194529932664,0.802161782173972,0.808227277691356,0.808227277691356,0.805194529932664,0.838554755278273,0.802161782173972,0.793063538897897,0.808227277691356,0.559541961478631,0.59290218682424,0.623229664411158,0.641426150963309,0.492821510787412,0.52314898837433,0.556509213719939,0.577738448030781
0.844620250795657,0.868882232865191,0.850685746313041,0.829456512002198,0.844620250795657,0.874947728382575,0.847652998554349,0.829456512002198,0.847652998554349,0.862816737347808,0.826423764243506,0.820358268726123,0.547410970443864,0.617164168893774,0.653557141998076,0.67781912406761,0.450363042165727,0.535279979409097,0.562574709237323,0.59290218682424
0.865849485106499,0.871914980623883,0.856751241830424,0.838554755278273,0.865849485106499,0.871914980623883,0.853718494071732,0.838554755278273,0.850685746313041,0.871914980623883,0.835522007519582,0.835522007519582,0.532247231650405,0.647491646480692,0.671753628550226,0.705113853895836,0.435199303372268,0.544378222685172,0.583803943548165,0.638393403204617
0.815909277497835,0.815909277497835,0.815909277497835,0.815909277497835,0.815909277497835,0.815909277497835,0.815909277497835,0.815909277497835,0.837300157432235,0.837300157432235,0.837300157432235,0.837300157432235,0.63989976101765,0.63989976101765,0.63989976101765,0.63989976101765,0.602421653847716,0.602421653847716,0.602421653847716,0.602421653847716
0.77101483089748,0.77101483089748,0.77101483089748,0.77101483089748,0.77101483089748,0.77101483089748,0.77101483089748,0.77101483089748,0.789335975394054,0.789335975394054,0.789335975394054,0.789335975394054,0.650305081185399,0.650305081185399,0.650305081185399,0.650305081185399,0.639906757798978,0.639906757798978,0.639906757798978,0.639906757798978
0.761542066479853,0.761542066479853,0.761542066479853,0.761542066479853,0.765801710171877,0.765801710171877,0.765801710171877,0.765801710171877,0.778802762149242,0.778802762149242,0.778802762149242,0.778802762149242,0.666747555342307,0.666747555342307,0.666747555342307,0.666747555342307,0.610454982194325,0.610454982194325,0.610454982194325,0.610454982194325
0.797574237554063,0.849523517394749,0.840355997422863,0.825076797469721,0.797574237554063,0.849523517394749,0.840355997422863,0.825076797469721,0.791152733347419,0.830939911426786,0.836176186452554,0.837300157432235,0.660602995685239,0.754263839030094,0.77786184738049,0.768231687901021,0.594409568618366,0.678692209467439,0.694287734767701,0.704296805966984
0.786904667467614,0.81001995037256,0.789356089815622,0.766343164608574,0.786904667467614,0.81001995037256,0.789356089815622,0.766343164608574,0.78431589660987,0.812015438631939,0.785782781687281,0.764139227891787,0.632216904747098,0.743882387403619,0.740710181060747,0.774231075581953,0.596892453863436,0.678696876812576,0.67325070804902,0.7233120352447
0.713023123260549,0.789135606221393,0.837514330018065,0.815509242198164,0.713023123260549,0.789135606221393,0.837514330018065,0.815509242198164,0.725724201711272,0.77169768055271,0.814452225690386,0.8015689132717,0.635824173510942,0.715654880561883,0.728668941979522,0.725255972696246,0.545901262769001,0.67297352170797,0.684818658512561,0.690561157726244
0.752301355084232,0.85564780386348,0.870845811036899,0.873885412471583,0.761420159388283,0.85564780386348,0.873885412471583,0.876925013906266,0.749261753649548,0.810053782343224,0.816132985212591,0.852608202428796,0.633695720631012,0.620893786880891,0.643431227664595,0.662500071568785,0.582487985630526,0.566485568442875,0.607953816615419,0.633695720631012
