0.793152148999458,0.793152148999458,0.793152148999458,0.793152148999458,0.793152148999458,0.793152148999458,0.793152148999458,0.793152148999458,0.756769022898566,0.756769022898566,0.756769022898566,0.756769022898566,0.806359604019821,0.806359604019821,0.806359604019821,0.806359604019821,0.806359604019821,0.806359604019821,0.806359604019821,0.806359604019821
0.953524057219073,0.953524057219073,0.92685205561854,0.873508052417473,0.953524057219073,0.953524057219073,0.92685205561854,0.873508052417473,0.92685205561854,0.953524057219073,0.92685205561854,0.900180054018006,0.846836050816939,0.953524057219073,0.92685205561854,0.900180054018006,0.846836050816939,0.953524057219073,0.92685205561854,0.900180054018006
0.787255025198348,0.787255025198348,0.787255025198348,0.787255025198348,0.787255025198348,0.787255025198348,0.787255025198348,0.787255025198348,0.756769022898566,0.756769022898566,0.756769022898566,0.756769022898566,0.740528118588319,0.740528118588319,0.740528118588319,0.740528118588319,0.740528118588319,0.740528118588319,0.740528118588319,0.740528118588319
0.676810976112293,0.676810976112293,0.676810976112293,0.676810976112293,0.676810976112293,0.676810976112293,0.676810976112293,0.676810976112293,0.686797342825118,0.686797342825118,0.686797342825118,0.686797342825118,0.539917586688107,0.539917586688107,0.539917586688107,0.539917586688107,0.539917586688107,0.539917586688107,0.539917586688107,0.539917586688107
0.71295828506901,0.902110483148544,0.902110483148544,0.902110483148544,0.71295828506901,0.902110483148544,0.902110483148544,0.902110483148544,0.723291552562054,0.912712485899038,0.912712485899038,0.912712485899038,0.740612896651528,0.740612896651528,0.740612896651528,0.740612896651528,0.740612896651528,0.740612896651528,0.740612896651528,0.740612896651528
0.745907903714021,0.807690951023145,0.807690951023145,0.807690951023145,0.745907903714021,0.807690951023145,0.807690951023145,0.807690951023145,0.727392967453308,0.801387685344754,0.801387685344754,0.801387685344754,0.768535346475471,0.768535346475471,0.768535346475471,0.768535346475471,0.768535346475471,0.768535346475471,0.768535346475471,0.768535346475471
0.728561053977385,0.870223651768736,0.870223651768736,0.870223651768736,0.728561053977385,0.870223651768736,0.870223651768736,0.870223651768736,0.722847065582095,0.863205719093182,0.863205719093182,0.863205719093182,0.744269390508203,0.744269390508203,0.744269390508203,0.744269390508203,0.744269390508203,0.744269390508203,0.744269390508203,0.744269390508203
0.552216724355209,0.633028927919385,0.633028927919385,0.633028927919385,0.552216724355209,0.633028927919385,0.633028927919385,0.633028927919385,0.461083182462151,0.596695883186313,0.596695883186313,0.596695883186313,0.597319113587361,0.597319113587361,0.597319113587361,0.597319113587361,0.597319113587361,0.597319113587361,0.597319113587361,0.597319113587361
0.834726810629936,0.892294176880276,0.892294176880276,0.892294176880276,0.834726810629936,0.892294176880276,0.892294176880276,0.892294176880276,0.846737885586986,0.90248525639428,0.90248525639428,0.90248525639428,0.770154046215405,0.770154046215405,0.770154046215405,0.770154046215405,0.770154046215405,0.770154046215405,0.770154046215405,0.770154046215405
0.657661126706007,0.769982254519714,0.769982254519714,0.769982254519714,0.657661126706007,0.769982254519714,0.769982254519714,0.769982254519714,0.525673815666384,0.59544451518303,0.59544451518303,0.59544451518303,0.622783558641004,0.622783558641004,0.622783558641004,0.622783558641004,0.622783558641004,0.622783558641004,0.622783558641004,0.622783558641004
0.52527932316715,0.552216724355209,0.552216724355209,0.552216724355209,0.52527932316715,0.552216724355209,0.552216724355209,0.552216724355209,0.515328262751816,0.596695883186313,0.596695883186313,0.596695883186313,0.653537383101465,0.653537383101465,0.653537383101465,0.653537383101465,0.653537383101465,0.653537383101465,0.653537383101465,0.653537383101465
0.591836734693878,0.714285714285714,0.714285714285714,0.714285714285714,0.591836734693878,0.714285714285714,0.714285714285714,0.714285714285714,0.405753174267353,0.546594394499949,0.546594394499949,0.546594394499949,0.413118223595458,0.413118223595458,0.413118223595458,0.413118223595458,0.413118223595458,0.413118223595458,0.413118223595458,0.413118223595458
0.793492047615872,0.900180054018006,0.900180054018006,0.873508052417473,0.793492047615872,0.900180054018006,0.900180054018006,0.873508052417473,0.740148044414805,0.900180054018006,0.900180054018006,0.900180054018006,0.700140042014005,0.900180054018006,0.900180054018006,0.860172051617206,0.700140042014005,0.900180054018006,0.900180054018006,0.860172051617206
0.806828048416139,0.913516054818273,0.88684405321774,0.913516054818273,0.806828048416139,0.913516054818273,0.88684405321774,0.913516054818273,0.820164049216406,0.913516054818273,0.88684405321774,0.913516054818273,0.726812043614538,0.900180054018006,0.92685205561854,0.900180054018006,0.726812043614538,0.900180054018006,0.92685205561854,0.900180054018006
0.873508052417473,0.900180054018006,0.88684405321774,0.88684405321774,0.873508052417473,0.900180054018006,0.88684405321774,0.88684405321774,0.873508052417473,0.900180054018006,0.88684405321774,0.88684405321774,0.753484045215072,0.913516054818273,0.940188056418807,0.913516054818273,0.753484045215072,0.913516054818273,0.940188056418807,0.913516054818273
0.793492047615872,0.900180054018006,0.900180054018006,0.873508052417473,0.793492047615872,0.900180054018006,0.900180054018006,0.873508052417473,0.740148044414805,0.900180054018006,0.900180054018006,0.900180054018006,0.700140042014005,0.900180054018006,0.900180054018006,0.860172051617206,0.700140042014005,0.900180054018006,0.900180054018006,0.860172051617206
0.806828048416139,0.913516054818273,0.88684405321774,0.913516054818273,0.806828048416139,0.913516054818273,0.88684405321774,0.913516054818273,0.820164049216406,0.913516054818273,0.88684405321774,0.913516054818273,0.726812043614538,0.900180054018006,0.92685205561854,0.900180054018006,0.726812043614538,0.900180054018006,0.92685205561854,0.900180054018006
0.873508052417473,0.900180054018006,0.88684405321774,0.88684405321774,0.873508052417473,0.900180054018006,0.88684405321774,0.88684405321774,0.873508052417473,0.900180054018006,0.88684405321774,0.88684405321774,0.753484045215072,0.913516054818273,0.940188056418807,0.913516054818273,0.753484045215072,0.913516054818273,0.940188056418807,0.913516054818273
0.795774647887324,0.795774647887324,0.795774647887324,0.795774647887324,0.795774647887324,0.795774647887324,0.795774647887324,0.795774647887324,0.778650886797749,0.778650886797749,0.778650886797749,0.778650886797749,0.685188709827532,0.685188709827532,0.685188709827532,0.685188709827532,0.685188709827532,0.685188709827532,0.685188709827532,0.685188709827532
0.767605633802817,0.767605633802817,0.767605633802817,0.767605633802817,0.767605633802817,0.767605633802817,0.767605633802817,0.767605633802817,0.795774647887324,0.795774647887324,0.795774647887324,0.795774647887324,0.685188709827532,0.685188709827532,0.685188709827532,0.685188709827532,0.685188709827532,0.685188709827532,0.685188709827532,0.685188709827532
0.801438595862232,0.801438595862232,0.801438595862232,0.801438595862232,0.801438595862232,0.801438595862232,0.801438595862232,0.801438595862232,0.829808103680364,0.829808103680364,0.829808103680364,0.829808103680364,0.685188709827532,0.685188709827532,0.685188709827532,0.685188709827532,0.685188709827532,0.685188709827532,0.685188709827532,0.685188709827532
0.890464923196087,0.918733650916598,0.916660652231585,0.916660652231585,0.890464923196087,0.918733650916598,0.916660652231585,0.916660652231585,0.890464923196087,0.916660652231585,0.916660652231585,0.916660652231585,0.756375580589782,0.756375580589782,0.739185226485469,0.751705786957621,0.756375580589782,0.756375580589782,0.739185226485469,0.751705786957621
0.822372846604452,0.910457171847244,0.910457171847244,0.894586440923905,0.822372846604452,0.910457171847244,0.910457171847244,0.894586440923905,0.846565440489543,0.910457171847244,0.910457171847244,0.870483398983164,0.849207775608447,0.886950343413267,0.792593923901217,0.806239723734669,0.849207775608447,0.886950343413267,0.792593923901217,0.806239723734669
0.830592507650118,0.920703595078347,0.937443660443407,0.865668488048464,0.830592507650118,0.920703595078347,0.937443660443407,0.865668488048464,0.870483398983164,0.920703595078347,0.937443660443407,0.865668488048464,0.886950343413267,0.886950343413267,0.792593923901217,0.792593923901217,0.886950343413267,0.886950343413267,0.792593923901217,0.792593923901217
0.73840471861895,0.765255799296003,0.792106879973056,0.792106879973056,0.73840471861895,0.765255799296003,0.792106879973056,0.792106879973056,0.765255799296003,0.765255799296003,0.792106879973056,0.792106879973056,0.785536718299622,0.785536718299622,0.785536718299622,0.785536718299622,0.785536718299622,0.785536718299622,0.785536718299622,0.785536718299622
