0.681391403004798,0.681391403004798,0.681391403004798,0.681391403004798,0.681391403004798,0.681391403004798,0.681391403004798,0.681391403004798,0.651787127657107,0.651787127657107,0.651787127657107,0.651787127657107,0.879746835443038,0.879746835443038,0.879746835443038,0.879746835443038,0.765822784810127,0.765822784810127,0.765822784810127,0.765822784810127
0.932189895116305,0.955789639296465,0.943989767206385,0.920390023026225,0.932189895116305,0.955789639296465,0.943989767206385,0.920390023026225,0.932189895116305,0.955789639296465,0.943989767206385,0.920390023026225,0.908590150936145,0.955789639296465,0.967589511386544,0.967589511386544,0.837790918395667,0.908590150936145,0.920390023026225,0.920390023026225
0.765372233240081,0.765372233240081,0.765372233240081,0.765372233240081,0.765372233240081,0.765372233240081,0.765372233240081,0.765372233240081,0.765372233240081,0.765372233240081,0.765372233240081,0.765372233240081,0.879746835443038,0.879746835443038,0.879746835443038,0.879746835443038,0.765822784810127,0.765822784810127,0.765822784810127,0.765822784810127
0.849331287757396,0.849331287757396,0.849331287757396,0.849331287757396,0.849331287757396,0.849331287757396,0.849331287757396,0.849331287757396,0.849331287757396,0.849331287757396,0.849331287757396,0.849331287757396,0.682415168107814,0.682415168107814,0.682415168107814,0.682415168107814,0.648260466175702,0.648260466175702,0.648260466175702,0.648260466175702
0.941649905991895,0.941649905991895,0.941649905991895,0.941649905991895,0.941649905991895,0.941649905991895,0.941649905991895,0.941649905991895,0.941649905991895,0.941649905991895,0.941649905991895,0.941649905991895,0.931964695360805,0.931964695360805,0.931964695360805,0.931964695360805,0.931964695360805,0.931964695360805,0.931964695360805,0.931964695360805
0.912112055283147,0.912112055283147,0.912112055283147,0.912112055283147,0.912112055283147,0.912112055283147,0.912112055283147,0.912112055283147,0.912112055283147,0.912112055283147,0.912112055283147,0.912112055283147,0.887569344063863,0.887569344063863,0.887569344063863,0.887569344063863,0.875068367386908,0.875068367386908,0.875068367386908,0.875068367386908
0.93666276277617,0.93666276277617,0.93666276277617,0.93666276277617,0.93666276277617,0.93666276277617,0.93666276277617,0.93666276277617,0.93666276277617,0.93666276277617,0.93666276277617,0.93666276277617,0.904207827744511,0.904207827744511,0.904207827744511,0.904207827744511,0.897655515175876,0.897655515175876,0.897655515175876,0.897655515175876
0.920390023026225,0.920390023026225,0.920390023026225,0.920390023026225,0.920390023026225,0.920390023026225,0.920390023026225,0.920390023026225,0.920390023026225,0.920390023026225,0.920390023026225,0.920390023026225,0.731592069584948,0.731592069584948,0.731592069584948,0.731592069584948,0.63719309286431,0.63719309286431,0.63719309286431,0.63719309286431
0.964302797465617,0.964302797465617,0.964302797465617,0.964302797465617,0.964302797465617,0.964302797465617,0.964302797465617,0.964302797465617,0.964302797465617,0.964302797465617,0.964302797465617,0.964302797465617,0.880302652244184,0.880302652244184,0.880302652244184,0.880302652244184,0.832395024911167,0.832395024911167,0.832395024911167,0.832395024911167
0.916682906232747,0.916682906232747,0.916682906232747,0.916682906232747,0.916682906232747,0.916682906232747,0.916682906232747,0.916682906232747,0.916682906232747,0.916682906232747,0.916682906232747,0.916682906232747,0.916233372743946,0.916233372743946,0.916233372743946,0.916233372743946,0.832395024911167,0.832395024911167,0.832395024911167,0.832395024911167
0.763326972683981,0.763326972683981,0.763326972683981,0.763326972683981,0.763326972683981,0.763326972683981,0.763326972683981,0.763326972683981,0.763326972683981,0.763326972683981,0.763326972683981,0.763326972683981,0.692319812434308,0.692319812434308,0.692319812434308,0.692319812434308,0.57397454535152,0.57397454535152,0.57397454535152,0.57397454535152
0.849590790485746,0.849590790485746,0.849590790485746,0.849590790485746,0.849590790485746,0.849590790485746,0.849590790485746,0.849590790485746,0.849590790485746,0.849590790485746,0.849590790485746,0.849590790485746,0.814191174215507,0.814191174215507,0.814191174215507,0.814191174215507,0.719792197494868,0.719792197494868,0.719792197494868,0.719792197494868
0.719792197494868,0.719792197494868,0.719792197494868,0.719792197494868,0.719792197494868,0.719792197494868,0.719792197494868,0.719792197494868,0.719792197494868,0.719792197494868,0.719792197494868,0.719792197494868,0.849590790485746,0.849590790485746,0.849590790485746,0.849590790485746,0.719792197494868,0.719792197494868,0.719792197494868,0.719792197494868
0.719792197494868,0.719792197494868,0.719792197494868,0.719792197494868,0.719792197494868,0.719792197494868,0.719792197494868,0.719792197494868,0.743391941675028,0.743391941675028,0.743391941675028,0.743391941675028,0.849590790485746,0.849590790485746,0.849590790485746,0.849590790485746,0.731592069584948,0.731592069584948,0.731592069584948,0.731592069584948
0.707992325404789,0.707992325404789,0.707992325404789,0.707992325404789,0.707992325404789,0.707992325404789,0.707992325404789,0.707992325404789,0.731592069584948,0.731592069584948,0.731592069584948,0.731592069584948,0.849590790485746,0.849590790485746,0.849590790485746,0.849590790485746,0.743391941675028,0.743391941675028,0.743391941675028,0.743391941675028
0.766991685855188,0.873190534665906,0.861390662575826,0.731592069584948,0.766991685855188,0.873190534665906,0.861390662575826,0.731592069584948,0.766991685855188,0.873190534665906,0.873190534665906,0.731592069584948,0.696192453314709,0.849590790485746,0.873190534665906,0.837790918395667,0.660792837044469,0.778791557945268,0.814191174215507,0.837790918395667
0.908590150936145,0.908590150936145,0.908590150936145,0.802391302125427,0.908590150936145,0.908590150936145,0.908590150936145,0.802391302125427,0.908590150936145,0.908590150936145,0.908590150936145,0.802391302125427,0.873190534665906,0.932189895116305,0.920390023026225,0.861390662575826,0.825991046305587,0.884990406755986,0.873190534665906,0.861390662575826
0.896790278846066,0.920390023026225,0.884990406755986,0.849590790485746,0.896790278846066,0.920390023026225,0.884990406755986,0.849590790485746,0.896790278846066,0.920390023026225,0.884990406755986,0.825991046305587,0.873190534665906,0.920390023026225,0.932189895116305,0.920390023026225,0.825991046305587,0.873190534665906,0.861390662575826,0.861390662575826
0.874314198827557,0.874314198827557,0.874314198827557,0.874314198827557,0.874314198827557,0.874314198827557,0.874314198827557,0.874314198827557,0.874314198827557,0.874314198827557,0.874314198827557,0.874314198827557,0.844371931744421,0.844371931744421,0.844371931744421,0.844371931744421,0.844371931744421,0.844371931744421,0.844371931744421,0.844371931744421
0.845253069383442,0.845253069383442,0.845253069383442,0.845253069383442,0.845253069383442,0.845253069383442,0.845253069383442,0.845253069383442,0.845253069383442,0.845253069383442,0.845253069383442,0.845253069383442,0.808441211244659,0.808441211244659,0.808441211244659,0.808441211244659,0.78086880944303,0.78086880944303,0.78086880944303,0.78086880944303
0.809538150958789,0.809538150958789,0.809538150958789,0.809538150958789,0.809538150958789,0.809538150958789,0.809538150958789,0.809538150958789,0.809538150958789,0.809538150958789,0.809538150958789,0.809538150958789,0.813385851910571,0.813385851910571,0.813385851910571,0.813385851910571,0.816908908340401,0.816908908340401,0.816908908340401,0.816908908340401
0.82885150863014,0.817990170544805,0.827664942146173,0.819834051578655,0.82885150863014,0.817990170544805,0.827664942146173,0.819834051578655,0.82885150863014,0.817990170544805,0.827664942146173,0.819834051578655,0.747987946812566,0.776746968668596,0.694260564916179,0.683115530747879,0.730146522883353,0.666765096998707,0.611774161163762,0.640860961835639
0.767624668572358,0.795794381180518,0.852133806396838,0.823964093788678,0.767624668572358,0.795794381180518,0.852133806396838,0.823964093788678,0.767624668572358,0.795794381180518,0.852133806396838,0.823964093788678,0.753539812268278,0.697200387051959,0.809879237484598,0.838048950092758,0.711285243356039,0.697200387051959,0.781709524876438,0.795794381180518
0.815684897734543,0.918779540562285,0.852133806396838,0.880303519004998,0.815684897734543,0.918779540562285,0.852133806396838,0.880303519004998,0.815684897734543,0.918779540562285,0.852133806396838,0.880303519004998,0.75456786065216,0.947049680271894,0.880303519004998,0.852133806396838,0.753539812268278,0.823964093788678,0.872428194968251,0.908473231613158
0.960999960208596,0.960999960208596,0.960999960208596,0.960999960208596,0.960999960208596,0.960999960208596,0.960999960208596,0.960999960208596,0.960999960208596,0.960999960208596,0.960999960208596,0.960999960208596,0.948987460705989,0.948987460705989,0.948987460705989,0.948987460705989,0.948987460705989,0.948987460705989,0.948987460705989,0.948987460705989
