0.5529829931704,0.5529829931704,0.5529829931704,0.5529829931704,0.5529829931704,0.5529829931704,0.5529829931704,0.5529829931704,0.637488268622313,0.637488268622313,0.637488268622313,0.637488268622313,0.481981842314763,0.481981842314763,0.481981842314763,0.481981842314763,0.381835658705974,0.381835658705974,0.381835658705974,0.381835658705974
0.829441886591891,0.914129646784456,0.924092912689464,0.899184747926945,0.829441886591891,0.914129646784456,0.924092912689464,0.899184747926945,0.809515354781876,0.904166380879449,0.924092912689464,0.909148013831953,0.710510055614663,0.88183872150756,0.896955956733404,0.886877799916175,0.341889815034431,0.386004629877584,0.369461574311402,0.38049027802219
0.571497976645401,0.571497976645401,0.571497976645401,0.571497976645401,0.571497976645401,0.571497976645401,0.571497976645401,0.571497976645401,0.599642888819234,0.599642888819234,0.599642888819234,0.599642888819234,0.32947581728282,0.32947581728282,0.32947581728282,0.32947581728282,0.256041633605051,0.256041633605051,0.256041633605051,0.256041633605051
0.713876568170324,0.713876568170324,0.713876568170324,0.713876568170324,0.713876568170324,0.713876568170324,0.713876568170324,0.713876568170324,0.812136127522228,0.812136127522228,0.812136127522228,0.812136127522228,0.693377076859408,0.693377076859408,0.693377076859408,0.693377076859408,0.351848922171119,0.351848922171119,0.351848922171119,0.351848922171119
0.901646767331337,0.901646767331337,0.901646767331337,0.901646767331337,0.901646767331337,0.901646767331337,0.901646767331337,0.901646767331337,0.912495734831127,0.912495734831127,0.912495734831127,0.912495734831127,0.61665481259351,0.61665481259351,0.61665481259351,0.61665481259351,0.214345255714322,0.214345255714322,0.214345255714322,0.214345255714322
0.896491886432232,0.896491886432232,0.896491886432232,0.896491886432232,0.896491886432232,0.896491886432232,0.896491886432232,0.896491886432232,0.901408450704225,0.901408450704225,0.901408450704225,0.901408450704225,0.546774566523719,0.546774566523719,0.546774566523719,0.546774566523719,0.373606712788743,0.373606712788743,0.373606712788743,0.373606712788743
0.882425093796121,0.882425093796121,0.882425093796121,0.882425093796121,0.882425093796121,0.882425093796121,0.882425093796121,0.882425093796121,0.893673749960525,0.893673749960525,0.893673749960525,0.893673749960525,0.640922278745978,0.640922278745978,0.640922278745978,0.640922278745978,0.440302478018351,0.440302478018351,0.440302478018351,0.440302478018351
0.630176568491737,0.630176568491737,0.630176568491737,0.630176568491737,0.630176568491737,0.630176568491737,0.630176568491737,0.630176568491737,0.66006636620676,0.66006636620676,0.66006636620676,0.66006636620676,0.394152042645902,0.394152042645902,0.394152042645902,0.394152042645902,0.0606578704093346,0.0606578704093346,0.0606578704093346,0.0606578704093346
0.870375358454507,0.870375358454507,0.870375358454507,0.870375358454507,0.870375358454507,0.870375358454507,0.870375358454507,0.870375358454507,0.881416614286062,0.881416614286062,0.881416614286062,0.881416614286062,0.657753443469635,0.657753443469635,0.657753443469635,0.657753443469635,0.310027386675841,0.310027386675841,0.310027386675841,0.310027386675841
0.812016230977164,0.812016230977164,0.812016230977164,0.812016230977164,0.812016230977164,0.812016230977164,0.812016230977164,0.812016230977164,0.818431189667718,0.818431189667718,0.818431189667718,0.818431189667718,0.55922447113619,0.55922447113619,0.55922447113619,0.55922447113619,0.154244601302067,0.154244601302067,0.154244601302067,0.154244601302067
0.500654111726637,0.500654111726637,0.500654111726637,0.500654111726637,0.500654111726637,0.500654111726637,0.500654111726637,0.500654111726637,0.545488808299172,0.545488808299172,0.545488808299172,0.545488808299172,0.499578595135274,0.499578595135274,0.499578595135274,0.499578595135274,0.185016527136467,0.185016527136467,0.185016527136467,0.185016527136467
0.690725198764566,0.690725198764566,0.690725198764566,0.690725198764566,0.690725198764566,0.690725198764566,0.690725198764566,0.690725198764566,0.695860702101106,0.695860702101106,0.695860702101106,0.695860702101106,0.376060448580648,0.376060448580648,0.376060448580648,0.376060448580648,0.194234538554293,0.194234538554293,0.194234538554293,0.194234538554293
0.505635744679141,0.505635744679141,0.505635744679141,0.505635744679141,0.505635744679141,0.505635744679141,0.505635744679141,0.505635744679141,0.525562276489156,0.525562276489156,0.525562276489156,0.525562276489156,0.560784892588396,0.560784892588396,0.560784892588396,0.560784892588396,0.210195125151214,0.210195125151214,0.210195125151214,0.210195125151214
0.515599010584148,0.515599010584148,0.515599010584148,0.515599010584148,0.515599010584148,0.515599010584148,0.515599010584148,0.515599010584148,0.555452074204179,0.555452074204179,0.555452074204179,0.555452074204179,0.513985997678692,0.513985997678692,0.513985997678692,0.513985997678692,0.248145833492733,0.248145833492733,0.248145833492733,0.248145833492733
0.510617377631645,0.510617377631645,0.510617377631645,0.510617377631645,0.510617377631645,0.510617377631645,0.510617377631645,0.510617377631645,0.570396973061691,0.570396973061691,0.570396973061691,0.570396973061691,0.453517056775317,0.453517056775317,0.453517056775317,0.453517056775317,0.259174537203521,0.259174537203521,0.259174537203521,0.259174537203521
0.694937796874287,0.754717392304333,0.749735759351829,0.734790860494318,0.694937796874287,0.754717392304333,0.749735759351829,0.734790860494318,0.72482759458931,0.754717392304333,0.719845961636806,0.709882695731799,0.690353741980204,0.725627290840507,0.725627290840507,0.715549134023278,0.215059722360368,0.20403101864958,0.198516666794186,0.198516666794186
0.764680658209341,0.814496987734379,0.799552088876868,0.794570455924364,0.764680658209341,0.814496987734379,0.799552088876868,0.794570455924364,0.734790860494318,0.809515354781876,0.804533721829372,0.794570455924364,0.700431898797434,0.755861761292195,0.755861761292195,0.735705447657736,0.170944907517216,0.20403101864958,0.20403101864958,0.187487963083398
0.764680658209341,0.849368418401906,0.85435005135441,0.844386785449402,0.764680658209341,0.849368418401906,0.85435005135441,0.844386785449402,0.774643924114349,0.829441886591891,0.85435005135441,0.829441886591891,0.715549134023278,0.75082268288358,0.770978996518039,0.760900839700809,0.215059722360368,0.220574074215762,0.220574074215762,0.226088426071156
0.774817216428311,0.774817216428311,0.774817216428311,0.774817216428311,0.774817216428311,0.774817216428311,0.774817216428311,0.774817216428311,0.757808020949882,0.757808020949882,0.757808020949882,0.757808020949882,0.628454520845976,0.628454520845976,0.628454520845976,0.628454520845976,0.494055356195695,0.494055356195695,0.494055356195695,0.494055356195695
0.755328545813815,0.755328545813815,0.755328545813815,0.755328545813815,0.755328545813815,0.755328545813815,0.755328545813815,0.755328545813815,0.75857199070796,0.75857199070796,0.75857199070796,0.75857199070796,0.609865359363148,0.609865359363148,0.609865359363148,0.609865359363148,0.481592025513626,0.481592025513626,0.481592025513626,0.481592025513626
0.786910227171884,0.786910227171884,0.786910227171884,0.786910227171884,0.786910227171884,0.786910227171884,0.786910227171884,0.786910227171884,0.782746651779323,0.782746651779323,0.782746651779323,0.782746651779323,0.661724102537295,0.661724102537295,0.661724102537295,0.661724102537295,0.48486816174161,0.48486816174161,0.48486816174161,0.48486816174161
0.767085822772123,0.759014418554843,0.759014418554843,0.759014418554843,0.767085822772123,0.759014418554843,0.759014418554843,0.759014418554843,0.779944289693593,0.770094921015497,0.770094921015497,0.770094921015497,0.704394851134699,0.694123651614653,0.694123651614653,0.694123651614653,0.44737073821238,0.425723767008555,0.425723767008555,0.425723767008555
0.775373922166464,0.792411210594466,0.792411210594466,0.792411210594466,0.775373922166464,0.792411210594466,0.792411210594466,0.792411210594466,0.802982884378641,0.78044635488715,0.785789015611169,0.785789015611169,0.722321441273344,0.734410503051977,0.734410503051977,0.760810762987616,0.426335498310071,0.441164559120856,0.441164559120856,0.441164559120856
0.754813183128353,0.808220778828858,0.808220778828858,0.789973862793639,0.754813183128353,0.808220778828858,0.808220778828858,0.789973862793639,0.777349867602869,0.796027302355276,0.796027302355276,0.789973862793639,0.755762585940171,0.758212390050342,0.792852791562417,0.786560309089699,0.487426681918444,0.489958785616457,0.487426681918444,0.484778311352182
0.927252150280077,0.927252150280077,0.938699707690942,0.938699707690942,0.927252150280077,0.927252150280077,0.938699707690942,0.938699707690942,0.921528371574645,0.93297592898551,0.93297592898551,0.93297592898551,0.581695611982842,0.581695611982842,0.581695611982842,0.581695611982842,0.392955924164437,0.392955924164437,0.392955924164437,0.392955924164437
