0.473096181147637,0.473096181147637,0.473096181147637,0.473096181147637,0.506888765515325,0.506888765515325,0.506888765515325,0.506888765515325,0.554105809464078,0.554105809464078,0.554105809464078,0.554105809464078,0.442529039088957,0.442529039088957,0.442529039088957,0.442529039088957,0.385280327877802,0.385280327877802,0.385280327877802,0.385280327877802
0.883351163666249,0.883351163666249,0.890120138100473,0.856275265929352,0.883351163666249,0.883351163666249,0.890120138100473,0.856275265929352,0.856275265929352,0.856275265929352,0.863044240363576,0.856275265929352,0.883351163666249,0.903658086968921,0.890120138100473,0.903658086968921,0.883351163666249,0.903658086968921,0.890120138100473,0.890120138100473
0.490058104516298,0.490058104516298,0.490058104516298,0.490058104516298,0.528246174599973,0.528246174599973,0.528246174599973,0.528246174599973,0.552704565624147,0.552704565624147,0.552704565624147,0.552704565624147,0.382827088410807,0.382827088410807,0.382827088410807,0.382827088410807,0.377525929619828,0.377525929619828,0.377525929619828,0.377525929619828
0.646757217719491,0.646757217719491,0.646757217719491,0.646757217719491,0.646757217719491,0.646757217719491,0.646757217719491,0.646757217719491,0.626376564471251,0.626376564471251,0.626376564471251,0.626376564471251,0.390505897480535,0.390505897480535,0.390505897480535,0.390505897480535,0.333795975239996,0.333795975239996,0.333795975239996,0.333795975239996
0.792931531731672,0.792931531731672,0.792931531731672,0.792931531731672,0.632512782746427,0.632512782746427,0.632512782746427,0.632512782746427,0.628799220571244,0.628799220571244,0.628799220571244,0.628799220571244,0.55589152054901,0.55589152054901,0.55589152054901,0.55589152054901,0.496372563441851,0.496372563441851,0.496372563441851,0.496372563441851
0.801411575050358,0.801411575050358,0.801411575050358,0.801411575050358,0.637828568178035,0.637828568178035,0.637828568178035,0.637828568178035,0.616818351740616,0.616818351740616,0.616818351740616,0.616818351740616,0.612079737948318,0.612079737948318,0.612079737948318,0.612079737948318,0.602318159167794,0.602318159167794,0.602318159167794,0.602318159167794
0.806233074392772,0.806233074392772,0.806233074392772,0.806233074392772,0.621174881061326,0.621174881061326,0.621174881061326,0.621174881061326,0.574108425527357,0.574108425527357,0.574108425527357,0.574108425527357,0.664503087184523,0.664503087184523,0.664503087184523,0.664503087184523,0.66477627978519,0.66477627978519,0.66477627978519,0.66477627978519
0.433938197818567,0.433938197818567,0.433938197818567,0.433938197818567,0.589884737659615,0.589884737659615,0.589884737659615,0.589884737659615,0.59666502200053,0.59666502200053,0.59666502200053,0.59666502200053,0.523885291310594,0.523885291310594,0.523885291310594,0.523885291310594,0.488157012517818,0.488157012517818,0.488157012517818,0.488157012517818
0.801392449880022,0.801392449880022,0.801392449880022,0.801392449880022,0.768752620452441,0.768752620452441,0.768752620452441,0.768752620452441,0.757510549082288,0.757510549082288,0.757510549082288,0.757510549082288,0.64568255449514,0.64568255449514,0.64568255449514,0.64568255449514,0.603407756442417,0.603407756442417,0.603407756442417,0.603407756442417
0.756442203137533,0.756442203137533,0.756442203137533,0.756442203137533,0.872293711726165,0.872293711726165,0.872293711726165,0.872293711726165,0.817775354743279,0.817775354743279,0.817775354743279,0.817775354743279,0.632141335305564,0.632141335305564,0.632141335305564,0.632141335305564,0.589040789716548,0.589040789716548,0.589040789716548,0.589040789716548
0.433938197818567,0.433938197818567,0.433938197818567,0.433938197818567,0.535642462932294,0.535642462932294,0.535642462932294,0.535642462932294,0.535642462932294,0.535642462932294,0.535642462932294,0.535642462932294,0.496670470982771,0.496670470982771,0.496670470982771,0.496670470982771,0.44002885635409,0.44002885635409,0.44002885635409,0.44002885635409
0.413597344795822,0.413597344795822,0.413597344795822,0.413597344795822,0.562763600295954,0.562763600295954,0.562763600295954,0.562763600295954,0.576324168977785,0.576324168977785,0.576324168977785,0.576324168977785,0.483063060818859,0.483063060818859,0.483063060818859,0.483063060818859,0.405651601951427,0.405651601951427,0.405651601951427,0.405651601951427
0.424779609167495,0.424779609167495,0.424779609167495,0.424779609167495,0.427157913477652,0.427157913477652,0.427157913477652,0.427157913477652,0.488180472545888,0.488180472545888,0.488180472545888,0.488180472545888,0.378260629300658,0.378260629300658,0.378260629300658,0.378260629300658,0.342153183186205,0.342153183186205,0.342153183186205,0.342153183186205
0.420377629136737,0.420377629136737,0.420377629136737,0.420377629136737,0.454279050841313,0.454279050841313,0.454279050841313,0.454279050841313,0.508521325568633,0.508521325568633,0.508521325568633,0.508521325568633,0.381007484589523,0.381007484589523,0.381007484589523,0.381007484589523,0.328328812148379,0.328328812148379,0.328328812148379,0.328328812148379
0.413597344795822,0.413597344795822,0.413597344795822,0.413597344795822,0.447498766500397,0.447498766500397,0.447498766500397,0.447498766500397,0.501741041227718,0.501741041227718,0.501741041227718,0.501741041227718,0.398707149803396,0.398707149803396,0.398707149803396,0.398707149803396,0.342153183186205,0.342153183186205,0.342153183186205,0.342153183186205
0.72089577724487,0.700588853942197,0.693819879507973,0.700588853942197,0.727664751679094,0.693819879507973,0.693819879507973,0.707357828376421,0.666743981771077,0.680281930639525,0.673512956205301,0.680281930639525,0.592285262994611,0.612592186297284,0.599054237428835,0.612592186297284,0.551671416389266,0.571978339691939,0.571978339691939,0.585516288560387
0.802123470455559,0.795354496021335,0.775047572718663,0.775047572718663,0.829199368192456,0.822430393758231,0.788585521587111,0.815661419324007,0.795354496021335,0.795354496021335,0.802123470455559,0.788585521587111,0.700588853942197,0.687050905073749,0.707357828376421,0.714126802810645,0.700588853942197,0.700588853942197,0.72089577724487,0.734433726113318
0.822430393758231,0.775047572718663,0.75474064941599,0.781816547152887,0.829199368192456,0.802123470455559,0.795354496021335,0.781816547152887,0.802123470455559,0.788585521587111,0.83596834262668,0.775047572718663,0.72089577724487,0.761509623850214,0.747971674981766,0.768278598284438,0.734433726113318,0.775047572718663,0.761509623850214,0.781816547152887
0.697631575270798,0.697631575270798,0.697631575270798,0.697631575270798,0.670138705309387,0.670138705309387,0.670138705309387,0.670138705309387,0.670138705309387,0.670138705309387,0.670138705309387,0.670138705309387,0.587280136888413,0.587280136888413,0.587280136888413,0.587280136888413,0.474001083093712,0.474001083093712,0.474001083093712,0.474001083093712
0.704504792761151,0.704504792761151,0.704504792761151,0.704504792761151,0.674747769796632,0.674747769796632,0.674747769796632,0.674747769796632,0.718251227741856,0.718251227741856,0.718251227741856,0.718251227741856,0.624926299509465,0.624926299509465,0.624926299509465,0.624926299509465,0.529301209454645,0.529301209454645,0.529301209454645,0.529301209454645
0.713810078919542,0.713810078919542,0.713810078919542,0.713810078919542,0.695539205837441,0.695539205837441,0.695539205837441,0.695539205837441,0.709380782073012,0.709380782073012,0.709380782073012,0.709380782073012,0.657282700171856,0.657282700171856,0.657282700171856,0.657282700171856,0.602454032169439,0.602454032169439,0.602454032169439,0.602454032169439
0.851902321211768,0.815648993062763,0.822741593002439,0.787278593304058,0.851902321211768,0.815648993062763,0.822741593002439,0.787278593304058,0.837401856169865,0.844652088690817,0.812321869910881,0.80840092608606,0.700476486070912,0.70369708459706,0.646963333894326,0.692471040515815,0.592671052487538,0.526989991096759,0.543458428318533,0.543458428318533
0.874205110152453,0.873630094724182,0.864097047349762,0.819858481977538,0.874205110152453,0.873630094724182,0.864097047349762,0.819858481977538,0.866536644273923,0.851199712516862,0.851199712516862,0.792656029014541,0.752081917530432,0.778317333258238,0.778317333258238,0.681398832601794,0.69466338482046,0.685147448042098,0.69466338482046,0.583064206060262
0.869752004650433,0.893396190616281,0.882734090418378,0.90332322161521,0.869752004650433,0.893396190616281,0.882734090418378,0.90332322161521,0.862055084255297,0.856193314400503,0.864048298936288,0.871903283472072,0.794371730399648,0.785594142218436,0.785594142218436,0.785594142218436,0.730670357105614,0.721119110607501,0.721119110607501,0.728131702900028
0.635772617857624,0.635772617857624,0.635772617857624,0.635772617857624,0,0,0,0,0,0,0,0,0,0,0,0,0,0,0,0
