0.577668828597284,0.577668828597284,0.577668828597284,0.577668828597284,0.577668828597284,0.577668828597284,0.577668828597284,0.577668828597284,0.606972686028093,0.606972686028093,0.606972686028093,0.606972686028093,0.602968100080628,0.602968100080628,0.602968100080628,0.602968100080628,0.531423054889933,0.531423054889933,0.531423054889933,0.531423054889933
0.878232212624781,0.915736791099861,0.909486028020681,0.890733738783141,0.878232212624781,0.915736791099861,0.909486028020681,0.890733738783141,0.853229160308062,0.903235264941501,0.909486028020681,0.890733738783141,0.784470766437082,0.884482975703961,0.896984501862321,0.884482975703961,0.759467714120363,0.846978397228882,0.884482975703961,0.884482975703961
0.538034776917675,0.538034776917675,0.538034776917675,0.538034776917675,0.538034776917675,0.538034776917675,0.538034776917675,0.538034776917675,0.625264672936164,0.625264672936164,0.625264672936164,0.625264672936164,0.525789386071093,0.525789386071093,0.525789386071093,0.525789386071093,0.485116768887581,0.485116768887581,0.485116768887581,0.485116768887581
0.704865360167611,0.704865360167611,0.704865360167611,0.704865360167611,0.704865360167611,0.704865360167611,0.704865360167611,0.704865360167611,0.744073848986939,0.744073848986939,0.744073848986939,0.744073848986939,0.729833201159438,0.729833201159438,0.729833201159438,0.729833201159438,0.558945427229423,0.558945427229423,0.558945427229423,0.558945427229423
0.873290030330578,0.910043358916201,0.910043358916201,0.873290030330578,0.873290030330578,0.910043358916201,0.910043358916201,0.873290030330578,0.89911736606204,0.925659576130292,0.925659576130292,0.925659576130292,0.813972216949633,0.813972216949633,0.905296939585392,0.813972216949633,0.840335689563386,0.840335689563386,0.840335689563386,0.840335689563386
0.770014827252023,0.837673033830653,0.837673033830653,0.770014827252023,0.770014827252023,0.837673033830653,0.837673033830653,0.770014827252023,0.809775189519545,0.835380729109096,0.835380729109096,0.835380729109096,0.615367497929441,0.615367497929441,0.671377638090504,0.615367497929441,0.541554424277301,0.541554424277301,0.541554424277301,0.541554424277301
0.823555431832206,0.885056300865784,0.885056300865784,0.823555431832206,0.823555431832206,0.885056300865784,0.885056300865784,0.823555431832206,0.819827808193285,0.859084681624765,0.859084681624765,0.859084681624765,0.793666791127034,0.793666791127034,0.830738766155609,0.793666791127034,0.736888029932485,0.736888029932485,0.736888029932485,0.736888029932485
0.740715424882823,0.728213898724463,0.728213898724463,0.740715424882823,0.740715424882823,0.728213898724463,0.728213898724463,0.740715424882823,0.765718477199543,0.790721529516262,0.790721529516262,0.790721529516262,0.459431086319726,0.459431086319726,0.484434138636445,0.459431086319726,0.565694058665784,0.565694058665784,0.565694058665784,0.565694058665784
0.858673947860119,0.901511604105032,0.901511604105032,0.858673947860119,0.858673947860119,0.901511604105032,0.901511604105032,0.858673947860119,0.888586706555139,0.901511604105032,0.901511604105032,0.901511604105032,0.83042466758062,0.83042466758062,0.843349565130513,0.83042466758062,0.835906078030494,0.835906078030494,0.835906078030494,0.835906078030494
0.791940838690054,0.829503250011322,0.829503250011322,0.791940838690054,0.791940838690054,0.829503250011322,0.829503250011322,0.791940838690054,0.816982446237566,0.842024053785078,0.842024053785078,0.842024053785078,0.597324130188003,0.597324130188003,0.704779264719178,0.597324130188003,0.553975234793515,0.553975234793515,0.553975234793515,0.553975234793515
0.303162009340227,0.328165061656947,0.328165061656947,0.303162009340227,0.303162009340227,0.328165061656947,0.328165061656947,0.303162009340227,0.553192532507425,0.540691006349065,0.540691006349065,0.540691006349065,0.459431086319726,0.459431086319726,0.496935664794805,0.459431086319726,0.517332895862338,0.517332895862338,0.517332895862338,0.517332895862338
0.740715424882823,0.753216951041183,0.753216951041183,0.740715424882823,0.740715424882823,0.753216951041183,0.753216951041183,0.740715424882823,0.740715424882823,0.728213898724463,0.728213898724463,0.728213898724463,0.565694058665784,0.565694058665784,0.528189480190705,0.565694058665784,0.70142782192064,0.70142782192064,0.70142782192064,0.70142782192064
0.53329287872461,0.53329287872461,0.53329287872461,0.53329287872461,0.53329287872461,0.53329287872461,0.53329287872461,0.53329287872461,0.580039913542621,0.580039913542621,0.580039913542621,0.580039913542621,0.528189480190705,0.528189480190705,0.528189480190705,0.528189480190705,0.529874299398394,0.529874299398394,0.529874299398394,0.529874299398394
0.514359403740305,0.514359403740305,0.514359403740305,0.514359403740305,0.514359403740305,0.514359403740305,0.514359403740305,0.514359403740305,0.573769211774593,0.573769211774593,0.573769211774593,0.573769211774593,0.534440243269885,0.534440243269885,0.534440243269885,0.534440243269885,0.503186427873985,0.503186427873985,0.503186427873985,0.503186427873985
0.520670562068406,0.520670562068406,0.520670562068406,0.520670562068406,0.520670562068406,0.520670562068406,0.520670562068406,0.520670562068406,0.567498510006564,0.567498510006564,0.567498510006564,0.567498510006564,0.546941769428245,0.546941769428245,0.546941769428245,0.546941769428245,0.496935664794805,0.496935664794805,0.496935664794805,0.496935664794805
0.715712372566103,0.765718477199543,0.796972292595442,0.784470766437082,0.715712372566103,0.765718477199543,0.796972292595442,0.784470766437082,0.728213898724463,0.784470766437082,0.796972292595442,0.784470766437082,0.734464661803643,0.809473818753802,0.809473818753802,0.809473818753802,0.646953978695124,0.784470766437082,0.771969240278722,0.784470766437082
0.790721529516262,0.828226107991342,0.815724581832982,0.803223055674622,0.790721529516262,0.828226107991342,0.815724581832982,0.803223055674622,0.803223055674622,0.828226107991342,0.828226107991342,0.803223055674622,0.759467714120363,0.828226107991342,0.809473818753802,0.815724581832982,0.653204741774304,0.790721529516262,0.765718477199543,0.803223055674622
0.828226107991342,0.865730686466422,0.865730686466422,0.865730686466422,0.828226107991342,0.865730686466422,0.865730686466422,0.865730686466422,0.828226107991342,0.865730686466422,0.865730686466422,0.865730686466422,0.784470766437082,0.865730686466422,0.840727634149702,0.846978397228882,0.665706267932664,0.784470766437082,0.771969240278722,0.771969240278722
0.753389718984604,0.753389718984604,0.753389718984604,0.753389718984604,0.753389718984604,0.753389718984604,0.753389718984604,0.753389718984604,0.757380713217338,0.757380713217338,0.757380713217338,0.757380713217338,0.771505536302092,0.771505536302092,0.771505536302092,0.771505536302092,0.716798733696182,0.716798733696182,0.716798733696182,0.716798733696182
0.727410763157548,0.727410763157548,0.727410763157548,0.727410763157548,0.727410763157548,0.727410763157548,0.727410763157548,0.727410763157548,0.729092955113832,0.729092955113832,0.729092955113832,0.729092955113832,0.767805855385363,0.767805855385363,0.767805855385363,0.767805855385363,0.714421285244021,0.714421285244021,0.714421285244021,0.714421285244021
0.73832949304639,0.73832949304639,0.73832949304639,0.73832949304639,0.73832949304639,0.73832949304639,0.73832949304639,0.73832949304639,0.778725077381049,0.778725077381049,0.778725077381049,0.778725077381049,0.772262628606102,0.772262628606102,0.772262628606102,0.772262628606102,0.749816825484676,0.749816825484676,0.749816825484676,0.749816825484676
0.691125259785047,0.737044275579491,0.752190603636478,0.752190603636478,0.691125259785047,0.737044275579491,0.752190603636478,0.752190603636478,0.664543519024083,0.737044275579491,0.752190603636478,0.752190603636478,0.743243243243243,0.779542989223259,0.779542989223259,0.778108489378117,0.716216216216216,0.711162025256306,0.711162025256306,0.711162025256306
0.659989646768908,0.741933459041435,0.755609651834825,0.741933459041435,0.659989646768908,0.741933459041435,0.755609651834825,0.741933459041435,0.650928412890234,0.741933459041435,0.741933459041435,0.741933459041435,0.690492167618962,0.741933459041435,0.756667431662842,0.747121868119696,0.652027027027027,0.673552495074482,0.61884772390092,0.710204699193527
0.636378065396501,0.708941526565256,0.720463598393541,0.736340232905942,0.636378065396501,0.708941526565256,0.720463598393541,0.736340232905942,0.625003566730678,0.708941526565256,0.720463598393541,0.736340232905942,0.667843467054226,0.774534371328907,0.763738939246628,0.763738939246628,0.681542820224569,0.686155807993849,0.697660414342978,0.708941526565256
0.791940838690054,0.879586465106345,0.892107268880101,0.917148876427612,0.791940838690054,0.879586465106345,0.892107268880101,0.917148876427612,0.810722044350688,0.892107268880101,0.892107268880101,0.917148876427612,0.414018312458351,0.388734751392192,0.395055641658732,0.376092970859113,0.435194139889245,0.415852178116389,0.402957536934486,0.377168254570679
