0.587043655245976,0.587043655245976,0.587043655245976,0.587043655245976,0.587043655245976,0.587043655245976,0.587043655245976,0.587043655245976,0.658200461942459,0.658200461942459,0.658200461942459,0.658200461942459,0.65371454332142,0.65371454332142,0.65371454332142,0.65371454332142,0.596284793999944,0.596284793999944,0.596284793999944,0.596284793999944
0.734713841645542,0.90632583385472,0.927777332880867,0.927777332880867,0.734713841645542,0.90632583385472,0.927777332880867,0.927777332880867,0.734713841645542,0.927777332880867,0.927777332880867,0.927777332880867,0.681085094080174,0.917051583367793,0.852697086289352,0.809794088237057,0.63818209602788,0.702536593106321,0.745439591158616,0.745439591158616
0.602891163611961,0.602891163611961,0.602891163611961,0.602891163611961,0.602891163611961,0.602891163611961,0.602891163611961,0.602891163611961,0.662293041011967,0.662293041011967,0.662293041011967,0.662293041011967,0.625473720261727,0.625473720261727,0.625473720261727,0.625473720261727,0.564120593666722,0.564120593666722,0.564120593666722,0.564120593666722
0.517549169506766,0.517549169506766,0.517549169506766,0.517549169506766,0.517549169506766,0.517549169506766,0.517549169506766,0.517549169506766,0.560228711465529,0.560228711465529,0.560228711465529,0.560228711465529,0.719779198666985,0.719779198666985,0.719779198666985,0.719779198666985,0.589508830431763,0.589508830431763,0.589508830431763,0.589508830431763
0.616442419210829,0.36264283669807,0.36264283669807,0.685124699832968,0.616442419210829,0.36264283669807,0.36264283669807,0.685124699832968,0.841385587531137,0.820964676093214,0.765866375684273,0.765866375684273,0.814027153770109,0.832669524842138,0.832669524842138,0.832669524842138,0.777259617927757,0.777259617927757,0.777259617927757,0.777259617927757
0.71470611975866,0.4258521791572,0.4258521791572,0.657445383461191,0.71470611975866,0.4258521791572,0.4258521791572,0.657445383461191,0.870403850091453,0.858021941127317,0.77771475905935,0.77771475905935,0.735447378109129,0.764569337416241,0.764569337416241,0.764569337416241,0.623532271863816,0.623532271863816,0.623532271863816,0.623532271863816
0.69193232739493,0.349810350178813,0.349810350178813,0.674002635085432,0.69193232739493,0.349810350178813,0.349810350178813,0.674002635085432,0.851026639943428,0.82619677849182,0.771841727275253,0.771841727275253,0.803470648066961,0.83079958167468,0.83079958167468,0.83079958167468,0.71579903931917,0.71579903931917,0.71579903931917,0.71579903931917
0.408655308952032,0.569966615117308,0.569966615117308,0.688261572971843,0.408655308952032,0.569966615117308,0.569966615117308,0.688261572971843,0.7063251974902,0.699015660049528,0.752786095437954,0.752786095437954,0.655999311738788,0.666753398816473,0.666753398816473,0.666753398816473,0.322622612330552,0.322622612330552,0.322622612330552,0.322622612330552
0.7609145165993,0.763013595115848,0.763013595115848,0.828414760411492,0.7609145165993,0.763013595115848,0.763013595115848,0.828414760411492,0.847108371220939,0.868969232413738,0.872015537275254,0.872015537275254,0.796221347132112,0.801828539717549,0.801828539717549,0.801828539717549,0.667863051619473,0.667863051619473,0.667863051619473,0.667863051619473
0.65042861986373,0.603341068503895,0.603341068503895,0.766406222153596,0.65042861986373,0.603341068503895,0.603341068503895,0.766406222153596,0.756394360137506,0.829983599604568,0.80989026312685,0.80989026312685,0.690309150450403,0.690309150450403,0.690309150450403,0.690309150450403,0.55831789275101,0.55831789275101,0.55831789275101,0.55831789275101
0.333376699408237,0.434943224076455,0.434943224076455,0.419409396029717,0.333376699408237,0.434943224076455,0.434943224076455,0.419409396029717,0.458302609058527,0.462425744340457,0.462425744340457,0.462425744340457,0.645245224661103,0.627173644286103,0.627173644286103,0.627173644286103,0.464973563867283,0.464973563867283,0.464973563867283,0.464973563867283
0.387147134796662,0.408655308952032,0.408655308952032,0.699015660049528,0.387147134796662,0.408655308952032,0.408655308952032,0.699015660049528,0.663190834284692,0.677507485894158,0.731277921282584,0.731277921282584,0.731277921282584,0.645245224661103,0.645245224661103,0.645245224661103,0.291960144753876,0.291960144753876,0.291960144753876,0.291960144753876
0.543679030095569,0.543679030095569,0.543679030095569,0.543679030095569,0.543679030095569,0.543679030095569,0.543679030095569,0.543679030095569,0.619794094308949,0.619794094308949,0.619794094308949,0.619794094308949,0.609272880277806,0.609272880277806,0.609272880277806,0.609272880277806,0.5358071940878,0.5358071940878,0.5358071940878,0.5358071940878
0.554552610697481,0.554552610697481,0.554552610697481,0.554552610697481,0.554552610697481,0.554552610697481,0.554552610697481,0.554552610697481,0.612982963428048,0.612982963428048,0.612982963428048,0.612982963428048,0.612982963428048,0.612982963428048,0.612982963428048,0.612982963428048,0.524872353392131,0.524872353392131,0.524872353392131,0.524872353392131
0.554552610697481,0.554552610697481,0.554552610697481,0.554552610697481,0.554552610697481,0.554552610697481,0.554552610697481,0.554552610697481,0.612982963428048,0.612982963428048,0.612982963428048,0.612982963428048,0.612982963428048,0.612982963428048,0.612982963428048,0.612982963428048,0.492067831305123,0.492067831305123,0.492067831305123,0.492067831305123
0.766891090184763,0.809794088237057,0.78834258921091,0.799068338723984,0.766891090184763,0.809794088237057,0.78834258921091,0.799068338723984,0.745439591158616,0.852697086289352,0.78834258921091,0.799068338723984,0.78834258921091,0.799068338723984,0.799068338723984,0.799068338723984,0.766891090184763,0.766891090184763,0.734713841645542,0.78834258921091
0.756165340671689,0.90632583385472,0.927777332880867,0.927777332880867,0.756165340671689,0.90632583385472,0.927777332880867,0.927777332880867,0.691810843593248,0.927777332880867,0.949228831907014,0.949228831907014,0.702536593106321,0.874148585315499,0.852697086289352,0.831245587263205,0.659633595054027,0.702536593106321,0.745439591158616,0.766891090184763
0.723988092132469,0.917051583367793,0.917051583367793,0.938503082393941,0.723988092132469,0.917051583367793,0.917051583367793,0.938503082393941,0.702536593106321,0.917051583367793,0.938503082393941,0.938503082393941,0.691810843593248,0.884874334828573,0.863422835802425,0.841971336776278,0.627456346514806,0.670359344567101,0.713262342619395,0.691810843593248
0.695816611257005,0.695816611257005,0.695816611257005,0.695816611257005,0.695816611257005,0.695816611257005,0.695816611257005,0.695816611257005,0.732513904066652,0.732513904066652,0.732513904066652,0.732513904066652,0.622809210903362,0.622809210903362,0.622809210903362,0.622809210903362,0.579134283543326,0.579134283543326,0.579134283543326,0.579134283543326
0.64873395163555,0.64873395163555,0.64873395163555,0.64873395163555,0.64873395163555,0.64873395163555,0.64873395163555,0.64873395163555,0.684944476706114,0.684944476706114,0.684944476706114,0.684944476706114,0.75297305097082,0.75297305097082,0.75297305097082,0.75297305097082,0.582676422278465,0.582676422278465,0.582676422278465,0.582676422278465
0.68482306493937,0.68482306493937,0.68482306493937,0.68482306493937,0.68482306493937,0.68482306493937,0.68482306493937,0.68482306493937,0.743269280555147,0.743269280555147,0.743269280555147,0.743269280555147,0.73389564544727,0.73389564544727,0.73389564544727,0.73389564544727,0.601731635712154,0.601731635712154,0.601731635712154,0.601731635712154
0.74466420166697,0.701180160693716,0.701180160693716,0.690309150450403,0.74466420166697,0.701180160693716,0.701180160693716,0.690309150450403,0.722922181180343,0.722922181180343,0.722922181180343,0.716018060522257,0.701583174620296,0.737881207408433,0.737881207408433,0.712051170937029,0.594511967411958,0.672731115698718,0.647237747823729,0.679931691172022
0.734271377571815,0.745230651863931,0.723312103279698,0.738362057566888,0.734271377571815,0.745230651863931,0.723312103279698,0.738362057566888,0.712352828987582,0.771423045219137,0.701393554695465,0.716321399132056,0.698596615640462,0.723856340687901,0.723856340687901,0.716843686964949,0.594060570652197,0.695728008923656,0.65249280902619,0.694439613509767
0.741584736627133,0.7684106377584,0.719618933527173,0.698324022346369,0.741584736627133,0.7684106377584,0.719618933527173,0.698324022346369,0.7684106377584,0.813611263508894,0.727378403945233,0.720670391061452,0.708286351896824,0.739498699480381,0.739498699480381,0.732420519350785,0.612466255461986,0.70389141052907,0.698252916643982,0.719499193309712
0.875116324586731,0.896858345073358,0.896858345073358,0.896858345073358,0.875116324586731,0.896858345073358,0.896858345073358,0.896858345073358,0.896858345073358,0.896858345073358,0.896858345073358,0.896858345073358,0.755535211910283,0.77727723239691,0.77727723239691,0.77727723239691,0.713099090741389,0.7352106904543,0.7352106904543,0.7352106904543
