0.634690667970402,0.634690667970402,0.634690667970402,0.634690667970402,0.634690667970402,0.634690667970402,0.634690667970402,0.634690667970402,0.811111111111111,0.811111111111111,0.811111111111111,0.811111111111111,0.715199424715698,0.715199424715698,0.715199424715698,0.715199424715698,0.57967361970021,0.57967361970021,0.57967361970021,0.57967361970021
0.875465538611916,0.936074691285049,0.956277742176093,0.929340340988034,0.875465538611916,0.936074691285049,0.956277742176093,0.929340340988034,0.848528137423857,0.922605990691019,0.956277742176093,0.929340340988034,0.841793787126842,0.936074691285049,0.956277742176093,0.929340340988034,0.841793787126842,0.936074691285049,0.956277742176093,0.929340340988034
0.718767331597162,0.718767331597162,0.718767331597162,0.718767331597162,0.718767331597162,0.718767331597162,0.718767331597162,0.718767331597162,0.808447089171285,0.808447089171285,0.808447089171285,0.808447089171285,0.638744428218212,0.638744428218212,0.638744428218212,0.638744428218212,0.605955395112669,0.605955395112669,0.605955395112669,0.605955395112669
0.70129953379904,0.70129953379904,0.70129953379904,0.70129953379904,0.70129953379904,0.70129953379904,0.70129953379904,0.70129953379904,0.745419902981719,0.745419902981719,0.745419902981719,0.745419902981719,0.839441509758459,0.839441509758459,0.839441509758459,0.839441509758459,0.793039447080566,0.793039447080566,0.793039447080566,0.793039447080566
0.882148483107756,0.882148483107756,0.882148483107756,0.882148483107756,0.882148483107756,0.882148483107756,0.882148483107756,0.882148483107756,0.869182860571371,0.869182860571371,0.869182860571371,0.869182860571371,0.891091838708226,0.891091838708226,0.891091838708226,0.891091838708226,0.859515575827225,0.859515575827225,0.859515575827225,0.859515575827225
0.899891003101284,0.899891003101284,0.899891003101284,0.899891003101284,0.899891003101284,0.899891003101284,0.899891003101284,0.899891003101284,0.925627947824768,0.925627947824768,0.925627947824768,0.925627947824768,0.915022506308102,0.915022506308102,0.915022506308102,0.915022506308102,0.915022506308102,0.915022506308102,0.915022506308102,0.915022506308102
0.885898007968256,0.885898007968256,0.885898007968256,0.885898007968256,0.885898007968256,0.885898007968256,0.885898007968256,0.885898007968256,0.903496621207793,0.903496621207793,0.903496621207793,0.903496621207793,0.863189933345877,0.863189933345877,0.863189933345877,0.863189933345877,0.860617067470862,0.860617067470862,0.860617067470862,0.860617067470862
0.593613006988428,0.593613006988428,0.593613006988428,0.593613006988428,0.593613006988428,0.593613006988428,0.593613006988428,0.593613006988428,0.681305837566264,0.681305837566264,0.681305837566264,0.681305837566264,0.60241112339403,0.60241112339403,0.60241112339403,0.60241112339403,0.555030473239444,0.555030473239444,0.555030473239444,0.555030473239444
0.802793543662234,0.802793543662234,0.802793543662234,0.802793543662234,0.802793543662234,0.802793543662234,0.802793543662234,0.802793543662234,0.814876917235911,0.814876917235911,0.814876917235911,0.814876917235911,0.770926307661859,0.770926307661859,0.770926307661859,0.770926307661859,0.7959190572428,0.7959190572428,0.7959190572428,0.7959190572428
0.785734330213076,0.785734330213076,0.785734330213076,0.785734330213076,0.785734330213076,0.785734330213076,0.785734330213076,0.785734330213076,0.810082674649757,0.810082674649757,0.810082674649757,0.810082674649757,0.754949699533734,0.754949699533734,0.754949699533734,0.754949699533734,0.740637856888544,0.740637856888544,0.740637856888544,0.740637856888544
0.559884995227722,0.559884995227722,0.559884995227722,0.559884995227722,0.559884995227722,0.559884995227722,0.559884995227722,0.559884995227722,0.654323428157699,0.654323428157699,0.654323428157699,0.654323428157699,0.588520489589174,0.588520489589174,0.588520489589174,0.588520489589174,0.49498434055584,0.49498434055584,0.49498434055584,0.49498434055584
0.6508624158551,0.6508624158551,0.6508624158551,0.6508624158551,0.6508624158551,0.6508624158551,0.6508624158551,0.6508624158551,0.677981683182396,0.677981683182396,0.677981683182396,0.677981683182396,0.581662936176496,0.581662936176496,0.581662936176496,0.581662936176496,0.574859860899578,0.574859860899578,0.574859860899578,0.574859860899578
0.654323428157699,0.654323428157699,0.654323428157699,0.654323428157699,0.654323428157699,0.654323428157699,0.654323428157699,0.654323428157699,0.728525054031252,0.728525054031252,0.728525054031252,0.728525054031252,0.550149118502511,0.550149118502511,0.550149118502511,0.550149118502511,0.421101794409329,0.421101794409329,0.421101794409329,0.421101794409329
0.634086621101275,0.634086621101275,0.634086621101275,0.634086621101275,0.634086621101275,0.634086621101275,0.634086621101275,0.634086621101275,0.728525054031252,0.728525054031252,0.728525054031252,0.728525054031252,0.548261808931646,0.548261808931646,0.548261808931646,0.548261808931646,0.467037837238069,0.467037837238069,0.467037837238069,0.467037837238069
0.627341018749134,0.627341018749134,0.627341018749134,0.627341018749134,0.627341018749134,0.627341018749134,0.627341018749134,0.627341018749134,0.694797042270546,0.694797042270546,0.694797042270546,0.694797042270546,0.548261808931646,0.548261808931646,0.548261808931646,0.548261808931646,0.473806501545867,0.473806501545867,0.473806501545867,0.473806501545867
0.90913729009699,0.915871640394004,0.915871640394004,0.915871640394004,0.90913729009699,0.915871640394004,0.915871640394004,0.915871640394004,0.855262487720872,0.929340340988034,0.942809041582063,0.922605990691019,0.828325086532813,0.841793787126842,0.89566858950296,0.89566858950296,0.828325086532813,0.855262487720872,0.882199888908931,0.882199888908931
0.868731188314901,0.929340340988034,0.90913729009699,0.89566858950296,0.868731188314901,0.929340340988034,0.90913729009699,0.89566858950296,0.841793787126842,0.929340340988034,0.922605990691019,0.89566858950296,0.821590736235798,0.90913729009699,0.90913729009699,0.89566858950296,0.821590736235798,0.90913729009699,0.90913729009699,0.89566858950296
0.868731188314901,0.929340340988034,0.89566858950296,0.888934239205945,0.868731188314901,0.929340340988034,0.89566858950296,0.888934239205945,0.848528137423857,0.922605990691019,0.922605990691019,0.882199888908931,0.848528137423857,0.89566858950296,0.90913729009699,0.902402939799975,0.848528137423857,0.89566858950296,0.90913729009699,0.902402939799975
0.768421052631579,0.768421052631579,0.768421052631579,0.768421052631579,0.768421052631579,0.768421052631579,0.768421052631579,0.768421052631579,0.787278593304058,0.787278593304058,0.787278593304058,0.787278593304058,0.702632368939747,0.702632368939747,0.702632368939747,0.702632368939747,0.641808916736824,0.641808916736824,0.641808916736824,0.641808916736824
0.688937519467703,0.688937519467703,0.688937519467703,0.688937519467703,0.688937519467703,0.688937519467703,0.688937519467703,0.688937519467703,0.747822499190475,0.747822499190475,0.747822499190475,0.747822499190475,0.730817962188987,0.730817962188987,0.730817962188987,0.730817962188987,0.691034521747901,0.691034521747901,0.691034521747901,0.691034521747901
0.74519573119204,0.74519573119204,0.74519573119204,0.74519573119204,0.74519573119204,0.74519573119204,0.74519573119204,0.74519573119204,0.694938323357033,0.694938323357033,0.694938323357033,0.694938323357033,0.661080749315431,0.661080749315431,0.661080749315431,0.661080749315431,0.661670835120702,0.661670835120702,0.661670835120702,0.661670835120702
0.824314089687947,0.831546559969879,0.845883569624532,0.845883569624532,0.824314089687947,0.831546559969879,0.845883569624532,0.845883569624532,0.79500514427682,0.820143884892086,0.831546559969879,0.845883569624532,0.741987882225425,0.79379310718472,0.816153476401191,0.839509441919455,0.741987882225425,0.80411979145816,0.811814717692209,0.845482720344707
0.894910308235632,0.894910308235632,0.886407495965697,0.867303355387475,0.894910308235632,0.894910308235632,0.886407495965697,0.867303355387475,0.894910308235632,0.894910308235632,0.886407495965697,0.886407495965697,0.787367438576414,0.81191947109463,0.813438498561274,0.803037210824712,0.787367438576414,0.819722022082046,0.819722022082046,0.813647531080082
0.845189824445278,0.868451929705239,0.868451929705239,0.86413382801929,0.845189824445278,0.868451929705239,0.868451929705239,0.86413382801929,0.907222105138509,0.945992280571779,0.914976140225163,0.868451929705239,0.775809820602283,0.876205964791893,0.837741813775693,0.80608947716745,0.775809820602283,0.876205964791893,0.876205964791893,0.844162289298975
0.949845193597109,0.949845193597109,0.949845193597109,0.949845193597109,0.949845193597109,0.949845193597109,0.949845193597109,0.949845193597109,0.949845193597109,0.949845193597109,0.949845193597109,0.949845193597109,0.906833335773844,0.906833335773844,0.935507907656021,0.906833335773844,0.906833335773844,0.906833335773844,0.906833335773844,0.906833335773844
