0.453194275419655,0.453194275419655,0.453194275419655,0.453194275419655,0.54101596589517,0.54101596589517,0.54101596589517,0.54101596589517,0.692949090999592,0.692949090999592,0.692949090999592,0.692949090999592,0.68710040149422,0.68710040149422,0.68710040149422,0.68710040149422,0.681547507928475,0.681547507928475,0.681547507928475,0.681547507928475
0.816363212216602,0.897191253030127,0.913356861192832,0.864860036704717,0.800197604053897,0.897191253030127,0.913356861192832,0.864860036704717,0.800197604053897,0.905274057111479,0.889108448948774,0.864860036704717,0.759783583647134,0.889108448948774,0.889108448948774,0.840611624460659,0.759783583647134,0.824446016297954,0.824446016297954,0.767866387728487
0.455086535321669,0.455086535321669,0.455086535321669,0.455086535321669,0.547727988109007,0.547727988109007,0.547727988109007,0.547727988109007,0.697388038318172,0.697388038318172,0.697388038318172,0.697388038318172,0.698593925541403,0.698593925541403,0.698593925541403,0.698593925541403,0.657306743688393,0.657306743688393,0.657306743688393,0.657306743688393
0.785052518136288,0.785052518136288,0.785052518136288,0.785052518136288,0.798706629030845,0.798706629030845,0.798706629030845,0.798706629030845,0.807203508063088,0.807203508063088,0.807203508063088,0.807203508063088,0.790209749998602,0.790209749998602,0.790209749998602,0.790209749998602,0.806942023278753,0.806942023278753,0.806942023278753,0.806942023278753
0.782690898130805,0.682032082837796,0.805847046838375,0.715706740984623,0.782690898130805,0.682032082837796,0.805847046838375,0.715706740984623,0.845405751313381,0.797581948922084,0.797581948922084,0.800042515877053,0.727778137174477,0.733492528675127,0.73869096494139,0.73869096494139,0.707335901908779,0.746608564811552,0.707335901908779,0.707335901908779
0.789187046372765,0.69732400393784,0.93490467385347,0.811779435783067,0.804354922099156,0.698558285721696,0.935111179047461,0.812528213275005,0.864417073008471,0.878526606928741,0.878526606928741,0.878914458359727,0.795932357469846,0.798432100627224,0.801866233037269,0.801866233037269,0.757075789369665,0.795932357469846,0.757075789369665,0.757075789369665
0.736382654756304,0.605771142995398,0.857836987731738,0.749616776228574,0.739483227015985,0.608289952791156,0.861403892878751,0.752746713750888,0.831096860601245,0.81718120632265,0.81718120632265,0.81718120632265,0.736382654756304,0.750226856447071,0.744564684253596,0.744564684253596,0.732380333147302,0.788782108817051,0.732380333147302,0.732380333147302
0.654707130589552,0.598127502020084,0.654707130589552,0.670872738752257,0.654707130589552,0.598127502020084,0.654707130589552,0.662789934670904,0.719369563240372,0.654707130589552,0.654707130589552,0.695121150996314,0.727452367321724,0.743617975484429,0.743617975484429,0.743617975484429,0.670872738752257,0.670872738752257,0.670872738752257,0.670872738752257
0.928660347942672,0.863688894350313,0.855540885913046,0.865015665083781,0.928660347942672,0.863688894350313,0.855540885913046,0.865015665083781,0.924798957629816,0.863688894350313,0.863688894350313,0.863688894350313,0.892206923880748,0.871386141461626,0.884058915443481,0.884058915443481,0.810020920231934,0.818202949729226,0.810020920231934,0.810020920231934
0.739935221645385,0.658623658827211,0.68850671294907,0.674885971390846,0.739935221645385,0.658623658827211,0.69114828395448,0.674885971390846,0.805929905483288,0.773201787494119,0.773201787494119,0.773201787494119,0.772322962639782,0.782217621112987,0.782217621112987,0.782217621112987,0.746748982291366,0.749282142329283,0.746748982291366,0.746748982291366
0.45263702855574,0.412223008148977,0.412223008148977,0.468802636718445,0.45263702855574,0.412223008148977,0.412223008148977,0.468802636718445,0.590044697938732,0.524602673148876,0.524602673148876,0.533465069369265,0.614293110182789,0.614293110182789,0.622375914264142,0.622375914264142,0.654707130589552,0.630458718345494,0.654707130589552,0.654707130589552
0.662789934670904,0.565796285694674,0.678955542833609,0.670872738752257,0.662789934670904,0.565796285694674,0.678955542833609,0.670872738752257,0.727452367321724,0.678955542833609,0.678955542833609,0.703203955077667,0.711286759159019,0.735535171403077,0.727452367321724,0.727452367321724,0.581961893857379,0.622375914264142,0.581961893857379,0.581961893857379
0.464575295942462,0.464575295942462,0.464575295942462,0.464575295942462,0.497177071096319,0.497177071096319,0.497177071096319,0.497177071096319,0.684412484102381,0.684412484102381,0.684412484102381,0.684412484102381,0.711286759159019,0.711286759159019,0.711286759159019,0.711286759159019,0.711286759159019,0.711286759159019,0.711286759159019,0.711286759159019
0.444554224474387,0.444554224474387,0.444554224474387,0.444554224474387,0.493051048962502,0.493051048962502,0.493051048962502,0.493051048962502,0.654707130589552,0.654707130589552,0.654707130589552,0.654707130589552,0.670872738752257,0.670872738752257,0.670872738752257,0.670872738752257,0.678955542833609,0.678955542833609,0.678955542833609,0.678955542833609
0.436471420393035,0.436471420393035,0.436471420393035,0.436471420393035,0.48496824488115,0.48496824488115,0.48496824488115,0.48496824488115,0.662789934670904,0.662789934670904,0.662789934670904,0.662789934670904,0.662789934670904,0.662789934670904,0.662789934670904,0.662789934670904,0.670872738752257,0.670872738752257,0.670872738752257,0.670872738752257
0.743617975484429,0.808280408135249,0.784031995891192,0.751700779565782,0.743617975484429,0.808280408135249,0.784031995891192,0.767866387728487,0.630458718345494,0.808280408135249,0.800197604053897,0.751700779565782,0.695121150996314,0.808280408135249,0.800197604053897,0.775949191809839,0.662789934670904,0.792114799972544,0.784031995891192,0.759783583647134
0.775949191809839,0.881025644867422,0.905274057111479,0.864860036704717,0.767866387728487,0.889108448948774,0.905274057111479,0.864860036704717,0.775949191809839,0.897191253030127,0.905274057111479,0.856777232623364,0.751700779565782,0.881025644867422,0.905274057111479,0.872942840786069,0.687038346914962,0.816363212216602,0.856777232623364,0.816363212216602
0.784031995891192,0.913356861192832,0.913356861192832,0.872942840786069,0.743617975484429,0.897191253030127,0.913356861192832,0.864860036704717,0.751700779565782,0.913356861192832,0.913356861192832,0.872942840786069,0.743617975484429,0.905274057111479,0.913356861192832,0.889108448948774,0.743617975484429,0.824446016297954,0.840611624460659,0.832528820379307
0.741419546550693,0.741419546550693,0.741419546550693,0.741419546550693,0.765861949184232,0.765861949184232,0.765861949184232,0.765861949184232,0.725124611461666,0.725124611461666,0.725124611461666,0.725124611461666,0.725124611461666,0.725124611461666,0.725124611461666,0.725124611461666,0.496995520215299,0.496995520215299,0.496995520215299,0.496995520215299
0.725562188922112,0.725562188922112,0.725562188922112,0.725562188922112,0.741959074547471,0.741959074547471,0.741959074547471,0.741959074547471,0.730709638762374,0.730709638762374,0.730709638762374,0.730709638762374,0.70882967637264,0.70882967637264,0.70882967637264,0.70882967637264,0.586617663204944,0.586617663204944,0.586617663204944,0.586617663204944
0.746066515559863,0.746066515559863,0.746066515559863,0.746066515559863,0.733631202752138,0.733631202752138,0.733631202752138,0.733631202752138,0.774616186146112,0.774616186146112,0.774616186146112,0.774616186146112,0.755686646787843,0.755686646787843,0.755686646787843,0.755686646787843,0.617330997905994,0.617330997905994,0.617330997905994,0.617330997905994
0.801106829267317,0.82575627016785,0.833972750468027,0.743591467166074,0.817539789867672,0.857674268131318,0.817539789867672,0.743591467166074,0.743591467166074,0.857674268131318,0.868243142124459,0.792890348967139,0.727158506565718,0.848088578680397,0.817539789867672,0.773983751417061,0.658793278419708,0.727158506565718,0.815153099896692,0.568137009018907
0.815942710939107,0.843777878385993,0.846839179882835,0.753218768036491,0.809797020402167,0.86998547527724,0.846839179882835,0.787262554162435,0.655516833299952,0.863861072945807,0.852926936546314,0.827339128449924,0.696711608954686,0.885779180780355,0.818809859084461,0.802693400512292,0.696711608954686,0.867565785350539,0.784692781622609,0.773567850069005
0.8363229580883,0.837719298245614,0.837719298245614,0.768228767097725,0.8363229580883,0.843958082258426,0.843958082258426,0.803549629952793,0.662660267337724,0.879123002352527,0.87280701754386,0.801879193228918,0.726641258666883,0.830040277094094,0.830040277094094,0.796582060085898,0.690080692193078,0.830040277094094,0.794719414239026,0.760780619183161
0.804984471899924,0.75619753420902,0.78872215933629,0.813115628181742,0.804984471899924,0.75619753420902,0.78872215933629,0.813115628181742,0.878164878436281,0.780591003054472,0.804984471899924,0.821246784463559,0.748066377927202,0.772459846772655,0.78872215933629,0.813115628181742,0.666754815109028,0.707410596518115,0.683017127672663,0.69114828395448
