0.730632280570579,0.730632280570579,0.730632280570579,0.730632280570579,0.730632280570579,0.730632280570579,0.730632280570579,0.730632280570579,0.802979526141847,0.802979526141847,0.802979526141847,0.802979526141847,0.562937072991421,0.562937072991421,0.562937072991421,0.562937072991421,0.483104867901694,0.483104867901694,0.483104867901694,0.483104867901694
0.947102946755684,0.960349141815204,0.960349141815204,0.880871971458084,0.947102946755684,0.960349141815204,0.960349141815204,0.880871971458084,0.947102946755684,0.960349141815204,0.960349141815204,0.880871971458084,0.960349141815204,0.960349141815204,0.960349141815204,0.867625776398564,0.960349141815204,0.960349141815204,0.960349141815204,0.894118166517604
0.706766917293233,0.706766917293233,0.706766917293233,0.706766917293233,0.706766917293233,0.706766917293233,0.706766917293233,0.706766917293233,0.706766917293233,0.706766917293233,0.706766917293233,0.706766917293233,0.551426321716251,0.551426321716251,0.551426321716251,0.551426321716251,0.446272691985365,0.446272691985365,0.446272691985365,0.446272691985365
0.606570094711059,0.606570094711059,0.606570094711059,0.606570094711059,0.606570094711059,0.606570094711059,0.606570094711059,0.606570094711059,0.606570094711059,0.606570094711059,0.606570094711059,0.606570094711059,0.491493676581119,0.491493676581119,0.491493676581119,0.491493676581119,0.561696539959971,0.561696539959971,0.561696539959971,0.561696539959971
0.789188692231654,0.789188692231654,0.789188692231654,0.789188692231654,0.789188692231654,0.789188692231654,0.789188692231654,0.789188692231654,0.789188692231654,0.789188692231654,0.789188692231654,0.789188692231654,0.826058853190032,0.826058853190032,0.826058853190032,0.826058853190032,0.812404987848048,0.812404987848048,0.812404987848048,0.812404987848048
0.821002105440307,0.821002105440307,0.821002105440307,0.821002105440307,0.821002105440307,0.821002105440307,0.821002105440307,0.821002105440307,0.821002105440307,0.821002105440307,0.821002105440307,0.821002105440307,0.851370785712724,0.851370785712724,0.851370785712724,0.851370785712724,0.850418849387558,0.850418849387558,0.850418849387558,0.850418849387558
0.765169605339759,0.765169605339759,0.765169605339759,0.765169605339759,0.765169605339759,0.765169605339759,0.765169605339759,0.765169605339759,0.765169605339759,0.765169605339759,0.765169605339759,0.765169605339759,0.792182680869391,0.792182680869391,0.792182680869391,0.792182680869391,0.808195344666788,0.808195344666788,0.808195344666788,0.808195344666788
0.733398527211164,0.733398527211164,0.733398527211164,0.733398527211164,0.733398527211164,0.733398527211164,0.733398527211164,0.733398527211164,0.733398527211164,0.733398527211164,0.733398527211164,0.733398527211164,0.773402083240864,0.773402083240864,0.773402083240864,0.773402083240864,0.720064008534598,0.720064008534598,0.720064008534598,0.720064008534598
0.761656215922404,0.761656215922404,0.761656215922404,0.761656215922404,0.761656215922404,0.761656215922404,0.761656215922404,0.761656215922404,0.761656215922404,0.761656215922404,0.761656215922404,0.761656215922404,0.839228640115376,0.839228640115376,0.839228640115376,0.839228640115376,0.820164049216406,0.820164049216406,0.820164049216406,0.820164049216406
0.809405290941735,0.809405290941735,0.809405290941735,0.809405290941735,0.809405290941735,0.809405290941735,0.809405290941735,0.809405290941735,0.809405290941735,0.809405290941735,0.809405290941735,0.809405290941735,0.876298290193118,0.876298290193118,0.876298290193118,0.876298290193118,0.875544956722354,0.875544956722354,0.875544956722354,0.875544956722354
0.788148606041444,0.788148606041444,0.788148606041444,0.788148606041444,0.788148606041444,0.788148606041444,0.788148606041444,0.788148606041444,0.788148606041444,0.788148606041444,0.788148606041444,0.788148606041444,0.748410020862884,0.748410020862884,0.748410020862884,0.748410020862884,0.668932850505763,0.668932850505763,0.668932850505763,0.668932850505763
0.721917630743843,0.721917630743843,0.721917630743843,0.721917630743843,0.721917630743843,0.721917630743843,0.721917630743843,0.721917630743843,0.721917630743843,0.721917630743843,0.721917630743843,0.721917630743843,0.695425240624803,0.695425240624803,0.695425240624803,0.695425240624803,0.668932850505763,0.668932850505763,0.668932850505763,0.668932850505763
0.713396749196314,0.713396749196314,0.713396749196314,0.713396749196314,0.713396749196314,0.713396749196314,0.713396749196314,0.713396749196314,0.724979178280424,0.724979178280424,0.724979178280424,0.724979178280424,0.584746652082044,0.584746652082044,0.584746652082044,0.584746652082044,0.566717043754081,0.566717043754081,0.566717043754081,0.566717043754081
0.620055118460348,0.620055118460348,0.620055118460348,0.620055118460348,0.620055118460348,0.620055118460348,0.620055118460348,0.620055118460348,0.657851476587792,0.657851476587792,0.657851476587792,0.657851476587792,0.558167258805587,0.558167258805587,0.558167258805587,0.558167258805587,0.531587865529131,0.531587865529131,0.531587865529131,0.531587865529131
0.620055118460348,0.620055118460348,0.620055118460348,0.620055118460348,0.620055118460348,0.620055118460348,0.620055118460348,0.620055118460348,0.6113260453585,0.6113260453585,0.6113260453585,0.6113260453585,0.544877562167359,0.544877562167359,0.544877562167359,0.544877562167359,0.505008472252674,0.505008472252674,0.505008472252674,0.505008472252674
0.854379581339044,0.867625776398564,0.827887191220004,0.774902410981924,0.854379581339044,0.867625776398564,0.827887191220004,0.774902410981924,0.880871971458084,0.841133386279524,0.827887191220004,0.774902410981924,0.854379581339044,0.933856751696164,0.880871971458084,0.774902410981924,0.827887191220004,0.933856751696164,0.880871971458084,0.854379581339044
0.920610556636644,0.920610556636644,0.907364361577124,0.827887191220004,0.920610556636644,0.920610556636644,0.907364361577124,0.827887191220004,0.894118166517604,0.920610556636644,0.907364361577124,0.827887191220004,0.867625776398564,0.880871971458084,0.814640996160484,0.735163825803363,0.867625776398564,0.854379581339044,0.841133386279524,0.735163825803363
0.920610556636644,0.947102946755684,0.920610556636644,0.867625776398564,0.920610556636644,0.947102946755684,0.920610556636644,0.867625776398564,0.920610556636644,0.947102946755684,0.947102946755684,0.894118166517604,0.801394801100964,0.867625776398564,0.880871971458084,0.774902410981924,0.801394801100964,0.867625776398564,0.880871971458084,0.801394801100964
0.784548132064567,0.784548132064567,0.784548132064567,0.784548132064567,0.784548132064567,0.784548132064567,0.784548132064567,0.784548132064567,0.784548132064567,0.784548132064567,0.784548132064567,0.784548132064567,0.753484045215072,0.753484045215072,0.753484045215072,0.753484045215072,0.765258724244735,0.765258724244735,0.765258724244735,0.765258724244735
0.79214905343386,0.79214905343386,0.79214905343386,0.79214905343386,0.79214905343386,0.79214905343386,0.79214905343386,0.79214905343386,0.79214905343386,0.79214905343386,0.79214905343386,0.79214905343386,0.780156046815605,0.780156046815605,0.780156046815605,0.780156046815605,0.810198975453953,0.810198975453953,0.810198975453953,0.810198975453953
0.718379715938762,0.718379715938762,0.718379715938762,0.718379715938762,0.718379715938762,0.718379715938762,0.718379715938762,0.718379715938762,0.718379715938762,0.718379715938762,0.718379715938762,0.718379715938762,0.77613245770691,0.77613245770691,0.77613245770691,0.77613245770691,0.810198975453953,0.810198975453953,0.810198975453953,0.810198975453953
0.860172051617206,0.843040428198885,0.780156046815605,0.761656215922404,0.860172051617206,0.843040428198885,0.780156046815605,0.761656215922404,0.860172051617206,0.843040428198885,0.780156046815605,0.761656215922404,0.774902410981924,0.814640996160484,0.814640996160484,0.686804041213738,0.748410020862884,0.814640996160484,0.841133386279524,0.801394801100964
0.808389854494638,0.812404987848048,0.805578055177056,0.820381405478628,0.808389854494638,0.812404987848048,0.805578055177056,0.820381405478628,0.808389854494638,0.812404987848048,0.805578055177056,0.820381405478628,0.783801675735524,0.812404987848048,0.779758989762906,0.730481795796144,0.748368587461051,0.798751122506064,0.782386397856772,0.743260209749203
0.832995838285095,0.82872751713628,0.856234308354375,0.785794472915159,0.832995838285095,0.82872751713628,0.856234308354375,0.785794472915159,0.832995838285095,0.82872751713628,0.856234308354375,0.785794472915159,0.79293805903257,0.844770847877597,0.791387386719812,0.697459868391491,0.79293805903257,0.848942833026707,0.791387386719812,0.697459868391491
0.0947263466926009,0.0947263466926009,0.0947263466926009,0.0947263466926009,0.0947263466926009,0.0947263466926009,0.0947263466926009,0.0947263466926009,0.0947263466926009,0.0947263466926009,0.0947263466926009,0.0947263466926009,0.726812043614538,0.726812043614538,0.726812043614538,0.726812043614538,0.740148044414805,0.740148044414805,0.740148044414805,0.740148044414805
