0.740987589301697,0.740987589301697,0.740987589301697,0.740987589301697,0.740987589301697,0.740987589301697,0.740987589301697,0.740987589301697,0.766500425736123,0.766500425736123,0.766500425736123,0.766500425736123,0.72236671001445,0.72236671001445,0.72236671001445,0.72236671001445,0.608480052545515,0.608480052545515,0.608480052545515,0.608480052545515
0.910080323291889,0.937755280491408,0.924982223322399,0.867503466061859,0.910080323291889,0.937755280491408,0.924982223322399,0.867503466061859,0.886663051815373,0.937755280491408,0.944141809075913,0.88240536609237,0.890920737538376,0.935626437629907,0.927111066183901,0.876018837507865,0.858988094615853,0.905822637568886,0.91220916615339,0.871761151784862
0.753152763977435,0.753152763977435,0.753152763977435,0.753152763977435,0.753152763977435,0.753152763977435,0.753152763977435,0.753152763977435,0.773507042058875,0.773507042058875,0.773507042058875,0.773507042058875,0.709819713562076,0.709819713562076,0.709819713562076,0.709819713562076,0.598151178991671,0.598151178991671,0.598151178991671,0.598151178991671
0.693992801189642,0.693992801189642,0.693992801189642,0.693992801189642,0.696178605287877,0.696178605287877,0.696178605287877,0.696178605287877,0.713665038073758,0.713665038073758,0.713665038073758,0.713665038073758,0.541298268701747,0.541298268701747,0.541298268701747,0.541298268701747,0.45075526866592,0.45075526866592,0.45075526866592,0.45075526866592
0.82021796485475,0.825495026206478,0.802211903697404,0.802211903697404,0.82021796485475,0.825495026206478,0.802211903697404,0.802211903697404,0.706862299427698,0.706862299427698,0.706862299427698,0.706862299427698,0.834413060890276,0.834413060890276,0.834413060890276,0.834413060890276,0.818595764663344,0.818595764663344,0.818595764663344,0.818595764663344
0.829120577088454,0.817933042135234,0.810299000408638,0.810299000408638,0.829120577088454,0.817933042135234,0.810299000408638,0.810299000408638,0.832742188001643,0.832742188001643,0.832742188001643,0.832742188001643,0.779993913205983,0.779993913205983,0.779993913205983,0.779993913205983,0.725211880422701,0.725211880422701,0.725211880422701,0.725211880422701
0.853796809383996,0.840941650397035,0.820661332893986,0.820661332893986,0.853796809383996,0.840941650397035,0.820661332893986,0.820661332893986,0.77250760178394,0.77250760178394,0.77250760178394,0.77250760178394,0.837895732012003,0.837895732012003,0.837895732012003,0.837895732012003,0.797450097361754,0.797450097361754,0.797450097361754,0.797450097361754
0.767447851571289,0.756803637263781,0.739772894371769,0.739772894371769,0.767447851571289,0.756803637263781,0.739772894371769,0.739772894371769,0.716355622895253,0.716355622895253,0.716355622895253,0.716355622895253,0.699324880003241,0.699324880003241,0.699324880003241,0.699324880003241,0.639717279881199,0.639717279881199,0.639717279881199,0.639717279881199
0.866671324950215,0.857928108557274,0.860113912655509,0.860113912655509,0.866671324950215,0.857928108557274,0.860113912655509,0.860113912655509,0.898473757353092,0.898473757353092,0.898473757353092,0.898473757353092,0.887719036001311,0.887719036001311,0.887719036001311,0.887719036001311,0.843347436113731,0.843347436113731,0.843347436113731,0.843347436113731
0.74547543756373,0.758310021854641,0.754031827091004,0.754031827091004,0.74547543756373,0.758310021854641,0.754031827091004,0.754031827091004,0.718349782593889,0.718349782593889,0.718349782593889,0.718349782593889,0.628163623018118,0.628163623018118,0.628163623018118,0.628163623018118,0.575140403497811,0.575140403497811,0.575140403497811,0.575140403497811
0.658876865634713,0.652490337050208,0.661005708496214,0.661005708496214,0.658876865634713,0.652490337050208,0.661005708496214,0.661005708496214,0.656748022773211,0.656748022773211,0.656748022773211,0.656748022773211,0.62694422271219,0.62694422271219,0.62694422271219,0.62694422271219,0.605655794097175,0.605655794097175,0.605655794097175,0.605655794097175
0.728449375962021,0.730579344897583,0.739099220639828,0.739099220639828,0.728449375962021,0.730579344897583,0.739099220639828,0.739099220639828,0.702889748735284,0.702889748735284,0.702889748735284,0.702889748735284,0.703266734414699,0.703266734414699,0.703266734414699,0.703266734414699,0.673431175984984,0.673431175984984,0.673431175984984,0.673431175984984
0.682294137111229,0.682294137111229,0.682294137111229,0.682294137111229,0.682294137111229,0.682294137111229,0.682294137111229,0.682294137111229,0.746159422956274,0.746159422956274,0.746159422956274,0.746159422956274,0.686551822834232,0.686551822834232,0.686551822834232,0.686551822834232,0.618428851266184,0.618428851266184,0.618428851266184,0.618428851266184
0.707840251449247,0.707840251449247,0.707840251449247,0.707840251449247,0.707840251449247,0.707840251449247,0.707840251449247,0.707840251449247,0.737644051510268,0.737644051510268,0.737644051510268,0.737644051510268,0.701453722864743,0.701453722864743,0.701453722864743,0.701453722864743,0.607784636958677,0.607784636958677,0.607784636958677,0.607784636958677
0.699324880003241,0.699324880003241,0.699324880003241,0.699324880003241,0.699324880003241,0.699324880003241,0.699324880003241,0.699324880003241,0.718484465756754,0.718484465756754,0.718484465756754,0.718484465756754,0.686551822834232,0.686551822834232,0.686551822834232,0.686551822834232,0.580109679759157,0.580109679759157,0.580109679759157,0.580109679759157
0.837699666000838,0.863245780338856,0.848343880308346,0.805767023078316,0.837699666000838,0.863245780338856,0.848343880308346,0.805767023078316,0.810024708801319,0.89730726612288,0.873889994646364,0.831313137416334,0.767447851571289,0.81215355166282,0.824926608831829,0.820668923108826,0.695067194280238,0.782349751601799,0.805767023078316,0.824926608831829
0.856859251754352,0.878147680369367,0.867503466061859,0.803638180216814,0.856859251754352,0.878147680369367,0.867503466061859,0.803638180216814,0.846215037446844,0.895178423261378,0.884534208953871,0.831313137416334,0.79725165163231,0.850472723169847,0.867503466061859,0.829184294554832,0.733386365787265,0.790865123047805,0.816411237385823,0.816411237385823
0.886663051815373,0.910080323291889,0.895178423261378,0.820668923108826,0.886663051815373,0.910080323291889,0.895178423261378,0.820668923108826,0.858988094615853,0.922853380460898,0.920724537599396,0.844086194585343,0.810024708801319,0.878147680369367,0.895178423261378,0.846215037446844,0.767447851571289,0.824926608831829,0.85473040889285,0.833441980277835
0.837229995781841,0.837229995781841,0.837229995781841,0.837229995781841,0.83073984077578,0.83073984077578,0.83073984077578,0.83073984077578,0.865077373501596,0.865077373501596,0.865077373501596,0.865077373501596,0.797730994761628,0.797730994761628,0.797730994761628,0.797730994761628,0.720551123414412,0.720551123414412,0.720551123414412,0.720551123414412
0.83145695433632,0.83145695433632,0.83145695433632,0.83145695433632,0.83145695433632,0.83145695433632,0.83145695433632,0.83145695433632,0.858411502893997,0.858411502893997,0.858411502893997,0.858411502893997,0.74778143419,0.74778143419,0.74778143419,0.74778143419,0.701957104643733,0.701957104643733,0.701957104643733,0.701957104643733
0.806346215654885,0.806346215654885,0.806346215654885,0.806346215654885,0.806346215654885,0.806346215654885,0.806346215654885,0.806346215654885,0.823279066639207,0.823279066639207,0.823279066639207,0.823279066639207,0.747277489638609,0.747277489638609,0.747277489638609,0.747277489638609,0.717369409274358,0.717369409274358,0.717369409274358,0.717369409274358
0.846423307965903,0.853274615620158,0.850469117115821,0.847352932966537,0.846423307965903,0.848602003739303,0.850469117115821,0.847352932966537,0.835529829098903,0.899102664029425,0.877756704758367,0.856725238741781,0.79596284605932,0.840121672470378,0.845278906083762,0.831925583084037,0.753503013949843,0.833168530843219,0.820976635711488,0.849285284322559
0.780211388450744,0.814464940048767,0.846952384795775,0.820412533746447,0.780211388450744,0.814464940048767,0.846952384795775,0.820412533746447,0.782363699818362,0.888227113045495,0.862825655729029,0.818146200780297,0.783408890742564,0.845674486060684,0.857970059919651,0.825225875607007,0.757761575867064,0.81014313850542,0.81508001623659,0.834703520493566
0.83299975998712,0.844269493413926,0.789509264582308,0.783158281950012,0.83299975998712,0.844269493413926,0.789509264582308,0.783158281950012,0.753161656149301,0.843044504333023,0.812020932364944,0.811465207803627,0.788207550243813,0.821730116653506,0.803123211309858,0.80024839464498,0.760817307692308,0.810050295858129,0.83415025959226,0.822759801256486
0.840926820199126,0.840926820199126,0.840926820199126,0.840926820199126,0.845255915798607,0.845255915798607,0.845255915798607,0.845255915798607,0.81590439820883,0.81590439820883,0.81590439820883,0.81590439820883,0.649235396162723,0.649235396162723,0.649235396162723,0.649235396162723,0.6573689586318,0.6573689586318,0.6573689586318,0.6573689586318
