0.544340361858795,0.544340361858795,0.544340361858795,0.544340361858795,0.544340361858795,0.544340361858795,0.544340361858795,0.544340361858795,0.721012233690158,0.721012233690158,0.721012233690158,0.721012233690158,0.72177038379637,0.72177038379637,0.72177038379637,0.72177038379637,0.677577491278607,0.677577491278607,0.677577491278607,0.677577491278607
0.866572655279043,0.884079173567508,0.892832432711741,0.840312877846344,0.866572655279043,0.884079173567508,0.892832432711741,0.840312877846344,0.849066136990577,0.884079173567508,0.892832432711741,0.85781939613481,0.892832432711741,0.892832432711741,0.892832432711741,0.85781939613481,0.892832432711741,0.892832432711741,0.892832432711741,0.85781939613481
0.633401396458225,0.633401396458225,0.633401396458225,0.633401396458225,0.633401396458225,0.633401396458225,0.633401396458225,0.633401396458225,0.721012233690158,0.721012233690158,0.721012233690158,0.721012233690158,0.73193672045282,0.73193672045282,0.73193672045282,0.73193672045282,0.700697941707045,0.700697941707045,0.700697941707045,0.700697941707045
0.666681286389405,0.666681286389405,0.666681286389405,0.666681286389405,0.666681286389405,0.666681286389405,0.666681286389405,0.666681286389405,0.772643874954609,0.772643874954609,0.772643874954609,0.772643874954609,0.433347922576016,0.433347922576016,0.433347922576016,0.433347922576016,0.433347922576016,0.433347922576016,0.433347922576016,0.433347922576016
0.68345818976726,0.631712932922509,0.81865259031311,0.843035403661915,0.68345818976726,0.631712932922509,0.81865259031311,0.843035403661915,0.701555279140905,0.701555279140905,0.701555279140905,0.773619461332638,0.787224133596243,0.787224133596243,0.787224133596243,0.787224133596243,0.710887247914183,0.710887247914183,0.710887247914183,0.710887247914183
0.659118145940688,0.59822964825005,0.779279279279279,0.791972270486838,0.659118145940688,0.59822964825005,0.779279279279279,0.791972270486838,0.517018765901883,0.517018765901883,0.517018765901883,0.730027755268148,0.706588805916886,0.706588805916886,0.706588805916886,0.706588805916886,0.719563411275288,0.719563411275288,0.719563411275288,0.719563411275288
0.668200466649143,0.638657863334626,0.800955526248311,0.83631199822179,0.668200466649143,0.638657863334626,0.800955526248311,0.83631199822179,0.623948780116088,0.623948780116088,0.623948780116088,0.806198692555209,0.705532929297241,0.705532929297241,0.705532929297241,0.705532929297241,0.687671336150475,0.687671336150475,0.687671336150475,0.687671336150475
0.583355777431506,0.61981764499204,0.714939787378462,0.75002885669765,0.583355777431506,0.61981764499204,0.714939787378462,0.75002885669765,0.644761648740085,0.644761648740085,0.644761648740085,0.688622985389071,0.662306183399679,0.662306183399679,0.662306183399679,0.662306183399679,0.659395324140114,0.659395324140114,0.659395324140114,0.659395324140114
0.754044480446171,0.754044480446171,0.826288263003888,0.808227317364458,0.754044480446171,0.754044480446171,0.826288263003888,0.808227317364458,0.716487753457588,0.716487753457588,0.716487753457588,0.763074953265885,0.825445926880182,0.825445926880182,0.825445926880182,0.825445926880182,0.785284785655906,0.785284785655906,0.785284785655906,0.785284785655906
0.693171933530706,0.728492796385774,0.79913452209591,0.816794953523444,0.693171933530706,0.728492796385774,0.79913452209591,0.816794953523444,0.754983443527075,0.754983443527075,0.754983443527075,0.790304306382143,0.46268008556646,0.46268008556646,0.46268008556646,0.46268008556646,0.46268008556646,0.46268008556646,0.46268008556646,0.46268008556646
0.656494435817457,0.682754213250155,0.735273768115551,0.665247694961689,0.656494435817457,0.682754213250155,0.735273768115551,0.665247694961689,0.638987917528991,0.638987917528991,0.638987917528991,0.726520508971319,0.665247694961689,0.665247694961689,0.665247694961689,0.665247694961689,0.671214161448081,0.671214161448081,0.671214161448081,0.671214161448081
0.592128044761303,0.671078450729476,0.767573391357244,0.767573391357244,0.592128044761303,0.671078450729476,0.767573391357244,0.767573391357244,0.635989381410288,0.635989381410288,0.635989381410288,0.706167520048665,0.597438716502788,0.597438716502788,0.597438716502788,0.597438716502788,0.608503336427097,0.608503336427097,0.608503336427097,0.608503336427097
0.60397488095206,0.60397488095206,0.60397488095206,0.60397488095206,0.60397488095206,0.60397488095206,0.60397488095206,0.60397488095206,0.665247694961689,0.665247694961689,0.665247694961689,0.665247694961689,0.630234658384758,0.630234658384758,0.630234658384758,0.630234658384758,0.635887100319235,0.635887100319235,0.635887100319235,0.635887100319235
0.577715103519362,0.577715103519362,0.577715103519362,0.577715103519362,0.577715103519362,0.577715103519362,0.577715103519362,0.577715103519362,0.647741176673224,0.647741176673224,0.647741176673224,0.647741176673224,0.630234658384758,0.630234658384758,0.630234658384758,0.630234658384758,0.635887100319235,0.635887100319235,0.635887100319235,0.635887100319235
0.577715103519362,0.577715103519362,0.577715103519362,0.577715103519362,0.577715103519362,0.577715103519362,0.577715103519362,0.577715103519362,0.647741176673224,0.647741176673224,0.647741176673224,0.647741176673224,0.630234658384758,0.630234658384758,0.630234658384758,0.630234658384758,0.635887100319235,0.635887100319235,0.635887100319235,0.635887100319235
0.901585691855974,0.901585691855974,0.866572655279043,0.840312877846344,0.901585691855974,0.901585691855974,0.866572655279043,0.840312877846344,0.840312877846344,0.866572655279043,0.849066136990577,0.875325914423275,0.85781939613481,0.901585691855974,0.875325914423275,0.85781939613481,0.85781939613481,0.901585691855974,0.884079173567508,0.884079173567508
0.919092210144439,0.919092210144439,0.927845469288672,0.884079173567508,0.919092210144439,0.919092210144439,0.927845469288672,0.884079173567508,0.831559618702112,0.866572655279043,0.927845469288672,0.901585691855974,0.875325914423275,0.919092210144439,0.901585691855974,0.866572655279043,0.875325914423275,0.919092210144439,0.901585691855974,0.866572655279043
0.901585691855974,0.910338951000206,0.901585691855974,0.85781939613481,0.901585691855974,0.910338951000206,0.901585691855974,0.85781939613481,0.875325914423275,0.85781939613481,0.901585691855974,0.892832432711741,0.866572655279043,0.901585691855974,0.901585691855974,0.884079173567508,0.866572655279043,0.901585691855974,0.901585691855974,0.892832432711741
0.774283697219758,0.774283697219758,0.774283697219758,0.774283697219758,0.774283697219758,0.774283697219758,0.774283697219758,0.774283697219758,0.881698776602845,0.881698776602845,0.881698776602845,0.881698776602845,0.814318051467838,0.814318051467838,0.814318051467838,0.814318051467838,0.759751969415364,0.759751969415364,0.759751969415364,0.759751969415364
0.836942493526559,0.836942493526559,0.836942493526559,0.836942493526559,0.836942493526559,0.836942493526559,0.836942493526559,0.836942493526559,0.875934510793742,0.875934510793742,0.875934510793742,0.875934510793742,0.777923948608941,0.777923948608941,0.777923948608941,0.777923948608941,0.787718299577893,0.787718299577893,0.787718299577893,0.787718299577893
0.831714815984507,0.831714815984507,0.831714815984507,0.831714815984507,0.831714815984507,0.831714815984507,0.831714815984507,0.831714815984507,0.861203048350206,0.861203048350206,0.861203048350206,0.861203048350206,0.79948994197228,0.79948994197228,0.79948994197228,0.79948994197228,0.787981342504382,0.787981342504382,0.787981342504382,0.787981342504382
0.728896087898147,0.773340971306571,0.728896087898147,0.743891883228932,0.728896087898147,0.773340971306571,0.728896087898147,0.743891883228932,0.604450414354561,0.684451204489724,0.675562227808039,0.666673251126354,0.616972005563713,0.642698445135723,0.651750535912282,0.660740623158169,0.616972005563713,0.68795889901852,0.68853717305982,0.67890680824196
0.732630517210056,0.757240185418536,0.677061812844808,0.685970520908556,0.732630517210056,0.757240185418536,0.677061812844808,0.685970520908556,0.689053550019732,0.721605353163546,0.692178525462262,0.725291452815448,0.689977706208114,0.647212074079809,0.653213236702247,0.653213236702247,0.689977706208114,0.656301732583177,0.677880174588753,0.671484935630981
0.706979352873774,0.744461988588901,0.743891883228932,0.771370253236693,0.706979352873774,0.744461988588901,0.743891883228932,0.771370253236693,0.681856305155318,0.723243114537996,0.780339674785956,0.794674533257798,0.673800849906721,0.727242832885036,0.645778601502426,0.679638452648034,0.673800849906721,0.720112829013496,0.697264848107351,0.695189860648873
0.741889675841911,0.741889675841911,0.741889675841911,0.741889675841911,0.741889675841911,0.741889675841911,0.741889675841911,0.741889675841911,0.845893750141816,0.845893750141816,0.845893750141816,0.845893750141816,0.728171860923067,0.728171860923067,0.728171860923067,0.728171860923067,0.675852978927778,0.675852978927778,0.675852978927778,0.675852978927778
