0.679869268479038,0.679869268479038,0.679869268479038,0.679869268479038,0.679869268479038,0.679869268479038,0.679869268479038,0.679869268479038,0.752542811160023,0.752542811160023,0.752542811160023,0.752542811160023,0.368037369049289,0.368037369049289,0.368037369049289,0.368037369049289,0.157392694760791,0.157392694760791,0.157392694760791,0.157392694760791
0.958066105650504,0.958066105650504,0.958066105650504,0.895854020868004,0.958066105650504,0.958066105650504,0.958066105650504,0.895854020868004,0.958066105650504,0.958066105650504,0.958066105650504,0.895854020868004,0.790093476737754,0.808757102172504,0.740323808911753,0.771429851303003,0.802535893694254,0.808757102172504,0.777651059781253,0.771429851303003
0.728855475475711,0.728855475475711,0.728855475475711,0.728855475475711,0.728855475475711,0.728855475475711,0.728855475475711,0.728855475475711,0.741939344127337,0.741939344127337,0.741939344127337,0.741939344127337,0.367284189789341,0.367284189789341,0.367284189789341,0.367284189789341,0.261260185920986,0.261260185920986,0.261260185920986,0.261260185920986
0.655618514894507,0.655618514894507,0.655618514894507,0.655618514894507,0.655618514894507,0.655618514894507,0.655618514894507,0.655618514894507,0.642504990521655,0.642504990521655,0.642504990521655,0.642504990521655,0.549169647365276,0.549169647365276,0.549169647365276,0.549169647365276,0.554200700927392,0.554200700927392,0.554200700927392,0.554200700927392
0.832801732839225,0.832801732839225,0.832801732839225,0.832801732839225,0.832801732839225,0.832801732839225,0.832801732839225,0.832801732839225,0.832801732839225,0.832801732839225,0.832801732839225,0.832801732839225,0.76876084878055,0.76876084878055,0.76876084878055,0.76876084878055,0.763981466555062,0.763981466555062,0.763981466555062,0.763981466555062
0.787927999337792,0.787927999337792,0.787927999337792,0.787927999337792,0.787927999337792,0.787927999337792,0.787927999337792,0.787927999337792,0.80837272245142,0.80837272245142,0.80837272245142,0.80837272245142,0.563817105083169,0.563817105083169,0.563817105083169,0.563817105083169,0.589889572370252,0.589889572370252,0.589889572370252,0.589889572370252
0.848686017724459,0.848686017724459,0.848686017724459,0.848686017724459,0.848686017724459,0.848686017724459,0.848686017724459,0.848686017724459,0.848686017724459,0.848686017724459,0.848686017724459,0.848686017724459,0.695023539498723,0.695023539498723,0.695023539498723,0.695023539498723,0.702432760755514,0.702432760755514,0.702432760755514,0.702432760755514
0.682272787478654,0.682272787478654,0.682272787478654,0.682272787478654,0.682272787478654,0.682272787478654,0.682272787478654,0.682272787478654,0.694734390902921,0.694734390902921,0.694734390902921,0.694734390902921,0.345809495023427,0.345809495023427,0.345809495023427,0.345809495023427,0.246116667629286,0.246116667629286,0.246116667629286,0.246116667629286
0.729600933889793,0.729600933889793,0.729600933889793,0.729600933889793,0.729600933889793,0.729600933889793,0.729600933889793,0.729600933889793,0.729600933889793,0.729600933889793,0.729600933889793,0.729600933889793,0.664100567659192,0.664100567659192,0.664100567659192,0.664100567659192,0.682338984806767,0.682338984806767,0.682338984806767,0.682338984806767
0.684405077055875,0.684405077055875,0.684405077055875,0.684405077055875,0.684405077055875,0.684405077055875,0.684405077055875,0.684405077055875,0.684405077055875,0.684405077055875,0.684405077055875,0.684405077055875,0.584668235244944,0.584668235244944,0.584668235244944,0.584668235244944,0.507569127300556,0.507569127300556,0.507569127300556,0.507569127300556
0.609678430868503,0.609678430868503,0.609678430868503,0.609678430868503,0.609678430868503,0.609678430868503,0.609678430868503,0.609678430868503,0.597236013912003,0.597236013912003,0.597236013912003,0.597236013912003,0.461823994766579,0.461823994766579,0.461823994766579,0.461823994766579,0.33700669888372,0.33700669888372,0.33700669888372,0.33700669888372
0.671890515651003,0.671890515651003,0.671890515651003,0.671890515651003,0.671890515651003,0.671890515651003,0.671890515651003,0.671890515651003,0.671890515651003,0.671890515651003,0.671890515651003,0.671890515651003,0.330765834089577,0.330765834089577,0.330765834089577,0.330765834089577,0.268357186148148,0.268357186148148,0.268357186148148,0.268357186148148
0.696775349564003,0.696775349564003,0.696775349564003,0.696775349564003,0.696775349564003,0.696775349564003,0.696775349564003,0.696775349564003,0.709217766520503,0.709217766520503,0.709217766520503,0.709217766520503,0.360830091738502,0.360830091738502,0.360830091738502,0.360830091738502,0.280838915736433,0.280838915736433,0.280838915736433,0.280838915736433
0.696775349564003,0.696775349564003,0.696775349564003,0.696775349564003,0.696775349564003,0.696775349564003,0.696775349564003,0.696775349564003,0.721660183477003,0.721660183477003,0.721660183477003,0.721660183477003,0.304839215434251,0.304839215434251,0.304839215434251,0.304839215434251,0.192857462825751,0.192857462825751,0.192857462825751,0.192857462825751
0.702996558042253,0.702996558042253,0.702996558042253,0.702996558042253,0.702996558042253,0.702996558042253,0.702996558042253,0.702996558042253,0.727881391955253,0.727881391955253,0.727881391955253,0.727881391955253,0.298618006956001,0.298618006956001,0.298618006956001,0.298618006956001,0.174193837391001,0.174193837391001,0.174193837391001,0.174193837391001
0.765208642824753,0.752766225868253,0.752766225868253,0.740323808911753,0.765208642824753,0.752766225868253,0.752766225868253,0.740323808911753,0.758987434346503,0.765208642824753,0.752766225868253,0.740323808911753,0.584793596955503,0.628342056303253,0.640784473259753,0.628342056303253,0.572351179999003,0.628342056303253,0.628342056303253,0.653226890216253
0.846084353042004,0.833641936085504,0.833641936085504,0.827420727607254,0.846084353042004,0.833641936085504,0.833641936085504,0.827420727607254,0.846084353042004,0.833641936085504,0.833641936085504,0.827420727607254,0.622120847825003,0.647005681738003,0.622120847825003,0.653226890216253,0.634563264781503,0.653226890216253,0.647005681738003,0.665669307172753
0.883411603911504,0.877190395433254,0.864747978476754,0.852305561520254,0.883411603911504,0.877190395433254,0.864747978476754,0.852305561520254,0.883411603911504,0.877190395433254,0.864747978476754,0.852305561520254,0.628342056303253,0.653226890216253,0.615899639346753,0.640784473259753,0.640784473259753,0.653226890216253,0.640784473259753,0.659448098694503
0.750802553891893,0.750802553891893,0.750802553891893,0.750802553891893,0.750802553891893,0.750802553891893,0.750802553891893,0.750802553891893,0.750802553891893,0.750802553891893,0.750802553891893,0.750802553891893,0.59893748809845,0.59893748809845,0.59893748809845,0.59893748809845,0.578519164640549,0.578519164640549,0.578519164640549,0.578519164640549
0.686904464198966,0.686904464198966,0.686904464198966,0.686904464198966,0.686904464198966,0.686904464198966,0.686904464198966,0.686904464198966,0.710643996364586,0.710643996364586,0.710643996364586,0.710643996364586,0.576703079773465,0.576703079773465,0.576703079773465,0.576703079773465,0.592312402787188,0.592312402787188,0.592312402787188,0.592312402787188
0.691200884737699,0.691200884737699,0.691200884737699,0.691200884737699,0.691200884737699,0.691200884737699,0.691200884737699,0.691200884737699,0.691200884737699,0.691200884737699,0.691200884737699,0.691200884737699,0.581001511815663,0.581001511815663,0.581001511815663,0.581001511815663,0.594513174881143,0.594513174881143,0.594513174881143,0.594513174881143
0.747941706914952,0.761121296464114,0.761121296464114,0.747941706914952,0.747941706914952,0.761121296464114,0.761121296464114,0.747941706914952,0.741845910842703,0.761121296464114,0.761121296464114,0.747941706914952,0.672412644741829,0.64675302371478,0.660587312992101,0.64675302371478,0.674421602269423,0.64675302371478,0.660587312992101,0.626001589798797
0.666714398677787,0.704555623318075,0.737946885086704,0.711233875671801,0.666714398677787,0.704555623318075,0.737946885086704,0.711233875671801,0.693491659295248,0.705891325559363,0.737946885086704,0.711233875671801,0.637909669881831,0.689491461439861,0.700999637232782,0.70615411574599,0.644984670015815,0.686979644488126,0.69909257458853,0.71059834291251
0.592215420251541,0.620755922432338,0.682785443494613,0.682785443494613,0.592215420251541,0.620755922432338,0.682785443494613,0.682785443494613,0.592215420251541,0.620755922432338,0.671271227229389,0.671271227229389,0.561491520214444,0.678927655161256,0.68141003146879,0.686267413595431,0.561491520214444,0.661738653583968,0.68141003146879,0.67158789672708
0.733989439451425,0.733989439451425,0.733989439451425,0.733989439451425,0.733989439451425,0.733989439451425,0.733989439451425,0.733989439451425,0.727579051333946,0.727579051333946,0.727579051333946,0.727579051333946,0.752074776546683,0.752074776546683,0.752074776546683,0.752074776546683,0.738584646025666,0.738584646025666,0.738584646025666,0.738584646025666
