0.539462070494381,0.539462070494381,0.539462070494381,0.539462070494381,0.539462070494381,0.539462070494381,0.539462070494381,0.539462070494381,0.628970902033151,0.628970902033151,0.628970902033151,0.628970902033151,0.53412698063801,0.53412698063801,0.53412698063801,0.53412698063801,0.475145373294454,0.475145373294454,0.475145373294454,0.475145373294454
0.761202056899856,0.858792064194709,0.858792064194709,0.780720058358827,0.761202056899856,0.858792064194709,0.858792064194709,0.780720058358827,0.761202056899856,0.858792064194709,0.858792064194709,0.780720058358827,0.657375735133917,0.657375735133917,0.657375735133917,0.617534781489437,-0.219125245044639,-0.219125245044639,-0.219125245044639,-0.258966198689119
0.635356557138087,0.635356557138087,0.635356557138087,0.635356557138087,0.635356557138087,0.635356557138087,0.635356557138087,0.635356557138087,0.649437223665993,0.649437223665993,0.649437223665993,0.649437223665993,0.395919262637142,0.395919262637142,0.395919262637142,0.395919262637142,0.395919262637142,0.395919262637142,0.395919262637142,0.395919262637142
0.692349497065576,0.692349497065576,0.692349497065576,0.692349497065576,0.692349497065576,0.692349497065576,0.692349497065576,0.692349497065576,0.428597307707262,0.428597307707262,0.428597307707262,0.428597307707262,0.344862351021771,0.344862351021771,0.344862351021771,0.344862351021771,0.344862351021771,0.344862351021771,0.344862351021771,0.344862351021771
0.747512882968636,0.747512882968636,0.747512882968636,0.747512882968636,0.747512882968636,0.747512882968636,0.747512882968636,0.747512882968636,0.747512882968636,0.747512882968636,0.747512882968636,0.747512882968636,0.275599448801654,0.275599448801654,0.275599448801654,0.275599448801654,0.191264943157424,0.191264943157424,0.191264943157424,0.191264943157424
0.931229966077147,0.931229966077147,0.931229966077147,0.931229966077147,0.931229966077147,0.931229966077147,0.931229966077147,0.931229966077147,0.925584292127744,0.925584292127744,0.925584292127744,0.925584292127744,0.663430743090183,0.663430743090183,0.663430743090183,0.663430743090183,0.747997624348052,0.747997624348052,0.747997624348052,0.747997624348052
0.80812694118508,0.80812694118508,0.80812694118508,0.80812694118508,0.80812694118508,0.80812694118508,0.80812694118508,0.80812694118508,0.794270347309645,0.794270347309645,0.794270347309645,0.794270347309645,0.457989261186778,0.457989261186778,0.457989261186778,0.457989261186778,0.427062213260594,0.427062213260594,0.427062213260594,0.427062213260594
0.0294174202707276,0.0294174202707276,0.0294174202707276,0.0294174202707276,0.0294174202707276,0.0294174202707276,0.0294174202707276,0.0294174202707276,0.107863874326001,0.107863874326001,0.107863874326001,0.107863874326001,0.410328394125536,0.410328394125536,0.410328394125536,0.410328394125536,0.130104124966633,0.130104124966633,0.130104124966633,0.130104124966633
0.814162873187909,0.814162873187909,0.814162873187909,0.814162873187909,0.814162873187909,0.814162873187909,0.814162873187909,0.814162873187909,0.814162873187909,0.814162873187909,0.814162873187909,0.814162873187909,0.377590065316532,0.377590065316532,0.377590065316532,0.377590065316532,0.088998831897997,0.088998831897997,0.088998831897997,0.088998831897997
0.601044337410017,0.601044337410017,0.601044337410017,0.601044337410017,0.601044337410017,0.601044337410017,0.601044337410017,0.601044337410017,0.601044337410017,0.601044337410017,0.601044337410017,0.601044337410017,0.750349288653503,0.750349288653503,0.750349288653503,0.750349288653503,0.687371419837968,0.687371419837968,0.687371419837968,0.687371419837968
0.199027144675511,0.199027144675511,0.199027144675511,0.199027144675511,0.199027144675511,0.199027144675511,0.199027144675511,0.199027144675511,0.221175352349125,0.221175352349125,0.221175352349125,0.221175352349125,0.402597067769975,0.402597067769975,0.402597067769975,0.402597067769975,0.232429973993152,0.232429973993152,0.232429973993152,0.232429973993152
0.0686406472983644,0.0686406472983644,0.0686406472983644,0.0686406472983644,0.0686406472983644,0.0686406472983644,0.0686406472983644,0.0686406472983644,0.264756782436548,0.264756782436548,0.264756782436548,0.264756782436548,0.116312606970399,0.116312606970399,0.116312606970399,0.116312606970399,0.116312606970399,0.116312606970399,0.116312606970399,0.116312606970399
0.690138041413805,0.690138041413805,0.690138041413805,0.690138041413805,0.690138041413805,0.690138041413805,0.690138041413805,0.690138041413805,0.551479974888825,0.551479974888825,0.551479974888825,0.551479974888825,0.375871879451818,0.375871879451818,0.375871879451818,0.375871879451818,0.233650087226806,0.233650087226806,0.233650087226806,0.233650087226806
0.557386411433294,0.557386411433294,0.557386411433294,0.557386411433294,0.557386411433294,0.557386411433294,0.557386411433294,0.557386411433294,0.477759781228538,0.477759781228538,0.477759781228538,0.477759781228538,0.432428417856157,0.432428417856157,0.432428417856157,0.432428417856157,0.351976619185244,0.351976619185244,0.351976619185244,0.351976619185244
0.557386411433294,0.557386411433294,0.557386411433294,0.557386411433294,0.557386411433294,0.557386411433294,0.557386411433294,0.557386411433294,0.477759781228538,0.477759781228538,0.477759781228538,0.477759781228538,0.432428417856157,0.432428417856157,0.432428417856157,0.432428417856157,0.351976619185244,0.351976619185244,0.351976619185244,0.351976619185244
0.507468037933237,0.58554004376912,0.546504040851179,0.624576046687061,0.507468037933237,0.58554004376912,0.546504040851179,0.624576046687061,0.546504040851179,0.566022042310149,0.58554004376912,0.663612049605003,0.199204768222399,0.199204768222399,0.199204768222399,0.278886675511359,-0.159363814577919,-0.159363814577919,-0.159363814577919,-0.0398409536444798
0.507468037933237,0.683130051063973,0.702648052522944,0.741684055440885,0.507468037933237,0.683130051063973,0.702648052522944,0.741684055440885,0.546504040851179,0.683130051063973,0.702648052522944,0.741684055440885,0.298807152333598,0.298807152333598,0.298807152333598,0.338648105978078,-0.258966198689119,-0.258966198689119,-0.258966198689119,-0.219125245044639
0.507468037933237,0.663612049605003,0.663612049605003,0.702648052522944,0.507468037933237,0.663612049605003,0.663612049605003,0.702648052522944,0.566022042310149,0.644094048146032,0.663612049605003,0.683130051063973,0.378489059622558,0.378489059622558,0.378489059622558,0.298807152333598,-0.179284291400159,-0.179284291400159,-0.179284291400159,-0.258966198689119
0.358073322090464,0.358073322090464,0.358073322090464,0.358073322090464,0.358073322090464,0.358073322090464,0.358073322090464,0.358073322090464,0.42591770999996,0.42591770999996,0.42591770999996,0.42591770999996,0.606932736749943,0.606932736749943,0.606932736749943,0.606932736749943,0.62116168324736,0.62116168324736,0.62116168324736,0.62116168324736
0.513942033347501,0.513942033347501,0.513942033347501,0.513942033347501,0.513942033347501,0.513942033347501,0.513942033347501,0.513942033347501,0.558555568795391,0.558555568795391,0.558555568795391,0.558555568795391,0.650294001378471,0.650294001378471,0.650294001378471,0.650294001378471,0.667491239234977,0.667491239234977,0.667491239234977,0.667491239234977
0.659828879073858,0.659828879073858,0.659828879073858,0.659828879073858,0.659828879073858,0.659828879073858,0.659828879073858,0.659828879073858,0.659828879073858,0.659828879073858,0.659828879073858,0.659828879073858,0.635327476074573,0.635327476074573,0.635327476074573,0.635327476074573,0.65195034049214,0.65195034049214,0.65195034049214,0.65195034049214
0,0.0417482860723433,0.118817705157201,0.202113020863611,0,0.0417482860723433,0.118817705157201,0.202113020863611,0,0.0633300496381124,0.384014739640861,0.30969005213075,0.407045789205347,0.501820670566804,0.517195405377918,0.474975372285843,0.409596884562294,0.476018000977801,0.492045768945782,0.448308367261713
0.157683305597089,0.186310328381275,0.264756782436548,0.433629090391994,0.157683305597089,0.186310328381275,0.264756782436548,0.433629090391994,0.197104131996361,0.186310328381275,0.310248297997356,0.433629090391994,0.515133488575696,0.536159345252255,0.536159345252255,0.536159345252255,0.49029033784546,0.512081019527481,0.512081019527481,0.512081019527481
0.243909492494278,0.275892197886002,0.433544882392289,0.497666438779727,0.243909492494278,0.275892197886002,0.433544882392289,0.497666438779727,0.258786548165458,0.321807194683652,0.433544882392289,0.497666438779727,0.478128548623491,0.464808902827551,0.443681225426298,0.443681225426298,0.41862001677727,0.405079814356432,0.383183608175003,0.383183608175003
0.552826642288087,0.552826642288087,0.552826642288087,0.552826642288087,0.552826642288087,0.552826642288087,0.552826642288087,0.552826642288087,0.633237790257263,0.633237790257263,0.633237790257263,0.633237790257263,0.325702374530961,0.325702374530961,0.325702374530961,0.325702374530961,0.155747955821495,0.155747955821495,0.155747955821495,0.155747955821495
