0.67894256234927,0.67894256234927,0.67894256234927,0.67894256234927,0.67894256234927,0.67894256234927,0.67894256234927,0.67894256234927,0.726648665858851,0.726648665858851,0.726648665858851,0.726648665858851,0.716378470969028,0.716378470969028,0.716378470969028,0.716378470969028,0.619957036999128,0.619957036999128,0.619957036999128,0.619957036999128
0.906891682319983,0.944141577644342,0.952737707334579,0.91548781201022,0.906891682319983,0.944141577644342,0.952737707334579,0.91548781201022,0.87823791668586,0.949872330771167,0.952737707334579,0.921218565137044,0.81519963229079,0.904026305756571,0.883810402384811,0.852245745156782,0.683392310373826,0.72637295882501,0.723117601951209,0.720248087657752
0.69699361786911,0.69699361786911,0.69699361786911,0.69699361786911,0.69699361786911,0.69699361786911,0.69699361786911,0.69699361786911,0.737654154008137,0.737654154008137,0.737654154008137,0.737654154008137,0.611545435776501,0.611545435776501,0.611545435776501,0.611545435776501,0.518034833829366,0.518034833829366,0.518034833829366,0.518034833829366
0.631738982414727,0.631738982414727,0.631738982414727,0.631738982414727,0.631738982414727,0.631738982414727,0.631738982414727,0.631738982414727,0.654405541806608,0.654405541806608,0.654405541806608,0.654405541806608,0.557962897334531,0.557962897334531,0.557962897334531,0.557962897334531,0.481253386921114,0.481253386921114,0.481253386921114,0.481253386921114
0.826209935005156,0.799417855304855,0.799417855304855,0.799417855304855,0.826209935005156,0.799417855304855,0.799417855304855,0.799417855304855,0.771808864352603,0.771808864352603,0.771808864352603,0.771808864352603,0.770083585392705,0.770083585392705,0.770083585392705,0.770083585392705,0.716006835471827,0.716006835471827,0.716006835471827,0.716006835471827
0.836779183156087,0.783837090724419,0.783837090724419,0.783837090724419,0.836779183156087,0.783837090724419,0.783837090724419,0.783837090724419,0.8115094839853,0.8115094839853,0.8115094839853,0.8115094839853,0.793315281712937,0.793315281712937,0.793315281712937,0.793315281712937,0.729836067623231,0.729836067623231,0.729836067623231,0.729836067623231
0.837336681326885,0.785847280871256,0.785847280871256,0.785847280871256,0.837336681326885,0.785847280871256,0.785847280871256,0.785847280871256,0.792796522096265,0.792796522096265,0.792796522096265,0.792796522096265,0.7774769424902,0.7774769424902,0.7774769424902,0.7774769424902,0.752971404827398,0.752971404827398,0.752971404827398,0.752971404827398
0.742675419155111,0.759880255120094,0.759880255120094,0.759880255120094,0.742675419155111,0.759880255120094,0.759880255120094,0.759880255120094,0.808627290354213,0.808627290354213,0.808627290354213,0.808627290354213,0.723649603634503,0.723649603634503,0.723649603634503,0.723649603634503,0.674831971643287,0.674831971643287,0.674831971643287,0.674831971643287
0.865520200974328,0.87136831044037,0.87136831044037,0.87136831044037,0.865520200974328,0.87136831044037,0.87136831044037,0.87136831044037,0.87491079516165,0.87491079516165,0.87491079516165,0.87491079516165,0.806602543962142,0.806602543962142,0.806602543962142,0.806602543962142,0.767107880792621,0.767107880792621,0.767107880792621,0.767107880792621
0.788502268144265,0.788502268144265,0.788502268144265,0.788502268144265,0.788502268144265,0.788502268144265,0.788502268144265,0.788502268144265,0.790513354764143,0.790513354764143,0.790513354764143,0.790513354764143,0.761824559027504,0.761824559027504,0.761824559027504,0.761824559027504,0.717863510439042,0.717863510439042,0.717863510439042,0.717863510439042
0.724424482309707,0.710107792935997,0.710107792935997,0.710107792935997,0.724424482309707,0.710107792935997,0.710107792935997,0.710107792935997,0.75878453680661,0.75878453680661,0.75878453680661,0.75878453680661,0.596434313452753,0.596434313452753,0.596434313452753,0.596434313452753,0.498940242984515,0.498940242984515,0.498940242984515,0.498940242984515
0.707244455061255,0.735877833808675,0.735877833808675,0.735877833808675,0.707244455061255,0.735877833808675,0.735877833808675,0.735877833808675,0.761647874681352,0.761647874681352,0.761647874681352,0.761647874681352,0.718697806560223,0.718697806560223,0.718697806560223,0.718697806560223,0.673856075295178,0.673856075295178,0.673856075295178,0.673856075295178
0.652841035441159,0.652841035441159,0.652841035441159,0.652841035441159,0.652841035441159,0.652841035441159,0.652841035441159,0.652841035441159,0.655704373315901,0.655704373315901,0.655704373315901,0.655704373315901,0.60989096732003,0.60989096732003,0.60989096732003,0.60989096732003,0.503947465954579,0.503947465954579,0.503947465954579,0.503947465954579
0.658567711190643,0.658567711190643,0.658567711190643,0.658567711190643,0.658567711190643,0.658567711190643,0.658567711190643,0.658567711190643,0.667157724814868,0.667157724814868,0.667157724814868,0.667157724814868,0.658567711190643,0.658567711190643,0.658567711190643,0.658567711190643,0.518264155328288,0.518264155328288,0.518264155328288,0.518264155328288
0.672884400564352,0.672884400564352,0.672884400564352,0.672884400564352,0.672884400564352,0.672884400564352,0.672884400564352,0.672884400564352,0.710107792935997,0.710107792935997,0.710107792935997,0.710107792935997,0.664294386940127,0.664294386940127,0.664294386940127,0.664294386940127,0.541170858326224,0.541170858326224,0.541170858326224,0.541170858326224
0.775964564055062,0.796007929178255,0.796007929178255,0.787417915554029,0.775964564055062,0.796007929178255,0.796007929178255,0.787417915554029,0.770237888305578,0.793144591303513,0.804597942802481,0.790281253428771,0.618480980944256,0.681474414188578,0.704381117186514,0.724424482309707,0.498220790205095,0.561214223449417,0.575530912823127,0.584120926447353
0.836094659424642,0.853274686673094,0.856138024547835,0.807461280677223,0.836094659424642,0.853274686673094,0.856138024547835,0.807461280677223,0.810324618551965,0.850411348798352,0.859001362422577,0.821777970050932,0.727287820184449,0.796007929178255,0.798871267052997,0.816051294301449,0.627070994568481,0.647114359691675,0.655704373315901,0.690064427812804
0.841821335174126,0.856138024547835,0.856138024547835,0.824641307925674,0.841821335174126,0.856138024547835,0.856138024547835,0.824641307925674,0.807461280677223,0.853274686673094,0.853274686673094,0.830367983675158,0.761647874681352,0.816051294301449,0.821777970050932,0.844684673048868,0.67002106268961,0.672884400564352,0.67002106268961,0.710107792935997
0.812887215779943,0.812887215779943,0.812887215779943,0.812887215779943,0.812887215779943,0.812887215779943,0.812887215779943,0.812887215779943,0.845452519230281,0.845452519230281,0.845452519230281,0.845452519230281,0.818754748014302,0.818754748014302,0.818754748014302,0.818754748014302,0.785336186870861,0.785336186870861,0.785336186870861,0.785336186870861
0.826987473150453,0.826987473150453,0.826987473150453,0.826987473150453,0.826987473150453,0.826987473150453,0.826987473150453,0.826987473150453,0.826377132532903,0.826377132532903,0.826377132532903,0.826377132532903,0.7876258016034,0.7876258016034,0.7876258016034,0.7876258016034,0.766297443339478,0.766297443339478,0.766297443339478,0.766297443339478
0.804123711340206,0.804123711340206,0.804123711340206,0.804123711340206,0.804123711340206,0.804123711340206,0.804123711340206,0.804123711340206,0.803895247162339,0.803895247162339,0.803895247162339,0.803895247162339,0.763848603580861,0.763848603580861,0.763848603580861,0.763848603580861,0.747835693488412,0.747835693488412,0.747835693488412,0.747835693488412
0.826237423803545,0.846447639531333,0.849386693835261,0.835927087569939,0.826237423803545,0.846447639531333,0.849386693835261,0.835927087569939,0.831977898209006,0.857016068829969,0.854050615304606,0.836257894152427,0.77952870108989,0.812103971064944,0.811658811383656,0.809027819659395,0.744428640142865,0.802875516848297,0.787494759820552,0.796723214037199
0.792873269718509,0.802671506608261,0.824146730966578,0.789251775893428,0.792873269718509,0.802671506608261,0.824146730966578,0.789251775893428,0.826007807271779,0.833777772012347,0.843016689402861,0.807029962971357,0.752622857706706,0.792729810225083,0.793135482131738,0.794299572225529,0.730621843407838,0.777032190220626,0.783693393058741,0.782662533151945
0.682587773983883,0.748190105359191,0.759905372413017,0.743962732728265,0.682587773983883,0.748190105359191,0.759905372413017,0.743962732728265,0.686878974604291,0.700312181647285,0.764444680720653,0.739680813272744,0.648810333618008,0.703118728036672,0.713380840165615,0.713380840165615,0.619717479672479,0.68592756109201,0.69119233458194,0.696674028920518
0.851879376480014,0.851879376480014,0.851879376480014,0.851879376480014,0.851879376480014,0.851879376480014,0.851879376480014,0.851879376480014,0.815772885599697,0.815772885599697,0.815772885599697,0.815772885599697,0.72166145875331,0.72166145875331,0.72166145875331,0.72166145875331,0.718564199273682,0.718564199273682,0.718564199273682,0.718564199273682
