0.691054859024823,0.691054859024823,0.691054859024823,0.691054859024823,0.691054859024823,0.691054859024823,0.691054859024823,0.691054859024823,0.77746025264604,0.77746025264604,0.77746025264604,0.77746025264604,0.851776306207794,0.851776306207794,0.851776306207794,0.851776306207794,0.779773029163932,0.779773029163932,0.779773029163932,0.779773029163932
0.944083922300917,0.92274869241841,0.92274869241841,0.880078232653397,0.944083922300917,0.92274869241841,0.92274869241841,0.880078232653397,0.944083922300917,0.92274869241841,0.92274869241841,0.880078232653397,0.95475153724217,0.933416307359664,0.944083922300917,0.901413462535904,0.933416307359664,0.912081077477157,0.92274869241841,0.901413462535904
0.810279586569966,0.810279586569966,0.810279586569966,0.810279586569966,0.810279586569966,0.810279586569966,0.810279586569966,0.810279586569966,0.810279586569966,0.810279586569966,0.810279586569966,0.810279586569966,0.845100599250906,0.845100599250906,0.845100599250906,0.845100599250906,0.777492551310834,0.777492551310834,0.777492551310834,0.777492551310834
0.672691583476742,0.672691583476742,0.672691583476742,0.672691583476742,0.672691583476742,0.672691583476742,0.672691583476742,0.672691583476742,0.672691583476742,0.672691583476742,0.672691583476742,0.672691583476742,0.7123923941318,0.7123923941318,0.7123923941318,0.7123923941318,0.554347693791019,0.554347693791019,0.554347693791019,0.554347693791019
0.844840339383316,0.844840339383316,0.844840339383316,0.844840339383316,0.844840339383316,0.844840339383316,0.844840339383316,0.844840339383316,0.844840339383316,0.844840339383316,0.844840339383316,0.844840339383316,0.88545744889012,0.88545744889012,0.88545744889012,0.88545744889012,0.753031477786926,0.753031477786926,0.753031477786926,0.753031477786926
0.969954025101608,0.969954025101608,0.969954025101608,0.969954025101608,0.969954025101608,0.969954025101608,0.969954025101608,0.969954025101608,0.969954025101608,0.969954025101608,0.969954025101608,0.969954025101608,0.961806075714264,0.961806075714264,0.961806075714264,0.961806075714264,0.944664921429338,0.944664921429338,0.944664921429338,0.944664921429338
0.90822753228977,0.90822753228977,0.90822753228977,0.90822753228977,0.90822753228977,0.90822753228977,0.90822753228977,0.90822753228977,0.90822753228977,0.90822753228977,0.90822753228977,0.90822753228977,0.905311962595194,0.905311962595194,0.905311962595194,0.905311962595194,0.841850285616602,0.841850285616602,0.841850285616602,0.841850285616602
0.880078232653397,0.880078232653397,0.880078232653397,0.880078232653397,0.880078232653397,0.880078232653397,0.880078232653397,0.880078232653397,0.880078232653397,0.880078232653397,0.880078232653397,0.880078232653397,0.858743002770891,0.858743002770891,0.858743002770891,0.858743002770891,0.720064008534598,0.720064008534598,0.720064008534598,0.720064008534598
0.892589227447859,0.892589227447859,0.892589227447859,0.892589227447859,0.892589227447859,0.892589227447859,0.892589227447859,0.892589227447859,0.892589227447859,0.892589227447859,0.892589227447859,0.892589227447859,0.854949922675962,0.854949922675962,0.854949922675962,0.854949922675962,0.847450153914378,0.847450153914378,0.847450153914378,0.847450153914378
0.868710760318512,0.868710760318512,0.868710760318512,0.868710760318512,0.868710760318512,0.868710760318512,0.868710760318512,0.868710760318512,0.868710760318512,0.868710760318512,0.868710760318512,0.868710760318512,0.850316013631005,0.850316013631005,0.850316013631005,0.850316013631005,0.761462518303881,0.761462518303881,0.761462518303881,0.761462518303881
0.517379324650785,0.517379324650785,0.517379324650785,0.517379324650785,0.517379324650785,0.517379324650785,0.517379324650785,0.517379324650785,0.517379324650785,0.517379324650785,0.517379324650785,0.517379324650785,0.602720244180811,0.602720244180811,0.602720244180811,0.602720244180811,0.528046939592038,0.528046939592038,0.528046939592038,0.528046939592038
0.912081077477157,0.912081077477157,0.912081077477157,0.912081077477157,0.912081077477157,0.912081077477157,0.912081077477157,0.912081077477157,0.912081077477157,0.912081077477157,0.912081077477157,0.912081077477157,0.880078232653397,0.880078232653397,0.880078232653397,0.880078232653397,0.762734468299611,0.762734468299611,0.762734468299611,0.762734468299611
0.702475985195834,0.702475985195834,0.702475985195834,0.702475985195834,0.702475985195834,0.702475985195834,0.702475985195834,0.702475985195834,0.72392563359876,0.72392563359876,0.72392563359876,0.72392563359876,0.791489119606218,0.791489119606218,0.791489119606218,0.791489119606218,0.727314326124633,0.727314326124633,0.727314326124633,0.727314326124633
0.766824930404613,0.766824930404613,0.766824930404613,0.766824930404613,0.766824930404613,0.766824930404613,0.766824930404613,0.766824930404613,0.759401722865426,0.759401722865426,0.759401722865426,0.759401722865426,0.802184918519816,0.802184918519816,0.802184918519816,0.802184918519816,0.73801012503823,0.73801012503823,0.73801012503823,0.73801012503823
0.798999403009002,0.798999403009002,0.798999403009002,0.798999403009002,0.798999403009002,0.798999403009002,0.798999403009002,0.798999403009002,0.798999403009002,0.798999403009002,0.798999403009002,0.798999403009002,0.812880717433413,0.812880717433413,0.812880717433413,0.812880717433413,0.770097521779023,0.770097521779023,0.770097521779023,0.770097521779023
0.773402083240864,0.762734468299611,0.677393548769584,0.656058318887078,0.773402083240864,0.762734468299611,0.677393548769584,0.656058318887078,0.773402083240864,0.762734468299611,0.677393548769584,0.656058318887078,0.816072543005877,0.848075387829637,0.816072543005877,0.741399238417104,0.794737313123371,0.805404928064624,0.816072543005877,0.805404928064624
0.869410617712144,0.869410617712144,0.805404928064624,0.794737313123371,0.869410617712144,0.869410617712144,0.805404928064624,0.794737313123371,0.869410617712144,0.869410617712144,0.805404928064624,0.794737313123371,0.901413462535904,0.880078232653397,0.880078232653397,0.816072543005877,0.901413462535904,0.901413462535904,0.880078232653397,0.837407772888384
0.912081077477157,0.912081077477157,0.848075387829637,0.826740157947131,0.912081077477157,0.912081077477157,0.848075387829637,0.826740157947131,0.912081077477157,0.912081077477157,0.848075387829637,0.826740157947131,0.901413462535904,0.901413462535904,0.901413462535904,0.858743002770891,0.901413462535904,0.880078232653397,0.901413462535904,0.858743002770891
0.860326966214804,0.860326966214804,0.860326966214804,0.860326966214804,0.860326966214804,0.860326966214804,0.860326966214804,0.860326966214804,0.860326966214804,0.860326966214804,0.860326966214804,0.860326966214804,0.844195835598276,0.844195835598276,0.844195835598276,0.844195835598276,0.803710791131701,0.803710791131701,0.803710791131701,0.803710791131701
0.796891368272416,0.796891368272416,0.796891368272416,0.796891368272416,0.796891368272416,0.796891368272416,0.796891368272416,0.796891368272416,0.796891368272416,0.796891368272416,0.796891368272416,0.796891368272416,0.679306977737965,0.679306977737965,0.679306977737965,0.679306977737965,0.679760817201165,0.679760817201165,0.679760817201165,0.679760817201165
0.791507538695747,0.791507538695747,0.791507538695747,0.791507538695747,0.791507538695747,0.791507538695747,0.791507538695747,0.791507538695747,0.791507538695747,0.791507538695747,0.791507538695747,0.791507538695747,0.716018060522257,0.716018060522257,0.716018060522257,0.716018060522257,0.661460795553635,0.661460795553635,0.661460795553635,0.661460795553635
0.834272315260608,0.860326966214804,0.860326966214804,0.877055510914999,0.834272315260608,0.860326966214804,0.860326966214804,0.877055510914999,0.834272315260608,0.860326966214804,0.860326966214804,0.877055510914999,0.854949922675962,0.854949922675962,0.854949922675962,0.833441748520591,0.803710791131701,0.803710791131701,0.803710791131701,0.781841109740362
0.830086785827221,0.868350745601962,0.891997560318948,0.874655203858212,0.830086785827221,0.868350745601962,0.891997560318948,0.874655203858212,0.830086785827221,0.868350745601962,0.891997560318948,0.874655203858212,0.801123591103746,0.823532642603151,0.823532642603151,0.801123591103746,0.773896339228439,0.808291732083037,0.808291732083037,0.796826601131504
0.743543638838463,0.789654872254802,0.815533361899912,0.773642144332691,0.743543638838463,0.789654872254802,0.815533361899912,0.773642144332691,0.743543638838463,0.789654872254802,0.815533361899912,0.773642144332691,0.803317470102442,0.89518343564805,0.885422004151433,0.779372826883304,0.851276722048857,0.89518343564805,0.870657862068651,0.79097699037528
0.774294269593324,0.774294269593324,0.774294269593324,0.774294269593324,0.774294269593324,0.774294269593324,0.774294269593324,0.774294269593324,0.774294269593324,0.774294269593324,0.774294269593324,0.774294269593324,0.822687661442906,0.822687661442906,0.822687661442906,0.822687661442906,0.650623021392329,0.650623021392329,0.650623021392329,0.650623021392329
