0.751248226425348,0.751248226425348,0.751248226425348,0.751248226425348,0.751248226425348,0.751248226425348,0.751248226425348,0.751248226425348,0.751248226425348,0.751248226425348,0.751248226425348,0.751248226425348,0.594942206400108,0.594942206400108,0.594942206400108,0.594942206400108,0.594942206400108,0.594942206400108,0.594942206400108,0.594942206400108
0.97054189345518,0.97054189345518,0.97054189345518,0.835509977844025,0.97054189345518,0.97054189345518,0.97054189345518,0.835509977844025,0.97054189345518,0.97054189345518,0.97054189345518,0.835509977844025,0.903025935649603,0.936783914552392,0.936783914552392,0.886146946198208,0.903025935649603,0.936783914552392,0.936783914552392,0.886146946198208
0.658085089765602,0.658085089765602,0.658085089765602,0.658085089765602,0.658085089765602,0.658085089765602,0.658085089765602,0.658085089765602,0.658085089765602,0.658085089765602,0.658085089765602,0.658085089765602,0.412759458244594,0.412759458244594,0.412759458244594,0.412759458244594,0.412759458244594,0.412759458244594,0.412759458244594,0.412759458244594
0.609557910752413,0.609557910752413,0.609557910752413,0.609557910752413,0.609557910752413,0.609557910752413,0.609557910752413,0.609557910752413,0.609557910752413,0.609557910752413,0.609557910752413,0.609557910752413,0.564218177370674,0.564218177370674,0.564218177370674,0.564218177370674,0.564218177370674,0.564218177370674,0.564218177370674,0.564218177370674
0.764985081326241,0.764985081326241,0.764985081326241,0.764985081326241,0.764985081326241,0.764985081326241,0.764985081326241,0.764985081326241,0.776328551164187,0.776328551164187,0.776328551164187,0.776328551164187,0.730296743340221,0.730296743340221,0.730296743340221,0.730296743340221,0.730296743340221,0.730296743340221,0.730296743340221,0.730296743340221
0.933929767066101,0.933929767066101,0.933929767066101,0.933929767066101,0.933929767066101,0.933929767066101,0.933929767066101,0.933929767066101,0.968975023830508,0.968975023830508,0.968975023830508,0.968975023830508,0.820119406827744,0.820119406827744,0.820119406827744,0.820119406827744,0.820119406827744,0.820119406827744,0.820119406827744,0.820119406827744
0.796544260302395,0.796544260302395,0.796544260302395,0.796544260302395,0.796544260302395,0.796544260302395,0.796544260302395,0.796544260302395,0.846020232022623,0.846020232022623,0.846020232022623,0.846020232022623,0.754502086819366,0.754502086819366,0.754502086819366,0.754502086819366,0.754502086819366,0.754502086819366,0.754502086819366,0.754502086819366
0.751115030587053,0.751115030587053,0.751115030587053,0.751115030587053,0.751115030587053,0.751115030587053,0.751115030587053,0.751115030587053,0.717357051684264,0.717357051684264,0.717357051684264,0.717357051684264,0.621417267453886,0.621417267453886,0.621417267453886,0.621417267453886,0.621417267453886,0.621417267453886,0.621417267453886,0.621417267453886
0.678739980175001,0.678739980175001,0.678739980175001,0.678739980175001,0.678739980175001,0.678739980175001,0.678739980175001,0.678739980175001,0.787338377003001,0.787338377003001,0.787338377003001,0.787338377003001,0.729635273522074,0.729635273522074,0.729635273522074,0.729635273522074,0.729635273522074,0.729635273522074,0.729635273522074,0.729635273522074
0.898687134346625,0.898687134346625,0.898687134346625,0.898687134346625,0.898687134346625,0.898687134346625,0.898687134346625,0.898687134346625,0.933929767066101,0.933929767066101,0.933929767066101,0.933929767066101,0.851105778427762,0.851105778427762,0.851105778427762,0.851105778427762,0.851105778427762,0.851105778427762,0.851105778427762,0.851105778427762
0.683760683760684,0.683760683760684,0.683760683760684,0.683760683760684,0.683760683760684,0.683760683760684,0.683760683760684,0.683760683760684,0.717948717948718,0.717948717948718,0.717948717948718,0.717948717948718,0.728322408314841,0.728322408314841,0.728322408314841,0.728322408314841,0.728322408314841,0.728322408314841,0.728322408314841,0.728322408314841
0.689757700500647,0.689757700500647,0.689757700500647,0.689757700500647,0.689757700500647,0.689757700500647,0.689757700500647,0.689757700500647,0.72424558552568,0.72424558552568,0.72424558552568,0.72424558552568,0.594916016681808,0.594916016681808,0.594916016681808,0.594916016681808,0.594916016681808,0.594916016681808,0.594916016681808,0.594916016681808
0.700880301450142,0.700880301450142,0.700880301450142,0.700880301450142,0.700880301450142,0.700880301450142,0.700880301450142,0.700880301450142,0.700880301450142,0.700880301450142,0.700880301450142,0.700880301450142,0.686752206027341,0.686752206027341,0.686752206027341,0.686752206027341,0.686752206027341,0.686752206027341,0.686752206027341,0.686752206027341
0.784873009489842,0.784873009489842,0.784873009489842,0.784873009489842,0.784873009489842,0.784873009489842,0.784873009489842,0.784873009489842,0.784873009489842,0.784873009489842,0.784873009489842,0.784873009489842,0.672492659299411,0.672492659299411,0.672492659299411,0.672492659299411,0.672492659299411,0.672492659299411,0.672492659299411,0.672492659299411
0.771214134874397,0.771214134874397,0.771214134874397,0.771214134874397,0.771214134874397,0.771214134874397,0.771214134874397,0.771214134874397,0.771214134874397,0.771214134874397,0.771214134874397,0.771214134874397,0.641119317139107,0.641119317139107,0.641119317139107,0.641119317139107,0.641119317139107,0.641119317139107,0.641119317139107,0.641119317139107
0.81863098839263,0.81863098839263,0.801751998941236,0.801751998941236,0.81863098839263,0.81863098839263,0.801751998941236,0.801751998941236,0.81863098839263,0.81863098839263,0.801751998941236,0.801751998941236,0.767994020038447,0.767994020038447,0.767994020038447,0.751115030587053,0.767994020038447,0.767994020038447,0.767994020038447,0.751115030587053
0.886146946198208,0.886146946198208,0.886146946198208,0.886146946198208,0.886146946198208,0.886146946198208,0.886146946198208,0.886146946198208,0.852388967295419,0.886146946198208,0.886146946198208,0.81863098839263,0.886146946198208,0.886146946198208,0.886146946198208,0.852388967295419,0.886146946198208,0.886146946198208,0.886146946198208,0.852388967295419
0.936783914552392,0.936783914552392,0.903025935649603,0.903025935649603,0.936783914552392,0.936783914552392,0.903025935649603,0.903025935649603,0.936783914552392,0.936783914552392,0.903025935649603,0.903025935649603,0.936783914552392,0.869267956746814,0.835509977844025,0.869267956746814,0.936783914552392,0.869267956746814,0.835509977844025,0.869267956746814
0.607582782052574,0.607582782052574,0.607582782052574,0.607582782052574,0.607582782052574,0.607582782052574,0.607582782052574,0.607582782052574,0.700468267238486,0.700468267238486,0.700468267238486,0.700468267238486,0.474529650705383,0.474529650705383,0.474529650705383,0.474529650705383,0.474529650705383,0.474529650705383,0.474529650705383,0.474529650705383
0.581818181818182,0.581818181818182,0.581818181818182,0.581818181818182,0.581818181818182,0.581818181818182,0.581818181818182,0.581818181818182,0.606341048956334,0.606341048956334,0.606341048956334,0.606341048956334,0.509745191090764,0.509745191090764,0.509745191090764,0.509745191090764,0.509745191090764,0.509745191090764,0.509745191090764,0.509745191090764
0.65457250355489,0.65457250355489,0.65457250355489,0.65457250355489,0.65457250355489,0.65457250355489,0.65457250355489,0.65457250355489,0.690937642641273,0.690937642641273,0.690937642641273,0.690937642641273,0.682770844287491,0.682770844287491,0.682770844287491,0.682770844287491,0.682770844287491,0.682770844287491,0.682770844287491,0.682770844287491
0.570141583347001,0.666673616866746,0.678739980175001,0.660640247370334,0.570141583347001,0.666673616866746,0.678739980175001,0.660640247370334,0.642540514565668,0.666673616866746,0.684938647465835,0.660640247370334,0.549725206078275,0.549725206078275,0.549725206078275,0.549725206078275,0.549725206078275,0.549725206078275,0.549725206078275,0.549725206078275
0.623853211009174,0.745485351270847,0.745485351270847,0.745485351270847,0.623853211009174,0.745485351270847,0.745485351270847,0.745485351270847,0.709120212184464,0.745485351270847,0.745485351270847,0.752293577981651,0.62252635802683,0.62252635802683,0.662689348867271,0.662689348867271,0.62252635802683,0.62252635802683,0.662689348867271,0.662689348867271
0.624440781761001,0.714939445784334,0.769238644198334,0.763636363636364,0.624440781761001,0.714939445784334,0.769238644198334,0.763636363636364,0.696839712979668,0.709090909090909,0.714939445784334,0.733039178589001,0.677147776588021,0.689655258534563,0.689655258534563,0.689655258534563,0.677147776588021,0.689655258534563,0.689655258534563,0.689655258534563
0.511463516061112,0.511463516061112,0.511463516061112,0.511463516061112,0.511463516061112,0.511463516061112,0.511463516061112,0.511463516061112,0.50691782497522,0.50691782497522,0.50691782497522,0.50691782497522,0.400047345682831,0.400047345682831,0.400047345682831,0.400047345682831,0.400047345682831,0.400047345682831,0.400047345682831,0.400047345682831
